Crime ID,Month,Reported by,Falls within,Longitude,Latitude,Location,LSOA code,LSOA name,Crime type,Last outcome category,Context
55699b086a9e6fa72cdff7180537ce94033148285d8cf8595cfd3f1a196fdd43,2024-09,South Wales Police,South Wales Police,-3.172182,51.787324,On or near Market Road,W01001468,Blaenau Gwent 005E,Violence and sexual offences,Further investigation is not in the public interest,
,2024-09,South Wales Police,South Wales Police,-3.238491,51.769129,On or near Kimberley Terrace,W01001463,Blaenau Gwent 006B,Anti-social behaviour,,
98d3ac5d5574179b4e34600f6c0986f45ccac543ba2e868d92ecd515ccc24586,2024-09,South Wales Police,South Wales Police,-3.249845,51.775123,On or near West Hill,W01001479,Blaenau Gwent 006D,Violence and sexual offences,Under investigation,
,2024-09,South Wales Police,South Wales Police,-3.658828,51.634723,On or near Tudor Estate,W01000991,Bridgend 001A,Anti-social behaviour,,
,2024-09,South Wales Police,South Wales Police,-3.658828,51.634723,On or near Tudor Estate,W01000991,Bridgend 001A,Anti-social behaviour,,
f4141abb83e0833dca80b5cfd3f00d5b3bbbbf3be330a30857d30e7560a2fe9c,2024-09,South Wales Police,South Wales Police,-3.658828,51.634723,On or near Tudor Estate,W01000991,Bridgend 001A,Other theft,Unable to prosecute suspect,
45d633fc3a048700a4745931b7a7b4aae793616e26091b305f1acb90b5df112c,2024-09,South Wales Police,South Wales Police,-3.658367,51.639127,On or near Hartshorn Terrace,W01000991,Bridgend 001A,Public order,Under investigation,
d95df78d7211bcb8f1c3f4f7c7e2b504310d817d824aee100802283c3f154830,2024-09,South Wales Police,South Wales Police,-3.658828,51.634723,On or near Tudor Estate,W01000991,Bridgend 001A,Public order,Under investigation,
f4a69b78609a4fc770a391444ae7e31989a2cbb6a1c8132edcc036f438d63cf0,2024-09,South Wales Police,South Wales Police,-3.658103,51.640605,On or near Maes-Yr-Awel,W01000991,Bridgend 001A,Public order,Unable to prosecute suspect,
06e03a1006dafeaed7bc7e0cee7af08575e812113ce2f695fb0d827625f1dd89,2024-09,South Wales Police,South Wales Police,-3.657501,51.638347,On or near Rathbone Terrace,W01000991,Bridgend 001A,Vehicle crime,Unable to prosecute suspect,
42da9b772a44aba9cfb946e99a6ff4a5a61f398022ba6e7da1745d6c8a16d01a,2024-09,South Wales Police,South Wales Police,-3.658828,51.634723,On or near Tudor Estate,W01000991,Bridgend 001A,Violence and sexual offences,Unable to prosecute suspect,
2dbb59bdc0ab5d4dd2ac19a1163b97c8b75b56e57784cd5842713dee9166ce85,2024-09,South Wales Police,South Wales Police,-3.658828,51.634723,On or near Tudor Estate,W01000991,Bridgend 001A,Violence and sexual offences,Unable to prosecute suspect,
,2024-09,South Wales Police,South Wales Police,-3.655943,51.636058,On or near Dan-Y-Bryn,W01000992,Bridgend 001B,Anti-social behaviour,,
,2024-09,South Wales Police,South Wales Police,-3.655943,51.636058,On or near Dan-Y-Bryn,W01000992,Bridgend 001B,Anti-social behaviour,,
,2024-09,South Wales Police,South Wales Police,-3.649718,51.638520,On or near Alexandra Road,W01000992,Bridgend 001B,Anti-social behaviour,,
71587f36162099804ea100b3456e61b880719fda6e87a956be496a4705eb99d1,2024-09,South Wales Police,South Wales Police,-3.655943,51.636058,On or near Dan-Y-Bryn,W01000992,Bridgend 001B,Burglary,Under investigation,
61cf66d31436b3c606e5738e21a6a82e67e2fd48e277f106593e24dd3dbf6194,2024-09,South Wales Police,South Wales Police,-3.653695,51.636639,On or near Treharne Road,W01000992,Bridgend 001B,Burglary,Investigation complete; no suspect identified,
4ac0d70f571517cc645db1511f68015dd9979f6fcf25ef85a09259c6b0fe63dd,2024-09,South Wales Police,South Wales Police,-3.652063,51.636644,On or near Caerau Road,W01000992,Bridgend 001B,Public order,Under investigation,
b7174336b2a55a48b0494b78e2f683a263a28b7443e4451e0de6439afba21ab7,2024-09,South Wales Police,South Wales Police,-3.648918,51.638783,On or near Alexandra Place,W01000992,Bridgend 001B,Public order,Unable to prosecute suspect,
7cb054b8e27c80b430145e2706337fb1258bfbd5b1127cd9d8edc0852e929273,2024-09,South Wales Police,South Wales Police,-3.653695,51.636639,On or near Treharne Road,W01000992,Bridgend 001B,Violence and sexual offences,Unable to prosecute suspect,
c8858afc72bf78b049e363ccc21cf5524e280e0cbf58401392d85ced56fada22,2024-09,South Wales Police,South Wales Police,-3.652063,51.636644,On or near Caerau Road,W01000992,Bridgend 001B,Violence and sexual offences,Local resolution,
1e7e822434bce8bb5f1b3aacfa9ef237b6e4b721dc751b652ffe384d05658343,2024-09,South Wales Police,South Wales Police,-3.655943,51.636058,On or near Dan-Y-Bryn,W01000992,Bridgend 001B,Violence and sexual offences,Under investigation,
527a2c3f60c261fda946c15f6047eba3697e8163494d72e82db61e1e238039f3,2024-09,South Wales Police,South Wales Police,-3.652063,51.636644,On or near Caerau Road,W01000992,Bridgend 001B,Violence and sexual offences,Under investigation,
663db68e3b133638d15b39bb5c011e8a33aa32243bd8c19c15ab555961dbc484,2024-09,South Wales Police,South Wales Police,-3.655943,51.636058,On or near Dan-Y-Bryn,W01000992,Bridgend 001B,Violence and sexual offences,Unable to prosecute suspect,
527a53299504d16cdeb3820fbd3aadf3683e374bf6ec8bf7f9c6d544d7a7b718,2024-09,South Wales Police,South Wales Police,-3.652403,51.637664,On or near Stryd Victoria,W01000992,Bridgend 001B,Violence and sexual offences,Unable to prosecute suspect,
,2024-09,South Wales Police,South Wales Police,-3.656828,51.631699,On or near Supermarket,W01000993,Bridgend 001C,Anti-social behaviour,,
,2024-09,South Wales Police,South Wales Police,-3.656420,51.634478,On or near Talana Terrace,W01000993,Bridgend 001C,Anti-social behaviour,,
,2024-09,South Wales Police,South Wales Police,-3.656828,51.631699,On or near Supermarket,W01000993,Bridgend 001C,Anti-social behaviour,,
,2024-09,South Wales Police,South Wales Police,-3.658209,51.632645,On or near Sports/Recreation Area,W01000993,Bridgend 001C,Anti-social behaviour,,
,2024-09,South Wales Police,South Wales Police,-3.656082,51.633116,On or near Gelli Street,W01000993,Bridgend 001C,Anti-social behaviour,,
,2024-09,South Wales Police,South Wales Police,-3.656082,51.633116,On or near Gelli Street,W01000993,Bridgend 001C,Anti-social behaviour,,
,2024-09,South Wales Police,South Wales Police,-3.655453,51.629735,On or near Margam Street,W01000993,Bridgend 001C,Anti-social behaviour,,
c11053ca3fef27023ae237d029cfbce2c98ab234e927dadcf0a2563ebae89c59,2024-09,South Wales Police,South Wales Police,-3.656082,51.633116,On or near Gelli Street,W01000993,Bridgend 001C,Burglary,Under investigation,
a31c46d85ba73e79e1c9a0fd42aee1c8effefa92b8592a4b0f4d3b4d666506d2,2024-09,South Wales Police,South Wales Police,-3.656420,51.634478,On or near Talana Terrace,W01000993,Bridgend 001C,Criminal damage and arson,Unable to prosecute suspect,
018b9110c64552fed2f8504d1a2bf5048fbb70dcd04a505f8c6d752be03eed8d,2024-09,South Wales Police,South Wales Police,-3.654617,51.634971,On or near Library Road,W01000993,Bridgend 001C,Drugs,Under investigation,
f403eddbdd317d26dd4fa8cd75bbfb40fb46ec4a4c8790222b3a9113630a2e6b,2024-09,South Wales Police,South Wales Police,-3.656828,51.631699,On or near Supermarket,W01000993,Bridgend 001C,Drugs,Under investigation,
499cb91ba388d8cfd9da05d38b39b72913b86be96dae44fee8644c3dfd62f60b,2024-09,South Wales Police,South Wales Police,-3.656828,51.631699,On or near Supermarket,W01000993,Bridgend 001C,Public order,Investigation complete; no suspect identified,
dfe17d455d1e10597ee3858983089f8f9b117a978c6313f5da93c7c83aad3326,2024-09,South Wales Police,South Wales Police,-3.654617,51.634971,On or near Library Road,W01000993,Bridgend 001C,Public order,Unable to prosecute suspect,
7911a282040d2daa8990c8c059021845d7f73907f5afbc4f2f953697241ade15,2024-09,South Wales Police,South Wales Police,-3.655681,51.630451,On or near Metcalfe Street,W01000993,Bridgend 001C,Public order,Unable to prosecute suspect,
d2420ca85531e98b254cc4ca16feaf81f4f29caac9b6302a65e4e1eec817cec8,2024-09,South Wales Police,South Wales Police,-3.656420,51.634478,On or near Talana Terrace,W01000993,Bridgend 001C,Public order,Unable to prosecute suspect,
8acedef458b43e108b6ee385e28e0529753d5da4c8f202ebc5e451971884a41d,2024-09,South Wales Police,South Wales Police,-3.656420,51.634478,On or near Talana Terrace,W01000993,Bridgend 001C,Public order,Unable to prosecute suspect,
f4da974eb3fab07ec575f2841db7fec11b7eccdcd434ecaff35bdf71b4ec4307,2024-09,South Wales Police,South Wales Police,-3.656828,51.631699,On or near Supermarket,W01000993,Bridgend 001C,Shoplifting,Investigation complete; no suspect identified,
3ea8548446fb44578f989c73aff649434b51691008003a0fda1b48d34af136fc,2024-09,South Wales Police,South Wales Police,-3.656828,51.631699,On or near Supermarket,W01000993,Bridgend 001C,Shoplifting,Awaiting court outcome,
0bdea117d754710d3d8507cd12bc5b2566d795adc828c78efa26065e713ca0f1,2024-09,South Wales Police,South Wales Police,-3.656828,51.631699,On or near Supermarket,W01000993,Bridgend 001C,Shoplifting,Investigation complete; no suspect identified,
524efdd03650577f8ea90965b95ab8ff26ecf720c320665f9c9a315268dff1cb,2024-09,South Wales Police,South Wales Police,-3.658981,51.631007,On or near Humphreys Terrace,W01000993,Bridgend 001C,Violence and sexual offences,Unable to prosecute suspect,
0809df8712d0a0ba32c81690ceab48cc5a4a153f88964520cbbad8ce5bf13340,2024-09,South Wales Police,South Wales Police,-3.654617,51.634971,On or near Library Road,W01000993,Bridgend 001C,Violence and sexual offences,Under investigation,
9b200560e812933c76cade058cc84460242f50c12bbd8a334510ffa3d66950c6,2024-09,South Wales Police,South Wales Police,-3.656082,51.633116,On or near Gelli Street,W01000993,Bridgend 001C,Violence and sexual offences,Unable to prosecute suspect,
7c0dfb2483c4ae9a351a46e6da08e0ca4a27fdbe4832d3c0f4ac36fc1665271d,2024-09,South Wales Police,South Wales Police,-3.658981,51.631007,On or near Humphreys Terrace,W01000993,Bridgend 001C,Violence and sexual offences,Unable to prosecute suspect,
a73d2261222b5799608119e4e0c29fac5a4ccea9748bf9d4fc19bb35a1b702f7,2024-09,South Wales Police,South Wales Police,-3.656082,51.633116,On or near Gelli Street,W01000993,Bridgend 001C,Violence and sexual offences,Investigation complete; no suspect identified,
4715cf1e3e0c91ee6f97ffb0c8c0ea4cb4c296b2df8197fe8eb962023932975f,2024-09,South Wales Police,South Wales Police,-3.656420,51.634478,On or near Talana Terrace,W01000993,Bridgend 001C,Violence and sexual offences,Investigation complete; no suspect identified,
,2024-09,South Wales Police,South Wales Police,-3.655804,51.629065,On or near Dyffryn Place,W01000994,Bridgend 001D,Anti-social behaviour,,
6dacc0e048acf2a58cd943b4ee12c1a0544b095aeb2b59e19b44707c38756847,2024-09,South Wales Police,South Wales Police,-3.663302,51.622727,On or near Nantyffyllon Terrace,W01000994,Bridgend 001D,Public order,Investigation complete; no suspect identified,
7f81ca27f89c3e4f228264e7fb4836f645c65938d746f63d32af60b4cc393a60,2024-09,South Wales Police,South Wales Police,-3.655804,51.629065,On or near Dyffryn Place,W01000994,Bridgend 001D,Violence and sexual offences,Under investigation,
73d1862640e61d7f9521e1d83f2f334a9eb2171de75615ab10cc72a4677db2ce,2024-09,South Wales Police,South Wales Police,-3.659478,51.629184,On or near Glanafon Terrace,W01000994,Bridgend 001D,Violence and sexual offences,Under investigation,
224757468e3eb03018b4b40972045402255f894a10fc0ac6f0aa32fee6c8e96e,2024-09,South Wales Police,South Wales Police,-3.655804,51.629065,On or near Dyffryn Place,W01000994,Bridgend 001D,Violence and sexual offences,Under investigation,
c04ae9a09dfcec9e0a57e209bfa2db27df539088dfc472c1a9d3a6fbb55b2bf7,2024-09,South Wales Police,South Wales Police,-3.660669,51.628555,On or near Tonna Road,W01000994,Bridgend 001D,Violence and sexual offences,Unable to prosecute suspect,
618a85d830a1f7115e4716a1d3aee417bc647eb2f2a912116c7705ae764d67ce,2024-09,South Wales Police,South Wales Police,-3.664324,51.622632,On or near Kings Terrace,W01000994,Bridgend 001D,Other crime,Investigation complete; no suspect identified,
,2024-09,South Wales Police,South Wales Police,-3.661648,51.620943,On or near Grove Street,W01000995,Bridgend 001E,Anti-social behaviour,,
c6b80e9e6659ace608d661b3784ab684a482d6dffb9eb5a2bf31e0a0ef9ba41d,2024-09,South Wales Police,South Wales Police,-3.661857,51.619546,On or near Coronation Terrace,W01000995,Bridgend 001E,Criminal damage and arson,Under investigation,
fb62c41d10ae7872cc5c2f248aa954296d3e2bcc92365c8299eb90ee69447086,2024-09,South Wales Police,South Wales Police,-3.663726,51.618135,On or near Uplands Drive,W01000995,Bridgend 001E,Public order,Unable to prosecute suspect,
c226c1fc92b030876cdff3005ca3b9fe1c5722eeae8a212f4ef90c836bc09d83,2024-09,South Wales Police,South Wales Police,-3.662466,51.618432,On or near Brown Street,W01000995,Bridgend 001E,Violence and sexual offences,Under investigation,
cc45158a43f4f999a3050ff9017014332bc16a328ed90a67bbaf6b9f8fe45535,2024-09,South Wales Police,South Wales Police,-3.661648,51.620943,On or near Grove Street,W01000995,Bridgend 001E,Other crime,Investigation complete; no suspect identified,
,2024-09,South Wales Police,South Wales Police,-3.657860,51.608183,On or near Church Street,W01001014,Bridgend 002A,Anti-social behaviour,,
,2024-09,South Wales Police,South Wales Police,-3.651335,51.609066,On or near Lewis Road,W01001014,Bridgend 002A,Anti-social behaviour,,
,2024-09,South Wales Police,South Wales Police,-3.657860,51.608183,On or near Church Street,W01001014,Bridgend 002A,Anti-social behaviour,,
,2024-09,South Wales Police,South Wales Police,-3.658915,51.609004,On or near Talbot Street,W01001014,Bridgend 002A,Anti-social behaviour,,
,2024-09,South Wales Police,South Wales Police,-3.655646,51.609644,On or near Parking Area,W01001014,Bridgend 002A,Anti-social behaviour,,
,2024-09,South Wales Police,South Wales Police,-3.655300,51.608866,On or near Alfred Street,W01001014,Bridgend 002A,Anti-social behaviour,,
,2024-09,South Wales Police,South Wales Police,-3.658915,51.609004,On or near Talbot Street,W01001014,Bridgend 002A,Anti-social behaviour,,
,2024-09,South Wales Police,South Wales Police,-3.651335,51.609066,On or near Lewis Road,W01001014,Bridgend 002A,Anti-social behaviour,,
b3801965f21c88a218be128b1b49897a78a8c1e2750db2c2f155f203f45a1e8e,2024-09,South Wales Police,South Wales Police,-3.660466,51.613110,On or near Cwrt Y Mwnws,W01001014,Bridgend 002A,Criminal damage and arson,Investigation complete; no suspect identified,
6529f6bb8fb575d00649d97aa55b3c14357577faa6bb1a0bef33c8d8a3aa087c,2024-09,South Wales Police,South Wales Police,-3.659802,51.610745,On or near Treharne Row,W01001014,Bridgend 002A,Other theft,Under investigation,
e3c9d6370f3881fa1e655586dc78cef393597dcb899f825f28b43494552d8c43,2024-09,South Wales Police,South Wales Police,-3.651918,51.607610,On or near Golden Terrace,W01001014,Bridgend 002A,Possession of weapons,Unable to prosecute suspect,
0bb043a510d280092227fb95d29f936c6a9502b323cffe00df656bf7c67a78da,2024-09,South Wales Police,South Wales Police,-3.659802,51.610745,On or near Treharne Row,W01001014,Bridgend 002A,Public order,Unable to prosecute suspect,
cd298e6b336ba1264c0f6f9e6b696cbf8befa31cea6a05d60f282545cef4557c,2024-09,South Wales Police,South Wales Police,-3.652865,51.609836,On or near South Parade,W01001014,Bridgend 002A,Public order,Under investigation,
36d36d2c877439a7f8ae0551155c7e3b309e4f7396773ea8ceae95cb7e191f0d,2024-09,South Wales Police,South Wales Police,-3.655646,51.609644,On or near Parking Area,W01001014,Bridgend 002A,Public order,Unable to prosecute suspect,
bbfbfbf9ad7367645d0a3266634219018d7da3f9e2653cf84b99b2879cf501df,2024-09,South Wales Police,South Wales Police,-3.655646,51.609644,On or near Parking Area,W01001014,Bridgend 002A,Shoplifting,Unable to prosecute suspect,
67138dc445f2f837bb0431f42ffe8db137075fc972f231512488455ec0085131,2024-09,South Wales Police,South Wales Police,-3.655646,51.609644,On or near Parking Area,W01001014,Bridgend 002A,Shoplifting,Awaiting court outcome,
b428bd1c972384394eef5fde0e77f2be834714164a254d900949296e9f549467,2024-09,South Wales Police,South Wales Police,-3.658915,51.609004,On or near Talbot Street,W01001014,Bridgend 002A,Shoplifting,Investigation complete; no suspect identified,
cb46f5530e5b7ccfd4c89d29c04c16705f3b6211af6023af63fe87439164e7a9,2024-09,South Wales Police,South Wales Police,-3.655646,51.609644,On or near Parking Area,W01001014,Bridgend 002A,Shoplifting,Under investigation,
20110cf067ac9e98ac227cfb093c9b0c11c9ebf296ff9a7264adbd97e295f345,2024-09,South Wales Police,South Wales Police,-3.655646,51.609644,On or near Parking Area,W01001014,Bridgend 002A,Shoplifting,Awaiting court outcome,
445e4a2aece89ee82b1f8230f7861fcf0ed04430bbfbe3a18debd2ac6800bf1e,2024-09,South Wales Police,South Wales Police,-3.655646,51.609644,On or near Parking Area,W01001014,Bridgend 002A,Shoplifting,Awaiting court outcome,
7020afa9e408a4c0e270382deaf8087627c8753dc79b2719b8bc62bec0275b1f,2024-09,South Wales Police,South Wales Police,-3.655646,51.609644,On or near Parking Area,W01001014,Bridgend 002A,Shoplifting,Awaiting court outcome,
84e019ab83cc0ca7fb9f9ca10055ffde0d2886dca058a10213d7330eef406b3d,2024-09,South Wales Police,South Wales Police,-3.651335,51.609066,On or near Lewis Road,W01001014,Bridgend 002A,Vehicle crime,Investigation complete; no suspect identified,
1205cc67cdc8b971871d88d6001d7d40326f0d5828ced88aa568e308d7c9125c,2024-09,South Wales Police,South Wales Police,-3.652865,51.609836,On or near South Parade,W01001014,Bridgend 002A,Violence and sexual offences,Unable to prosecute suspect,
7e714b8fed715d2862598a944ce86f131891467db3d4852919f27bada0d01061,2024-09,South Wales Police,South Wales Police,-3.651335,51.609066,On or near Lewis Road,W01001014,Bridgend 002A,Violence and sexual offences,Unable to prosecute suspect,
6f91bbc5c579cd1138269ee756125e5f5fd58d7fabdcbd5329b3a3d9cf2197df,2024-09,South Wales Police,South Wales Police,-3.653259,51.609129,On or near Ferrier'S Row,W01001014,Bridgend 002A,Violence and sexual offences,Investigation complete; no suspect identified,
5a0e7891170c49a4eb94c13f5ca01b227529ed501c84ba64f210b68e0ea65aa5,2024-09,South Wales Police,South Wales Police,-3.652865,51.609836,On or near South Parade,W01001014,Bridgend 002A,Violence and sexual offences,Under investigation,
0b3e490e3f99f918332c1586f6f4b836b65c1a5af6f1c73b908418372bc14fc7,2024-09,South Wales Police,South Wales Police,-3.649600,51.608587,On or near Crown Row,W01001014,Bridgend 002A,Violence and sexual offences,Unable to prosecute suspect,
,2024-09,South Wales Police,South Wales Police,-3.642633,51.609224,On or near Parking Area,W01001015,Bridgend 002B,Anti-social behaviour,,
6536f2b69f1f0659d5f6abac673e4afbf41807ac2f3f0a8bd75da812f20b8c47,2024-09,South Wales Police,South Wales Police,-3.637588,51.604286,On or near Heol-Y-Nant,W01001015,Bridgend 002B,Public order,Under investigation,
032dc523fd14005fe8a730413e10e465680f925fef5e908cf9723d56864487f0,2024-09,South Wales Police,South Wales Police,-3.645396,51.606560,On or near Llwynderw Avenue,W01001015,Bridgend 002B,Vehicle crime,Investigation complete; no suspect identified,
c2c8b5702b2e240ebc04ef9f5f94781318aa7bb996154f74184d051ffb00d0e2,2024-09,South Wales Police,South Wales Police,-3.645396,51.606560,On or near Llwynderw Avenue,W01001015,Bridgend 002B,Violence and sexual offences,Unable to prosecute suspect,
,2024-09,South Wales Police,South Wales Police,-3.661305,51.609582,On or near Llynfi Road,W01001017,Bridgend 002C,Anti-social behaviour,,
,2024-09,South Wales Police,South Wales Police,-3.661305,51.609582,On or near Llynfi Road,W01001017,Bridgend 002C,Anti-social behaviour,,
,2024-09,South Wales Police,South Wales Police,-3.662737,51.610038,On or near Smith Street,W01001017,Bridgend 002C,Anti-social behaviour,,
,2024-09,South Wales Police,South Wales Police,-3.661016,51.610359,On or near Shopping Area,W01001017,Bridgend 002C,Anti-social behaviour,,
,2024-09,South Wales Police,South Wales Police,-3.661201,51.604772,On or near Pen-Yr-Ysgol,W01001017,Bridgend 002C,Anti-social behaviour,,
,2024-09,South Wales Police,South Wales Police,-3.662737,51.610038,On or near Smith Street,W01001017,Bridgend 002C,Anti-social behaviour,,
,2024-09,South Wales Police,South Wales Police,-3.663717,51.611795,On or near Supermarket,W01001017,Bridgend 002C,Anti-social behaviour,,
,2024-09,South Wales Police,South Wales Police,-3.662003,51.606560,On or near Salisbury Road,W01001017,Bridgend 002C,Anti-social behaviour,,
,2024-09,South Wales Police,South Wales Police,-3.661136,51.609701,On or near Parking Area,W01001017,Bridgend 002C,Anti-social behaviour,,
,2024-09,South Wales Police,South Wales Police,-3.663717,51.611795,On or near Supermarket,W01001017,Bridgend 002C,Anti-social behaviour,,
aa51eae70bfac3c4215f23e1ddeb6854946019b7c52efdf73b7473c18724345e,2024-09,South Wales Police,South Wales Police,-3.663700,51.609134,On or near Exchange Street,W01001017,Bridgend 002C,Burglary,Investigation complete; no suspect identified,
9f8b89c35bf3083d149365274ad0a891a919838258bf28783c52fd0b568d2225,2024-09,South Wales Police,South Wales Police,-3.657449,51.606822,On or near Station Hill,W01001017,Bridgend 002C,Burglary,Investigation complete; no suspect identified,
c42331a3f50879a66c992e337b9fcee2fcf331bf248677fc151b2b7ba820a672,2024-09,South Wales Police,South Wales Police,-3.661305,51.609582,On or near Llynfi Road,W01001017,Bridgend 002C,Criminal damage and arson,Investigation complete; no suspect identified,
c67fdc3c76814fbe4417ce7530a9122ed77ad06810aba2c8504c8908d6a9348a,2024-09,South Wales Police,South Wales Police,-3.662737,51.610038,On or near Smith Street,W01001017,Bridgend 002C,Criminal damage and arson,Investigation complete; no suspect identified,
e7f963a52588385db9337c6b389364a175496380aa614dbdba5e7bea491e0aae,2024-09,South Wales Police,South Wales Police,-3.663700,51.609134,On or near Exchange Street,W01001017,Bridgend 002C,Criminal damage and arson,Investigation complete; no suspect identified,
27db1d898a49404e031650436edbfae5e1775d9b86674d9b1a7bee7d4a92c123,2024-09,South Wales Police,South Wales Police,-3.661010,51.610360,On or near Supermarket,W01001017,Bridgend 002C,Other theft,Investigation complete; no suspect identified,
4164f5cece56c245633421792c958b438eba26fed0fd02b9c66638e66e4a5d71,2024-09,South Wales Police,South Wales Police,-3.657449,51.606822,On or near Station Hill,W01001017,Bridgend 002C,Public order,Unable to prosecute suspect,
eee6637edbd4ab469926f9ae91d37068c2ccf1bee7ea557b80c2b1564f3e2269,2024-09,South Wales Police,South Wales Police,-3.663717,51.611795,On or near Supermarket,W01001017,Bridgend 002C,Public order,Unable to prosecute suspect,
e899d3c513bed40febc8f5ac8bf68906b79bada0899f000875a9888f0ad34048,2024-09,South Wales Police,South Wales Police,-3.661491,51.608347,On or near B4282,W01001017,Bridgend 002C,Shoplifting,Investigation complete; no suspect identified,
3d14ef33f88fa8706ba5fc8eefbc6b6d88e1a24d274aa7fbf823da42621762ad,2024-09,South Wales Police,South Wales Police,-3.661305,51.609582,On or near Llynfi Road,W01001017,Bridgend 002C,Shoplifting,Awaiting court outcome,
284770887b69653d5829415aa1937a56f64d26959e0eee7f8075a42c28a06ecc,2024-09,South Wales Police,South Wales Police,-3.663717,51.611795,On or near Supermarket,W01001017,Bridgend 002C,Shoplifting,Unable to prosecute suspect,
a8728acefecab5ad0618c082d1e53c35a86eba102839f86ea2ae62709b45a551,2024-09,South Wales Police,South Wales Police,-3.661491,51.608347,On or near B4282,W01001017,Bridgend 002C,Violence and sexual offences,Unable to prosecute suspect,
1b4a16e06b00e94d4325d35eca21e7d5f8fd5a8b07960abc22b65c2b220de349,2024-09,South Wales Police,South Wales Police,-3.661305,51.609582,On or near Llynfi Road,W01001017,Bridgend 002C,Violence and sexual offences,Under investigation,
,2024-09,South Wales Police,South Wales Police,-3.657874,51.605404,On or near Ivor Street,W01001018,Bridgend 002D,Anti-social behaviour,,
,2024-09,South Wales Police,South Wales Police,-3.656575,51.606996,On or near Commercial Street,W01001018,Bridgend 002D,Anti-social behaviour,,
a89b46433981671fec9b399aedff772addd3004d16ce4a01ba725b7f7ce6917e,2024-09,South Wales Police,South Wales Police,-3.658701,51.608279,On or near Llynfi Lane,W01001018,Bridgend 002D,Criminal damage and arson,Investigation complete; no suspect identified,
34269c1ff50766d5b64b6cdc93e9f6cabbb769ab2a73171ac9ab873630caf7ef,2024-09,South Wales Police,South Wales Police,-3.652783,51.605584,On or near Garn Road,W01001018,Bridgend 002D,Criminal damage and arson,Unable to prosecute suspect,
6a08ce8b5806218d9dc28c6072a955743a98d39179491913af97fd209a6de1dc,2024-09,South Wales Police,South Wales Police,-3.651649,51.606949,On or near Bank Street,W01001018,Bridgend 002D,Criminal damage and arson,Investigation complete; no suspect identified,
0a3d6d5d8c14fcb61ff283b898a984d94899b130feda1778960a9e81efbd391a,2024-09,South Wales Police,South Wales Police,-3.650137,51.605873,On or near Maesteg Row,W01001018,Bridgend 002D,Other theft,Unable to prosecute suspect,
fced48bad626e900d9a4f295bae8c828b281d0a8f53222e23b6ce83a531a92b8,2024-09,South Wales Police,South Wales Police,-3.653427,51.604217,On or near Princess Street,W01001018,Bridgend 002D,Other theft,Under investigation,
fb4f4b87cca028c930c9261075316653e2677b715b8651501c274f958f596c3c,2024-09,South Wales Police,South Wales Police,-3.652716,51.605333,On or near Park Street,W01001018,Bridgend 002D,Public order,Unable to prosecute suspect,
2e454fab758c2161b6a33569b5855cf118de1cdf4f0f0bdb98cce5ba91563f2d,2024-09,South Wales Police,South Wales Police,-3.658701,51.608279,On or near Llynfi Lane,W01001018,Bridgend 002D,Violence and sexual offences,Unable to prosecute suspect,
,2024-09,South Wales Police,South Wales Police,-3.646298,51.602761,On or near Oakwood Drive,W01001020,Bridgend 002E,Anti-social behaviour,,
ae08801366bd7732f71d4c655a7f19b61ad63f81c0a7a07f2020c33463280f42,2024-09,South Wales Police,South Wales Police,-3.647207,51.599152,On or near Llwydarth Road,W01001020,Bridgend 002E,Other theft,Investigation complete; no suspect identified,
da5dbea3eaac738e718c80eede91bbe0a9656ccfed819d3ddca714ad10501fa9,2024-09,South Wales Police,South Wales Police,-3.644788,51.599725,On or near Oakwood,W01001020,Bridgend 002E,Public order,Unable to prosecute suspect,
89b3337eeed065683505524ae6ebaf759fef5c5ca3a11581bdc5bcdb6a9353a8,2024-09,South Wales Police,South Wales Police,-3.644788,51.599725,On or near Oakwood,W01001020,Bridgend 002E,Vehicle crime,Investigation complete; no suspect identified,
db78f76a55df7e8c1b1b68314efda97177f8f583d9f99ca522f89fa9e113da0b,2024-09,South Wales Police,South Wales Police,-3.646403,51.598480,On or near Celtic View,W01001020,Bridgend 002E,Violence and sexual offences,Unable to prosecute suspect,
8842a51571324bb58ab8c49f4bb8d246e8ac83e0f3f0a5de6183a253229d875a,2024-09,South Wales Police,South Wales Police,-3.647562,51.605756,On or near Ewenny Road,W01001020,Bridgend 002E,Violence and sexual offences,Unable to prosecute suspect,
e8b48fc14c8a320610b9842b1d30ff159b063fdd33eb8120547f0a28cda71c98,2024-09,South Wales Police,South Wales Police,-3.646298,51.602761,On or near Oakwood Drive,W01001020,Bridgend 002E,Violence and sexual offences,Unable to prosecute suspect,
167519b2eacc0d25c44a1475baaf2677b9eea0cd9e3054825a82f9b3ff17d7ba,2024-09,South Wales Police,South Wales Police,-3.646403,51.598480,On or near Celtic View,W01001020,Bridgend 002E,Violence and sexual offences,Unable to prosecute suspect,
2dff9c2d0913f8d9a128dd64b268dacca11802e4e7ee3a3683476d2c38ecfd2e,2024-09,South Wales Police,South Wales Police,-3.519461,51.577775,On or near Dimbath Lane,W01000976,Bridgend 003A,Burglary,Investigation complete; no suspect identified,
7412b860e77ff463800d70431982df76dcc3a5219784f24e20c976aea24bde95,2024-09,South Wales Police,South Wales Police,-3.477175,51.596434,On or near Adare Street,W01000976,Bridgend 003A,Criminal damage and arson,Unable to prosecute suspect,
3912f91309e3e63f29f4f17a5d2d0229ed0aff8320b4e9528e97904fe3a105db,2024-09,South Wales Police,South Wales Police,-3.474421,51.593411,On or near Coronation Road,W01000976,Bridgend 003A,Criminal damage and arson,Investigation complete; no suspect identified,
417184e267bc33aba57a68e8a48ee69d8aee6444209d1fe6ac9e7f59e93b8491,2024-09,South Wales Police,South Wales Police,-3.476981,51.595789,On or near Wyndham Street,W01000976,Bridgend 003A,Criminal damage and arson,Investigation complete; no suspect identified,
99c4a6d6a23e40baa4a99ba1c534fcd7e9324d86a3fed6960e02577b500f3dfb,2024-09,South Wales Police,South Wales Police,-3.477304,51.594166,On or near Heol Y Derw,W01000976,Bridgend 003A,Violence and sexual offences,Under investigation,
8bdb0b49357676cef02be99f8199a09616de31f14a200a6ddaa8ed3f4134e960,2024-09,South Wales Police,South Wales Police,-3.544842,51.579332,On or near Heolaelfryn,W01000977,Bridgend 003B,Criminal damage and arson,Investigation complete; no suspect identified,
ee00ae13eb378ad1e7e358fb4de1634987aa4c665cd3ea8ee8a4c4676e3f164c,2024-09,South Wales Police,South Wales Police,-3.546599,51.578796,On or near Hillside Terrace,W01000977,Bridgend 003B,Other theft,Unable to prosecute suspect,
070ff35c30f8340516c665f8c7f3cebe486f739810a92ce115c8f0228c40c36a,2024-09,South Wales Police,South Wales Police,-3.538448,51.566917,On or near Dan-Y-Coed,W01000977,Bridgend 003B,Public order,Unable to prosecute suspect,
66081e185eca631ae57fa64b17fe927e7c55fcff8ebb56b5fac94be1827bcd65,2024-09,South Wales Police,South Wales Police,-3.527414,51.572618,On or near Glen View,W01000977,Bridgend 003B,Violence and sexual offences,Unable to prosecute suspect,
9a9cfb6b9b0c5e8eec8afcd8b7c00ceb5243179b2356527de6acb803c6145629,2024-09,South Wales Police,South Wales Police,-3.527414,51.572618,On or near Glen View,W01000977,Bridgend 003B,Violence and sexual offences,Investigation complete; no suspect identified,
8a504ab52d6c57e033a6a513efd0ba7dc3f4a9dd920fbbb74b537ef240bd8f19,2024-09,South Wales Police,South Wales Police,-3.539725,51.568842,On or near Petrol Station,W01000977,Bridgend 003B,Violence and sexual offences,Formal action is not in the public interest,
d4005247863bd2faed80502a70b2b213c7c1fd7867a342b68aef1c1c82d7a36e,2024-09,South Wales Police,South Wales Police,-3.528485,51.573998,On or near Dimbath Lane,W01000977,Bridgend 003B,Other crime,Further investigation is not in the public interest,
7d0cd647ecd2567c54facdbf1fc6adb962ea5735e57b710f1733b1f49866de8a,2024-09,South Wales Police,South Wales Police,-3.545736,51.578034,On or near Dan Yr Heol,W01000977,Bridgend 003B,Other crime,Under investigation,
,2024-09,South Wales Police,South Wales Police,-3.539703,51.622408,On or near Chapel Street,W01001024,Bridgend 003C,Anti-social behaviour,,
,2024-09,South Wales Police,South Wales Police,-3.539703,51.622408,On or near Chapel Street,W01001024,Bridgend 003C,Anti-social behaviour,,
,2024-09,South Wales Police,South Wales Police,-3.541782,51.625357,On or near Parking Area,W01001024,Bridgend 003C,Anti-social behaviour,,
b03f28554b97588a0687a30b9efb662f6ba7010cd611c9158c88096f69970b9a,2024-09,South Wales Police,South Wales Police,-3.539879,51.622487,On or near Dinam Street,W01001024,Bridgend 003C,Public order,Unable to prosecute suspect,
460270cf4a58045f53547dbdc6bf8d62cd13d591a18eb8c7ae3efd45121f2968,2024-09,South Wales Police,South Wales Police,-3.539879,51.622487,On or near Dinam Street,W01001024,Bridgend 003C,Vehicle crime,Investigation complete; no suspect identified,
dbf7ea1330d3451ffc8155ffbd01e9ad4413524b0bcb36dcde49d3c0b2858fd9,2024-09,South Wales Police,South Wales Police,-3.539703,51.622408,On or near Chapel Street,W01001024,Bridgend 003C,Violence and sexual offences,Under investigation,
7257c4c26addd90357f0bbe445ecae2efa35ded725b78175d549bc2a0e3d3242,2024-09,South Wales Police,South Wales Police,-3.534295,51.618397,On or near John Street,W01001025,Bridgend 003D,Criminal damage and arson,Unable to prosecute suspect,
52e594598b5dd1e34a42bc87b04f67af85540127e78e4048c0214e7c53a7d0c8,2024-09,South Wales Police,South Wales Police,-3.535233,51.618357,On or near Oakfield Terrace,W01001025,Bridgend 003D,Violence and sexual offences,Unable to prosecute suspect,
3f0d194885ee58da5f8a4a07d8eb7156c76fac0d926b39147222fc21fc97fe5a,2024-09,South Wales Police,South Wales Police,-3.534243,51.620277,On or near Llanharran Terrace,W01001025,Bridgend 003D,Violence and sexual offences,Investigation complete; no suspect identified,
214a011eb75914ec6293776352fd2083da80df60b8582d83260511078c174e2f,2024-09,South Wales Police,South Wales Police,-3.536130,51.615837,On or near Aberfields View,W01001025,Bridgend 003D,Violence and sexual offences,Under investigation,
720e2d7a65a6f80ab33ad94ae319d2887d98823de6ed2c0195e1ebb94ad4eb06,2024-09,South Wales Police,South Wales Police,-3.542100,51.598089,On or near St John Street,W01001033,Bridgend 003E,Violence and sexual offences,Under investigation,
ae811bb3a7931a7372827e8011162366059882c6907921849d8c441eba22e34c,2024-09,South Wales Police,South Wales Police,-3.545243,51.599235,On or near Caedu Road,W01001033,Bridgend 003E,Violence and sexual offences,Under investigation,
d73bbe623531a81909a72c732e9abb40ed6a6b5355543a5d1c99a0cdc2fa00ac,2024-09,South Wales Police,South Wales Police,-3.542100,51.598089,On or near St John Street,W01001033,Bridgend 003E,Violence and sexual offences,Unable to prosecute suspect,
1160a1251aacf49ff5c2e630ac241fcc78daa76ddb2d7c309af715ee5dea7e25,2024-09,South Wales Police,South Wales Police,-3.539834,51.597247,On or near Sunnyside,W01001033,Bridgend 003E,Violence and sexual offences,Unable to prosecute suspect,
e02b27a6c602214d9aa748e90198c6ec0cb91522fe753872091a26910519d260,2024-09,South Wales Police,South Wales Police,-3.544751,51.600887,On or near Oak Terrace,W01001033,Bridgend 003E,Violence and sexual offences,Investigation complete; no suspect identified,
8baddb98faa7f850748a7573e597a0891685b7f23c94d2a2a43bef3610d91ffd,2024-09,South Wales Police,South Wales Police,-3.544433,51.612383,On or near Coronation Street,W01001034,Bridgend 003F,Public order,Unable to prosecute suspect,
d09119dace8498a5f9d496e2ab097b1383144e33ddc6a64c744c95a0e2eae58c,2024-09,South Wales Police,South Wales Police,-3.542993,51.603967,On or near Llywelyn Street,W01001034,Bridgend 003F,Violence and sexual offences,Unable to prosecute suspect,
43f1f426bfe2b42b755125cdfe8dc9d08aaf6de85ddf2e330275682453913db0,2024-09,South Wales Police,South Wales Police,-3.542828,51.614445,On or near Wyndham Street,W01001034,Bridgend 003F,Violence and sexual offences,Unable to prosecute suspect,
a186d4664bd5d92c8dbcb58e1fcebeb7f55c914a657cf61fb48d0ff5fba54303,2024-09,South Wales Police,South Wales Police,-3.544324,51.609156,On or near Cwrt-Ty-Mawr,W01001034,Bridgend 003F,Violence and sexual offences,Under investigation,
2c8ccc863da2e151a63fedfeccaa11cbcd38d228f1bd53e6ddbf056c31823995,2024-09,South Wales Police,South Wales Police,-3.542828,51.614445,On or near Wyndham Street,W01001034,Bridgend 003F,Violence and sexual offences,Unable to prosecute suspect,
,2024-09,South Wales Police,South Wales Police,-3.584033,51.573953,On or near Sports/Recreation Area,W01000975,Bridgend 004A,Anti-social behaviour,,
,2024-09,South Wales Police,South Wales Police,-3.587233,51.571123,On or near Heol Richard Price,W01000975,Bridgend 004A,Anti-social behaviour,,
,2024-09,South Wales Police,South Wales Police,-3.590292,51.574435,On or near Pen Parcau,W01000975,Bridgend 004A,Anti-social behaviour,,
,2024-09,South Wales Police,South Wales Police,-3.588930,51.572197,On or near The Croft,W01000975,Bridgend 004A,Anti-social behaviour,,
,2024-09,South Wales Police,South Wales Police,-3.590292,51.574435,On or near Pen Parcau,W01000975,Bridgend 004A,Anti-social behaviour,,
f1480f2407489c29e2231a21e9ebf2c7d1bd9e10ef7c5970feca20019813478e,2024-09,South Wales Police,South Wales Police,-3.591539,51.571289,On or near Cwm Coed,W01000975,Bridgend 004A,Criminal damage and arson,Investigation complete; no suspect identified,
8315f6d251c316ec9a521eab929265145449e8a150ff439d03d16976bacba308,2024-09,South Wales Police,South Wales Police,-3.586115,51.572594,On or near Clos Celyn,W01000975,Bridgend 004A,Public order,Investigation complete; no suspect identified,
57de4a06d14c20332963026bd50f221e9ca4afc7975b898789ec8e1991b6ec79,2024-09,South Wales Police,South Wales Police,-3.586896,51.573474,On or near Tyn-Y-Waun,W01000975,Bridgend 004A,Public order,Unable to prosecute suspect,
9989ba69fe8928ef36f5c2ff8073819430c387f37c9fe243ff81ebc52a708112,2024-09,South Wales Police,South Wales Police,-3.591073,51.571592,On or near Heol Dewi Sant,W01000975,Bridgend 004A,Violence and sexual offences,Unable to prosecute suspect,
4f744c495b525bde2198f23c4675df264b727084ee3845d0cfe0269d0dfb8860,2024-09,South Wales Police,South Wales Police,-3.586787,51.572810,On or near Y Wern,W01000975,Bridgend 004A,Violence and sexual offences,Awaiting court outcome,
f596392f5f6164821fe5862e95c20cdb6dd357858dc1cdfd734668a3b1c34f60,2024-09,South Wales Police,South Wales Police,-3.588930,51.572197,On or near The Croft,W01000975,Bridgend 004A,Violence and sexual offences,Unable to prosecute suspect,
,2024-09,South Wales Police,South Wales Police,-3.585809,51.624312,On or near Heol William Trigg,W01000978,Bridgend 004B,Anti-social behaviour,,
,2024-09,South Wales Police,South Wales Police,-3.587967,51.626117,On or near Mount Pleasant,W01000978,Bridgend 004B,Anti-social behaviour,,
27a4362ca3d6f7dc300bc28fe0de3d92939c2e6741e3cd9928bd6eecbd00ed4c,2024-09,South Wales Police,South Wales Police,-3.585592,51.625952,On or near Bryn-Bedw Street,W01000978,Bridgend 004B,Criminal damage and arson,Unable to prosecute suspect,
9b406cd810d0da6a46098a7adc08e93f4ea37b4a6e19d79a8fdf853089648a6f,2024-09,South Wales Police,South Wales Police,-3.585592,51.625952,On or near Bryn-Bedw Street,W01000978,Bridgend 004B,Other theft,Unable to prosecute suspect,
52541cd5021bde46f654580b0245b655b39cfaed0f8d677d19e6e7cc0826dd0f,2024-09,South Wales Police,South Wales Police,-3.587967,51.626117,On or near Mount Pleasant,W01000978,Bridgend 004B,Violence and sexual offences,Unable to prosecute suspect,
c0e931db10f6aca2c5cc42a6380b54d81e5f91c7fd1e00991400756bee004f96,2024-09,South Wales Police,South Wales Police,-3.587691,51.620285,On or near King Edward Street,W01000978,Bridgend 004B,Violence and sexual offences,Investigation complete; no suspect identified,
d3615de070e7b891d3790c365f05862f9fd02a96a6e21973be8aa7f7f119f626,2024-09,South Wales Police,South Wales Police,-3.571452,51.572945,On or near Hoel Gellilodra,W01001009,Bridgend 004C,Criminal damage and arson,Investigation complete; no suspect identified,
08ebb6b812ba92c9f6848c331135bd2b952f188e413b10e4464f64f4e1a1612a,2024-09,South Wales Police,South Wales Police,-3.579016,51.591331,On or near Station Row,W01001009,Bridgend 004C,Violence and sexual offences,Unable to prosecute suspect,
5884146f5313f0de235697ac9332834950725b8cf25a64844ad8a5e8274a5fe6,2024-09,South Wales Police,South Wales Police,-3.581404,51.558253,On or near Park/Open Space,W01001009,Bridgend 004C,Violence and sexual offences,Awaiting court outcome,
014b2995a133d22cca62040f575ff0cd2a36354ea8331b2c4373b200e5be9af3,2024-09,South Wales Police,South Wales Police,-3.583957,51.615498,On or near Upper Adare Street,W01001042,Bridgend 004D,Other theft,Investigation complete; no suspect identified,
777d58f1c8b7df1f23fae3b0ea55d57b8220292a4a15a94b69df1c893c09148b,2024-09,South Wales Police,South Wales Police,-3.583957,51.615498,On or near Upper Adare Street,W01001042,Bridgend 004D,Other theft,Unable to prosecute suspect,
fae567df0b2ebd5b7745947665eec92d14e3f470519fe7bafdf95ae77a721739,2024-09,South Wales Police,South Wales Police,-3.583957,51.615498,On or near Upper Adare Street,W01001042,Bridgend 004D,Violence and sexual offences,Unable to prosecute suspect,
f1ae99d08d54e8043877f0efed76e02a5272b30ff53bb2d5f552b8047cf55f73,2024-09,South Wales Police,South Wales Police,-3.583957,51.615498,On or near Upper Adare Street,W01001042,Bridgend 004D,Violence and sexual offences,Unable to prosecute suspect,
aef70edde30933b13ab3ec05e986f1974373e40a8e9bd93f1b6702119dcb3c34,2024-09,South Wales Police,South Wales Police,-3.585855,51.614861,On or near Victoria Street,W01001042,Bridgend 004D,Violence and sexual offences,Unable to prosecute suspect,
7ab03e810c5dca2c3d65b7a5de5720462234ea627d395626e60021d59799adee,2024-09,South Wales Police,South Wales Police,-3.581116,51.608172,On or near Lower Church Street,W01001043,Bridgend 004E,Other theft,Investigation complete; no suspect identified,
bdcb72b913c12ed59d333353d873f3d64f2dc4beab4c0a5cde0530669c0d9da8,2024-09,South Wales Police,South Wales Police,-3.584774,51.607439,On or near Bridgend Road,W01001043,Bridgend 004E,Vehicle crime,Investigation complete; no suspect identified,
a341d38e0e2426d0438ff8f6268b8d810eb25a37563a50b4a11a4e1b4d0b7615,2024-09,South Wales Police,South Wales Police,-3.584774,51.607439,On or near Bridgend Road,W01001043,Bridgend 004E,Violence and sexual offences,Unable to prosecute suspect,
7a6260173b4c882dd4075e4964dd638b661b328c4576747441b51dc6088fac32,2024-09,South Wales Police,South Wales Police,-3.581864,51.604322,On or near Thornton Crescent,W01001043,Bridgend 004E,Violence and sexual offences,Investigation complete; no suspect identified,
9e0d2070d71a5c963398d043883f23dc79486b7c28a3a10a0041031fe8a186d0,2024-09,South Wales Police,South Wales Police,-3.580230,51.609254,On or near Blandy Terrace,W01001043,Bridgend 004E,Violence and sexual offences,Under investigation,
,2024-09,South Wales Police,South Wales Police,-3.640367,51.592854,On or near Llety'R Bugail,W01001012,Bridgend 005A,Anti-social behaviour,,
1e153e4e7876c5770162f0dced791a61549143905d4a01f7bc787fc939154014,2024-09,South Wales Police,South Wales Police,-3.628928,51.575353,On or near A4063,W01001012,Bridgend 005A,Criminal damage and arson,Investigation complete; no suspect identified,
2ac525ec4c55796551b6ac842e7fa3e3214ec19d6f07d4ea1dc7ba3f31b16742,2024-09,South Wales Police,South Wales Police,-3.640367,51.592854,On or near Llety'R Bugail,W01001012,Bridgend 005A,Vehicle crime,Awaiting court outcome,
62429450cf76bad78c351c708dfd615f99aff97f89742eb7844341ccb5f4e2af,2024-09,South Wales Police,South Wales Police,-3.642770,51.596220,On or near Mill Street,W01001012,Bridgend 005A,Vehicle crime,Investigation complete; no suspect identified,
e2e3abcde38e0dbf544a768eebcabb028dcdc50544ee34c1b9b691591f0c068a,2024-09,South Wales Police,South Wales Police,-3.639627,51.593953,On or near Gartholwg,W01001012,Bridgend 005A,Vehicle crime,Awaiting court outcome,
0c447f965a697177735967d1f6716ea368141476dc75da1362df353af373df3a,2024-09,South Wales Police,South Wales Police,-3.640609,51.595153,On or near Rhos Helyg,W01001012,Bridgend 005A,Vehicle crime,Awaiting court outcome,
86e75a53da77f61d28fb76b66ade2fb8b2cc704fdf9fdfecc58131f62f08aace,2024-09,South Wales Police,South Wales Police,-3.645517,51.595534,On or near Jenkins Terrace,W01001012,Bridgend 005A,Violence and sexual offences,Unable to prosecute suspect,
,2024-09,South Wales Police,South Wales Police,-3.639085,51.584896,On or near Heol Wil Hopcyn,W01001013,Bridgend 005B,Anti-social behaviour,,
a69b0de2ba5d051f95d1c695b8029051b03bafc83b690fe34f94f542266c4314,2024-09,South Wales Police,South Wales Police,-3.643218,51.593830,On or near Maesteg Road,W01001013,Bridgend 005B,Burglary,Awaiting court outcome,
1d577c246b28da66a63a80b118c258775aaf2339d0afcac07cab9afa1cca413a,2024-09,South Wales Police,South Wales Police,-3.635827,51.589438,On or near Maesteg Road,W01001013,Bridgend 005B,Public order,Under investigation,
c597ee04ad66a76004d5e1d39da17e2119cf5fbd511ba0d7a0af84b0e7800d3f,2024-09,South Wales Police,South Wales Police,-3.635838,51.585319,On or near Heol Tyn-Y-Waun,W01001013,Bridgend 005B,Violence and sexual offences,Under investigation,
40e7bb872372dddc7502185ad622715f8e0aa9b10894e6d3a75feecfd7fc7c28,2024-09,South Wales Police,South Wales Police,-3.639436,51.601877,On or near Daren Close,W01001016,Bridgend 005C,Public order,Investigation complete; no suspect identified,
d0b25ff5588c7fdde3e30b2cbdd19939e10acc77b0de1a010e11cba2546f919a,2024-09,South Wales Police,South Wales Police,-3.640280,51.604069,On or near Bron-Y-Waun,W01001016,Bridgend 005C,Violence and sexual offences,Unable to prosecute suspect,
cedab96e2123eae8f6a3ddb3a45a642fcc33ff36719637d5cc342b69e40eac17,2024-09,South Wales Police,South Wales Police,-3.662221,51.600649,On or near Keir Hardie Road,W01001019,Bridgend 005D,Violence and sexual offences,Unable to prosecute suspect,
,2024-09,South Wales Police,South Wales Police,-3.593359,51.540403,On or near Heol Persondy,W01000974,Bridgend 006A,Anti-social behaviour,,
,2024-09,South Wales Police,South Wales Police,-3.597923,51.541438,On or near Rock Street,W01000974,Bridgend 006A,Anti-social behaviour,,
12fbfb9fc2e6ca4447c8058feb430c0943e833bb332c7642e02a68a1ab456976,2024-09,South Wales Police,South Wales Police,-3.596573,51.542401,On or near The Crescent,W01000974,Bridgend 006A,Burglary,Investigation complete; no suspect identified,
64330ca4076bb0992d911e37d057c8ec8d62bbd5a11c7c3bced290cca77bf0ec,2024-09,South Wales Police,South Wales Police,-3.616139,51.535389,On or near Tycribwr Hill,W01000974,Bridgend 006A,Criminal damage and arson,Investigation complete; no suspect identified,
0040e9e160abde78e2696af362ce9bae9cdea7f3a0da8bea894fa1f5580b3476,2024-09,South Wales Police,South Wales Police,-3.593490,51.541247,On or near Pandy Park,W01000974,Bridgend 006A,Other theft,Investigation complete; no suspect identified,
4d12ca6048c9210bd12616f61f1919d0fcac2d3dcee049ab43c5eb629e5a67bf,2024-09,South Wales Police,South Wales Police,-3.593490,51.541247,On or near Pandy Park,W01000974,Bridgend 006A,Public order,Investigation complete; no suspect identified,
3b8fb88c7b39c56a7fb6695ae2bb1afdeb839c03e640013d8299bf69b44cd80a,2024-09,South Wales Police,South Wales Police,-3.632923,51.546711,On or near Ffordd-Y-Gyfraith,W01000974,Bridgend 006A,Vehicle crime,Investigation complete; no suspect identified,
e1818f8c35d07ba924f0aec7aefca44840b68113cd2c46c0b1a4740dbc7b1833,2024-09,South Wales Police,South Wales Police,-3.595672,51.540552,On or near Pandy Road,W01000974,Bridgend 006A,Vehicle crime,Investigation complete; no suspect identified,
2424ee73b962b02d60b54fd4ac5fed6cef39bc7a21cd654081ca865105913615,2024-09,South Wales Police,South Wales Police,-3.601794,51.549820,On or near New Road,W01000974,Bridgend 006A,Violence and sexual offences,Unable to prosecute suspect,
668c10f5f0338e4eca981910d46a23592e1b485f7b1d292b4845342d2a9bed66,2024-09,South Wales Police,South Wales Police,-3.605245,51.556067,On or near Heol Cildaudy,W01000974,Bridgend 006A,Violence and sexual offences,Under investigation,
0e778a6a7abc3ca2aef157594b5bbef0e477458ebac7d598fafd37a73a46ab06,2024-09,South Wales Police,South Wales Police,-3.602454,51.559963,On or near Nicholls Road,W01000974,Bridgend 006A,Violence and sexual offences,Unable to prosecute suspect,
,2024-09,South Wales Police,South Wales Police,-3.578821,51.552398,On or near Pleasant View,W01001057,Bridgend 006B,Anti-social behaviour,,
,2024-09,South Wales Police,South Wales Police,-3.587144,51.543725,On or near Terfyn Ynysawdre,W01001057,Bridgend 006B,Anti-social behaviour,,
,2024-09,South Wales Police,South Wales Police,-3.578821,51.552398,On or near Pleasant View,W01001057,Bridgend 006B,Anti-social behaviour,,
,2024-09,South Wales Police,South Wales Police,-3.578821,51.552398,On or near Pleasant View,W01001057,Bridgend 006B,Anti-social behaviour,,
2aa0bebbe3a2ad58bbb5a10f42e95ebee770b269212c3aa52c22588b50f2f59e,2024-09,South Wales Police,South Wales Police,-3.576041,51.551805,On or near Sports/Recreation Area,W01001057,Bridgend 006B,Burglary,Awaiting court outcome,
763afeeb7fefc75c120641f1639fad825e831c0176f4abd7fe36b66f98025e74,2024-09,South Wales Police,South Wales Police,-3.573531,51.554177,On or near Abergarw Meadow,W01001057,Bridgend 006B,Criminal damage and arson,Unable to prosecute suspect,
5fe0ff79c3659284ea6c25bae88453f6e2e110434941d196daecc9ce26e07e9d,2024-09,South Wales Police,South Wales Police,-3.589935,51.544343,On or near Heol-Yr-Afon,W01001057,Bridgend 006B,Criminal damage and arson,Investigation complete; no suspect identified,
8db658441db5bf3741ff38374d7b2b0f87bb6a258ca0e620547a58ff02be6f93,2024-09,South Wales Police,South Wales Police,-3.589935,51.544343,On or near Heol-Yr-Afon,W01001057,Bridgend 006B,Criminal damage and arson,Unable to prosecute suspect,
0da138e83f1737a1439a6b34f56c4a47ee40915c2ae5178dcaae228e9411fbf3,2024-09,South Wales Police,South Wales Police,-3.573531,51.554177,On or near Abergarw Meadow,W01001057,Bridgend 006B,Criminal damage and arson,Further investigation is not in the public interest,
2bd282971d0a89ee0a81e6ce6d626049bb717f9cd6445b4b09a6f24f2025eb60,2024-09,South Wales Police,South Wales Police,-3.573531,51.554177,On or near Abergarw Meadow,W01001057,Bridgend 006B,Criminal damage and arson,Unable to prosecute suspect,
9cea5ccb883c184c0b163c8bfda184784818ba2e02dda77c397172bb2c60fb8f,2024-09,South Wales Police,South Wales Police,-3.578821,51.552398,On or near Pleasant View,W01001057,Bridgend 006B,Drugs,Awaiting court outcome,
6a4bcc727bb910868c7543e62bf5b3c6a84f279d5edcfedca20b7a4b02d85a4f,2024-09,South Wales Police,South Wales Police,-3.587144,51.543725,On or near Terfyn Ynysawdre,W01001057,Bridgend 006B,Public order,Unable to prosecute suspect,
e95ce7ae913e4c0b11cd8da83b44d764725b568d5ded22b227e9251cd93e6090,2024-09,South Wales Police,South Wales Police,-3.582728,51.550699,On or near Hazel Mead,W01001057,Bridgend 006B,Public order,Under investigation,
9789ada4f672885cfac9faadb2b733da53a55b5c724a7465d4c838648f878cf2,2024-09,South Wales Police,South Wales Police,-3.573531,51.554177,On or near Abergarw Meadow,W01001057,Bridgend 006B,Public order,Further investigation is not in the public interest,
3fb9a7b9fe2af5a0e8aa5d8d9460a04ae7fcf40801839a72334c4cf8b5d75d27,2024-09,South Wales Police,South Wales Police,-3.573531,51.554177,On or near Abergarw Meadow,W01001057,Bridgend 006B,Public order,Unable to prosecute suspect,
9444358de7433e04ceeffd6523d851e004f50fe37f8a6c76eb478fbc0cff5087,2024-09,South Wales Police,South Wales Police,-3.588356,51.547872,On or near Lôn Derw,W01001057,Bridgend 006B,Theft from the person,Unable to prosecute suspect,
998d2f69f4c83aa5c591df8bcf05b3e308842bf09fad52c73017248e9c6e8870,2024-09,South Wales Police,South Wales Police,-3.573531,51.554177,On or near Abergarw Meadow,W01001057,Bridgend 006B,Violence and sexual offences,Unable to prosecute suspect,
a12bdc3c84893f7bee5357cb7ebe9b7b49870e704fc1f4f6119f588cbba66605,2024-09,South Wales Police,South Wales Police,-3.576041,51.551805,On or near Sports/Recreation Area,W01001057,Bridgend 006B,Violence and sexual offences,Under investigation,
95d4aa91e3d7a2f7a5acb3e98b68ff0dcfa009bd5d1fb547d688ccd8c9dd5d88,2024-09,South Wales Police,South Wales Police,-3.589935,51.544343,On or near Heol-Yr-Afon,W01001057,Bridgend 006B,Violence and sexual offences,Unable to prosecute suspect,
f831ba02abc7924c80c1f52b677bb243245d073359f8b45b69403aca3988ef98,2024-09,South Wales Police,South Wales Police,-3.586530,51.544704,On or near Heol-Y-Fferm,W01001057,Bridgend 006B,Violence and sexual offences,Unable to prosecute suspect,
373ee837b3226c3a21687871b48f40328e0f9ebf794bbdcb73cc76d4d2c51d85,2024-09,South Wales Police,South Wales Police,-3.586530,51.544704,On or near Heol-Y-Fferm,W01001057,Bridgend 006B,Violence and sexual offences,Unable to prosecute suspect,
156f235afe65782f90c86c489d579708320d5a83992587706234b6ac6aa9a647,2024-09,South Wales Police,South Wales Police,-3.573531,51.554177,On or near Abergarw Meadow,W01001057,Bridgend 006B,Violence and sexual offences,Unable to prosecute suspect,
5b820a09f85a5a82a6fcba99b828e2693af0f59be5f1849897eb9d1591859e43,2024-09,South Wales Police,South Wales Police,-3.576041,51.551805,On or near Sports/Recreation Area,W01001057,Bridgend 006B,Violence and sexual offences,Awaiting court outcome,
9f16835fedf70e77e8de406292bea597f72e0f01f77a4fbbddb45f68f0674ae7,2024-09,South Wales Police,South Wales Police,-3.575354,51.552255,On or near Abergarw Road,W01001057,Bridgend 006B,Violence and sexual offences,Unable to prosecute suspect,
af8173281c8d4e816022890d9e29bd9dbaf3d800ef605e8c6bcb3bd14b0435bc,2024-09,South Wales Police,South Wales Police,-3.573531,51.554177,On or near Abergarw Meadow,W01001057,Bridgend 006B,Violence and sexual offences,Unable to prosecute suspect,
5835a1501991b68fe90a09ced0ce4d09d7ba59b5345e727bbfec5a98c647df4c,2024-09,South Wales Police,South Wales Police,-3.573531,51.554177,On or near Abergarw Meadow,W01001057,Bridgend 006B,Violence and sexual offences,Under investigation,
c47f442de61b6a6ac1e6fd86df743767c2af5642bc381e554b2b47c47486a2d8,2024-09,South Wales Police,South Wales Police,-3.573531,51.554177,On or near Abergarw Meadow,W01001057,Bridgend 006B,Violence and sexual offences,Investigation complete; no suspect identified,
8d779330bff6f4a3c562d1196c8f214875a86864d7886ef4c519ab81920d8361,2024-09,South Wales Police,South Wales Police,-3.573531,51.554177,On or near Abergarw Meadow,W01001057,Bridgend 006B,Violence and sexual offences,Unable to prosecute suspect,
e2d62956a7615f1b5d4bfd900b1b11dae3b2089d52917804713521e1cfd1cb5c,2024-09,South Wales Police,South Wales Police,-3.573531,51.554177,On or near Abergarw Meadow,W01001057,Bridgend 006B,Violence and sexual offences,Unable to prosecute suspect,
db0406a29e88ef0aa02992afeadbe499b0c9f9fb3b58c5f8a58c009c6ff5ca5a,2024-09,South Wales Police,South Wales Police,-3.586530,51.544704,On or near Heol-Y-Fferm,W01001057,Bridgend 006B,Other crime,Unable to prosecute suspect,
e76665ab9544391221f7f737cb1947f7ee332c36cdec4e827e2a8808b0af496e,2024-09,South Wales Police,South Wales Police,-3.597129,51.550037,On or near Parc Derllwyn,W01001058,Bridgend 006C,Public order,Investigation complete; no suspect identified,
af9f810c560bbaac47e8c2c8f1ed3933106488a934a23ae4968fd91238adbc60,2024-09,South Wales Police,South Wales Police,-3.603878,51.548389,On or near Park Terrace,W01001058,Bridgend 006C,Vehicle crime,Investigation complete; no suspect identified,
c7a60938039e1985c537279ae9d7b912c9284bd2696417ba8a845b79faedc67f,2024-09,South Wales Police,South Wales Police,-3.593891,51.546547,On or near Hill Close,W01001058,Bridgend 006C,Violence and sexual offences,Unable to prosecute suspect,
b71322dc3b4f706591742682b08b93793840cd2f89686118a61afbb7fda87c47,2024-09,South Wales Police,South Wales Police,-3.590929,51.547612,On or near Clos Andrews,W01001058,Bridgend 006C,Violence and sexual offences,Under investigation,
,2024-09,South Wales Police,South Wales Police,-3.574033,51.549081,On or near Attlee Street,W01000986,Bridgend 007A,Anti-social behaviour,,
ec5e22c98e995e334c5982a225ac9cd2fe6fe98b6a02b31b629f31d46e8a57d6,2024-09,South Wales Police,South Wales Police,-3.570549,51.548849,On or near Davis Avenue,W01000986,Bridgend 007A,Criminal damage and arson,Investigation complete; no suspect identified,
a3d1d540996acae31bf03e159bf68c5ac9942cad37d2df3bf9e2faf6b8114ae8,2024-09,South Wales Police,South Wales Police,-3.569345,51.548658,On or near Heol Yr Eglwys,W01000986,Bridgend 007A,Public order,Under investigation,
eb0bc2362e2e438f3232b30dbc81e277d2e006f37aa806acc74c1549c0b7fca6,2024-09,South Wales Police,South Wales Police,-3.567468,51.552031,On or near Sports/Recreation Area,W01000986,Bridgend 007A,Violence and sexual offences,Local resolution,
569e10e6df877206d4c148675fc09214ed43e3e8b7b6e13e507c315206107bba,2024-09,South Wales Police,South Wales Police,-3.567468,51.552031,On or near Sports/Recreation Area,W01000986,Bridgend 007A,Violence and sexual offences,Unable to prosecute suspect,
bc3cd41f1e0254992ea427cff990871fccca49ec0522d7960b9369b7d246f0f5,2024-09,South Wales Police,South Wales Police,-3.570119,51.551426,On or near Maes Brynach,W01000986,Bridgend 007A,Violence and sexual offences,Under investigation,
3fee0adb58d7baffbf7cc481e21fd28240909be8ac2566fe090c639e1dc2e125,2024-09,South Wales Police,South Wales Police,-3.567468,51.552031,On or near Sports/Recreation Area,W01000986,Bridgend 007A,Violence and sexual offences,Under investigation,
,2024-09,South Wales Police,South Wales Police,-3.581402,51.541968,On or near Jubilee Crescent,W01000987,Bridgend 007B,Anti-social behaviour,,
,2024-09,South Wales Police,South Wales Police,-3.581265,51.541772,On or near Queen'S Avenue,W01000987,Bridgend 007B,Anti-social behaviour,,
,2024-09,South Wales Police,South Wales Police,-3.584404,51.542053,On or near Heol Cwrdy,W01000987,Bridgend 007B,Anti-social behaviour,,
d706b01c4a0c7f1b8f319f2650b327fda5cf8e16dd354a536a73d9223d87c90f,2024-09,South Wales Police,South Wales Police,-3.583466,51.541203,On or near Merfield Close,W01000987,Bridgend 007B,Burglary,Investigation complete; no suspect identified,
f887da94c6ab3debc2bb3f51ef6b90bfbf73ee3ee9aef74c9ae27782ea8f69c4,2024-09,South Wales Police,South Wales Police,-3.583407,51.540763,On or near Supermarket,W01000987,Bridgend 007B,Other theft,Unable to prosecute suspect,
a0ac31c55d291d075898e65924192f55695e9d42eb4c6b7a08e76ba123ed2f9b,2024-09,South Wales Police,South Wales Police,-3.573871,51.541871,On or near Heol Canola,W01000987,Bridgend 007B,Public order,Under investigation,
fd5531fd8f0745b2e96fb9ceb5fffa61d0d0b3e61ce24fff5356ed38888f7807,2024-09,South Wales Police,South Wales Police,-3.579046,51.546415,On or near Ffordd Maendy,W01000987,Bridgend 007B,Public order,Unable to prosecute suspect,
31aa09ad1aff9aad5c1340b6fc6c756d7e9b7939817625f5b8eb2a393192cd37,2024-09,South Wales Police,South Wales Police,-3.580463,51.546108,On or near Heol Bryncethin,W01000987,Bridgend 007B,Public order,Unable to prosecute suspect,
241f37eaf89a0ac7f196f5d1835d21f190f9ea0a13ac3d6e27f0ab9061983f39,2024-09,South Wales Police,South Wales Police,-3.583407,51.540763,On or near Supermarket,W01000987,Bridgend 007B,Shoplifting,Investigation complete; no suspect identified,
ae29b1422ef33f6daadde16afeb5e7ac09927b4f00e277ca2024b1af8d94bf77,2024-09,South Wales Police,South Wales Police,-3.581265,51.541772,On or near Queen'S Avenue,W01000987,Bridgend 007B,Shoplifting,Investigation complete; no suspect identified,
ea71e2ddc14526b003288a4753d3bd5b28dca6872337713f5684c9efccc20988,2024-09,South Wales Police,South Wales Police,-3.580974,51.542954,On or near Bakers Way,W01000987,Bridgend 007B,Vehicle crime,Investigation complete; no suspect identified,
256e02db20b570f4de8da10c3235e71366972077db564fcd8fa4dcf235bfc2d3,2024-09,South Wales Police,South Wales Police,-3.584404,51.542053,On or near Heol Cwrdy,W01000987,Bridgend 007B,Vehicle crime,Investigation complete; no suspect identified,
e30c74a7d113fa36bb4da338b55497007b754b0bb9ecda47b130dd462aa09e02,2024-09,South Wales Police,South Wales Police,-3.583466,51.541203,On or near Merfield Close,W01000987,Bridgend 007B,Violence and sexual offences,Under investigation,
fab5db4b5b6e7554ab137d5dbfd19dc481378d3808dbc9853cf83e22696fc183,2024-09,South Wales Police,South Wales Police,-3.581402,51.541968,On or near Jubilee Crescent,W01000987,Bridgend 007B,Violence and sexual offences,Under investigation,
94d7750898e908b0d7301bc5722eee58dde323330446a706de3c5565a8639f64,2024-09,South Wales Police,South Wales Police,-3.584404,51.542053,On or near Heol Cwrdy,W01000987,Bridgend 007B,Violence and sexual offences,Unable to prosecute suspect,
d342a111d8f20207ebc31a03989aaf50f35b62bed223dac9fe2ee824a5eb0983,2024-09,South Wales Police,South Wales Police,-3.583466,51.541203,On or near Merfield Close,W01000987,Bridgend 007B,Violence and sexual offences,Investigation complete; no suspect identified,
915fe8bd3eafb2fe9e84624f576ee9cc1af421e560736e89c9673ad428d1c1ea,2024-09,South Wales Police,South Wales Police,-3.577677,51.542270,On or near Bayliss Road,W01000987,Bridgend 007B,Violence and sexual offences,Unable to prosecute suspect,
07402900962048978b3816bbf1410d20447feb5383d6b056e6767d1dd5971144,2024-09,South Wales Police,South Wales Police,-3.580463,51.546108,On or near Heol Bryncethin,W01000987,Bridgend 007B,Violence and sexual offences,Unable to prosecute suspect,
3ada0e888d40bfe743be2ba4e1ec309126feddb0af06bee86936c40d81111fc8,2024-09,South Wales Police,South Wales Police,-3.580463,51.546108,On or near Heol Bryncethin,W01000987,Bridgend 007B,Violence and sexual offences,Awaiting court outcome,
369c954590812a3fbb0f2bd7cebd5594a0a14df720fbee96ad205222bd5eeece,2024-09,South Wales Police,South Wales Police,-3.575375,51.542427,On or near Elm Rise,W01000987,Bridgend 007B,Violence and sexual offences,Unable to prosecute suspect,
1893358a317df992f26e9506ad5502549d332829d7ee39613e84a5113850ab1f,2024-09,South Wales Police,South Wales Police,-3.584404,51.542053,On or near Heol Cwrdy,W01000987,Bridgend 007B,Violence and sexual offences,Under investigation,
7c4a26de7637e77e0b0868dbf99a97d35f60a20d6fb2e3fed265d70e8bc75874,2024-09,South Wales Police,South Wales Police,-3.581343,51.539856,On or near The Retreat,W01001055,Bridgend 007C,Other theft,Unable to prosecute suspect,
b0bb6bcca0f2e315d35f5dba409c493f2610aecc95f0edbd507cbcc7f00fa1b5,2024-09,South Wales Police,South Wales Police,-3.589663,51.539851,On or near Ffordd Priordy,W01001055,Bridgend 007C,Violence and sexual offences,Local resolution,
31e0b1975c7c23bfc13a26a539aa679ac93605b422bfaebd59294ec3f4a126d2,2024-09,South Wales Police,South Wales Police,-3.579628,51.541147,On or near Heol Canola,W01001055,Bridgend 007C,Violence and sexual offences,Unable to prosecute suspect,
d35af850d8f29853b3e558106166f98942992f29c3aa51c86509b4892eeb008b,2024-09,South Wales Police,South Wales Police,-3.579628,51.541147,On or near Heol Canola,W01001055,Bridgend 007C,Violence and sexual offences,Further investigation is not in the public interest,
c59e35bfb448a542e2efba192e7e52d5faf9350584d8ad940a572ae0f34b71cd,2024-09,South Wales Police,South Wales Police,-3.589663,51.539851,On or near Ffordd Priordy,W01001055,Bridgend 007C,Violence and sexual offences,Under investigation,
188929e18d9ec1928cdab053d09091171862b9dbc3c5751ca7f8e8c08c79bbee,2024-09,South Wales Police,South Wales Police,-3.585687,51.541631,On or near The Quadrangle,W01001055,Bridgend 007C,Violence and sexual offences,Unable to prosecute suspect,
91322cf39346d0aa16b28ae7422cb6d878f035f52286305c07c2e462b653cd1c,2024-09,South Wales Police,South Wales Police,-3.576737,51.538011,On or near Bryn Hyfryd,W01001055,Bridgend 007C,Violence and sexual offences,Investigation complete; no suspect identified,
278c28e6dd364e4e880c6b69ef0e4e8eb27a02f4ad25d2269aeeee5a8a7da8f9,2024-09,South Wales Police,South Wales Police,-3.577027,51.540147,On or near Heol-Y-Nant,W01001055,Bridgend 007C,Other crime,Further investigation is not in the public interest,
,2024-09,South Wales Police,South Wales Police,-3.585682,51.539824,On or near Heolganol,W01001056,Bridgend 007D,Anti-social behaviour,,
98d0309f34ce6d7ba019d47c40f7e06bd609673715fb31267af7d2338fdd1851,2024-09,South Wales Police,South Wales Police,-3.582429,51.537926,On or near Bryncoch Road,W01001056,Bridgend 007D,Public order,Unable to prosecute suspect,
5ddf8414a2dd103eedb2c09760ffac707e17643d6af638f0956d7170828d2a77,2024-09,South Wales Police,South Wales Police,-3.577009,51.535058,On or near Motorway Service Area,W01001056,Bridgend 007D,Public order,Under investigation,
44413472936dad91b563c79408069c6d27f3df753d271c2d7b61d5aba536b8c7,2024-09,South Wales Police,South Wales Police,-3.578421,51.531294,On or near Shopping Area,W01001056,Bridgend 007D,Shoplifting,Under investigation,
f405d5d91f860ab6c12dc1f112353e09f34ba53320dd4d198f1d56073e4646e6,2024-09,South Wales Police,South Wales Police,-3.587057,51.536244,On or near Rectory Close,W01001056,Bridgend 007D,Violence and sexual offences,Unable to prosecute suspect,
0fc6192b099c45fbc49018fc6cd029d82760c1d4063c2781673313a08617de35,2024-09,South Wales Police,South Wales Police,-3.586955,51.537864,On or near Highfield Place,W01001056,Bridgend 007D,Violence and sexual offences,Unable to prosecute suspect,
0303cef0a2de6c54b87b1d765d77496d0955fb37de763d5f100209dfba56fffa,2024-09,South Wales Police,South Wales Police,-3.641679,51.531536,On or near Bryn Glas,W01000996,Bridgend 008A,Violence and sexual offences,Unable to prosecute suspect,
,2024-09,South Wales Police,South Wales Police,-3.674069,51.527832,On or near Woodlands Park,W01001048,Bridgend 008B,Anti-social behaviour,,
ab7ae296f5a87ce68740b7ea2b8ce3b7f777831fdd4bfcb4ee9608a6e72f6c2c,2024-09,South Wales Police,South Wales Police,-3.677141,51.529434,On or near South View,W01001048,Bridgend 008B,Burglary,Investigation complete; no suspect identified,
4c4dfc04e2065d00c1c4760ba26fb82f1ff4f567ef900854e9e61db302ce5923,2024-09,South Wales Police,South Wales Police,-3.677141,51.529434,On or near South View,W01001048,Bridgend 008B,Other theft,Investigation complete; no suspect identified,
09038b9721bf7eb899e43c5c5ce3a2b58a606089025e3831adb5dee09705c95b,2024-09,South Wales Police,South Wales Police,-3.674069,51.527832,On or near Woodlands Park,W01001048,Bridgend 008B,Public order,Unable to prosecute suspect,
05b59c46d6741e2ca1bf8fc26031ed06c2718249844db3aa03f01e0cacd9ef67,2024-09,South Wales Police,South Wales Police,-3.677141,51.529434,On or near South View,W01001048,Bridgend 008B,Violence and sexual offences,Under investigation,
3b98f73decc25ecb8a686d433dc04949f66e611099f0549343728a720546ad6f,2024-09,South Wales Police,South Wales Police,-3.677141,51.529434,On or near South View,W01001048,Bridgend 008B,Violence and sexual offences,Under investigation,
6a091239669c245920733497a64e20c0054ced306591a6aeafb0b5b05940ec1f,2024-09,South Wales Police,South Wales Police,-3.681974,51.531478,On or near Bridge Street,W01001048,Bridgend 008B,Violence and sexual offences,Under investigation,
0363d80c50e6973e136c1f45a7ffe21fdd42edef996e5059e2d2fdea09e67129,2024-09,South Wales Police,South Wales Police,-3.676619,51.531689,On or near Ton View,W01001048,Bridgend 008B,Violence and sexual offences,Under investigation,
1af8074a93ffba3b7f8ddc43cff342120a6a38a4a3da901057f724754442c207,2024-09,South Wales Police,South Wales Police,-3.681974,51.531478,On or near Bridge Street,W01001048,Bridgend 008B,Violence and sexual offences,Local resolution,
f86815feaa321c38273c5f8b48e3908701358ba1456635dc59091640cceeab15,2024-09,South Wales Police,South Wales Police,-3.678057,51.533152,On or near Commercial Street,W01001048,Bridgend 008B,Violence and sexual offences,Under investigation,
043d37043487cfd654270f899d1b99f7a592018138a4557442890fb42c487984,2024-09,South Wales Police,South Wales Police,-3.677141,51.529434,On or near South View,W01001048,Bridgend 008B,Other crime,Unable to prosecute suspect,
,2024-09,South Wales Police,South Wales Police,-3.695094,51.531469,On or near Ffordd Ddu,W01001049,Bridgend 008C,Anti-social behaviour,,
,2024-09,South Wales Police,South Wales Police,-3.698928,51.526422,On or near Beach Road,W01001049,Bridgend 008C,Anti-social behaviour,,
,2024-09,South Wales Police,South Wales Police,-3.698610,51.526769,On or near The Quadrangle,W01001049,Bridgend 008C,Anti-social behaviour,,
8c80c143273a41913d2b623361926e68f6ba996524179c47a4eff8225f2ff645,2024-09,South Wales Police,South Wales Police,-3.697183,51.527167,On or near Mill Road,W01001049,Bridgend 008C,Burglary,Investigation complete; no suspect identified,
aafce28233d33e095479d817333376bb40f3c71a1908fdf519876fe0755d6eed,2024-09,South Wales Police,South Wales Police,-3.698610,51.526769,On or near The Quadrangle,W01001049,Bridgend 008C,Criminal damage and arson,Investigation complete; no suspect identified,
935ab5ce6f2e68730d50df9f566b515bcf4db732ceb16757f6a3edf4988f8a60,2024-09,South Wales Police,South Wales Police,-3.698610,51.526769,On or near The Quadrangle,W01001049,Bridgend 008C,Other theft,Investigation complete; no suspect identified,
bb25ada7675c0f19b3691180223a59973e8ee9c4edb84a1dd17b4e21a5e68b28,2024-09,South Wales Police,South Wales Police,-3.696214,51.526309,On or near Pandy Crescent,W01001049,Bridgend 008C,Violence and sexual offences,Under investigation,
0b6595226c1dd6a0b246776acb6eedd2329d19042c5b89b514aa69fdc6bb32f5,2024-09,South Wales Police,South Wales Police,-3.698928,51.526422,On or near Beach Road,W01001049,Bridgend 008C,Violence and sexual offences,Unable to prosecute suspect,
726db7b3089f7c5c24fa00409f20480835e7b297f730060c1d1e60924bf322a5,2024-09,South Wales Police,South Wales Police,-3.698928,51.526422,On or near Beach Road,W01001049,Bridgend 008C,Violence and sexual offences,Unable to prosecute suspect,
75c4057eb4e1eeddda1a6550f9b0e66caa47b3ba73106f1f6ce3f9de934668e2,2024-09,South Wales Police,South Wales Police,-3.696559,51.529001,On or near Brynteg Avenue,W01001049,Bridgend 008C,Violence and sexual offences,Under investigation,
da79880e95495f68de3fc37975b7cc7ef068d202d8ef96f36cb38b50e1292694,2024-09,South Wales Police,South Wales Police,-3.696559,51.529001,On or near Brynteg Avenue,W01001049,Bridgend 008C,Violence and sexual offences,Under investigation,
fd696886c504f33f919ce3f8a75ba7c356f191c03d8e2cc34c9757c46ae999d9,2024-09,South Wales Police,South Wales Police,-3.696214,51.526309,On or near Pandy Crescent,W01001049,Bridgend 008C,Violence and sexual offences,Unable to prosecute suspect,
,2024-09,South Wales Police,South Wales Police,-3.686936,51.526865,On or near Heol Mostyn,W01001050,Bridgend 008D,Anti-social behaviour,,
,2024-09,South Wales Police,South Wales Police,-3.689077,51.528624,On or near Parking Area,W01001050,Bridgend 008D,Anti-social behaviour,,
,2024-09,South Wales Police,South Wales Police,-3.688842,51.530830,On or near Heol Tegfryn,W01001050,Bridgend 008D,Anti-social behaviour,,
,2024-09,South Wales Police,South Wales Police,-3.688842,51.530830,On or near Heol Tegfryn,W01001050,Bridgend 008D,Anti-social behaviour,,
,2024-09,South Wales Police,South Wales Police,-3.681800,51.528701,On or near Meadow Avenue,W01001050,Bridgend 008D,Anti-social behaviour,,
,2024-09,South Wales Police,South Wales Police,-3.690813,51.527601,On or near Supermarket,W01001050,Bridgend 008D,Anti-social behaviour,,
590217c60d16c39827d8adbb21815a7f2046525916365b7d7d45770745fc5876,2024-09,South Wales Police,South Wales Police,-3.689077,51.528624,On or near Parking Area,W01001050,Bridgend 008D,Criminal damage and arson,Under investigation,
414a7d715cb05d8b41f0b5c638b43adbcbad578027bda28d25de650e2b8d68cd,2024-09,South Wales Police,South Wales Police,-3.690813,51.527601,On or near Supermarket,W01001050,Bridgend 008D,Other theft,Investigation complete; no suspect identified,
798b6a9cb56a182c0d7271c3e269e0faa355757511eb004613e0bf2f199ea14b,2024-09,South Wales Police,South Wales Police,-3.689077,51.528624,On or near Parking Area,W01001050,Bridgend 008D,Public order,Under investigation,
b79e60d281e824f86e5a0196be8e3852b3123822ce9ccc8308eab05687d6f42d,2024-09,South Wales Police,South Wales Police,-3.686537,51.530099,On or near Pisgah Street,W01001050,Bridgend 008D,Public order,Investigation complete; no suspect identified,
608a2239331bd754f109824ea047d278e717ffe1ea85ee0bffcf607502adf395,2024-09,South Wales Police,South Wales Police,-3.690813,51.527601,On or near Supermarket,W01001050,Bridgend 008D,Public order,Unable to prosecute suspect,
0199f1496d917e9cd41568ad53c73b64f8cb1f4bc61545d5bdebe95be17a724e,2024-09,South Wales Police,South Wales Police,-3.690813,51.527601,On or near Supermarket,W01001050,Bridgend 008D,Shoplifting,Unable to prosecute suspect,
d90dc726cd3e1dc0ccaf483e49a87bff1c6caf280480c9e81c64d38f0697d7e0,2024-09,South Wales Police,South Wales Police,-3.690813,51.527601,On or near Supermarket,W01001050,Bridgend 008D,Shoplifting,Investigation complete; no suspect identified,
9b3359c0614b849edeed2f98a654440cc017143ddd89e75ab1aa8fbbdb3dc29b,2024-09,South Wales Police,South Wales Police,-3.692353,51.526383,On or near Bryn-Glas Terrace,W01001050,Bridgend 008D,Theft from the person,Unable to prosecute suspect,
e1b054b2d4266e4ca2174ea8ca82f58c62c47b46871daf102f7cf83de156972a,2024-09,South Wales Police,South Wales Police,-3.684021,51.529902,On or near Tytalwyn Avenue,W01001050,Bridgend 008D,Violence and sexual offences,Under investigation,
2c2c06dd9439c0ab310714da60e4787fba63532b8748606f36f53eae01968c76,2024-09,South Wales Police,South Wales Police,-3.681800,51.528701,On or near Meadow Avenue,W01001050,Bridgend 008D,Violence and sexual offences,Unable to prosecute suspect,
68a964630c39f495d3fb5108b570c5cf365d199fa226ef14190ef45ce2c0c75f,2024-09,South Wales Police,South Wales Police,-3.688695,51.528036,On or near Marshfield Avenue,W01001050,Bridgend 008D,Violence and sexual offences,Under investigation,
77bc08fe8355906ffe77ef54fd7d67f812772bbc370bca37f7a11d1d09f3cc96,2024-09,South Wales Police,South Wales Police,-3.684021,51.529902,On or near Tytalwyn Avenue,W01001050,Bridgend 008D,Violence and sexual offences,Unable to prosecute suspect,
2d9facc5e935687b33abb9f508fef1b5c1c4c9e8551d7bac4cc6d775dca72ca5,2024-09,South Wales Police,South Wales Police,-3.682179,51.530387,On or near Parking Area,W01001050,Bridgend 008D,Violence and sexual offences,Unable to prosecute suspect,
ba378ebd18731a0676c3972feba54538b6492632af573d8d47fb710ed3965e9d,2024-09,South Wales Police,South Wales Police,-3.689077,51.528624,On or near Parking Area,W01001050,Bridgend 008D,Violence and sexual offences,Unable to prosecute suspect,
b11ba1e3060dd76f09aeaf25f18deaba4b86c7b1c6e6298583a9f741e53e1321,2024-09,South Wales Police,South Wales Police,-3.684021,51.529902,On or near Tytalwyn Avenue,W01001050,Bridgend 008D,Violence and sexual offences,Investigation complete; no suspect identified,
cb9363b753de6cdc143994248a7dcd1b4289d71ce688cd44b8bd238f874c8091,2024-09,South Wales Police,South Wales Police,-3.688842,51.530830,On or near Heol Tegfryn,W01001050,Bridgend 008D,Violence and sexual offences,Unable to prosecute suspect,
07f675f0f464bc7a3eda849422abca670edf3a04dfd42a2b389150c59a4e4c4c,2024-09,South Wales Police,South Wales Police,-3.686095,51.529449,On or near Baiden Avenue,W01001050,Bridgend 008D,Other crime,Further investigation is not in the public interest,
,2024-09,South Wales Police,South Wales Police,-3.673450,51.536887,On or near Heol Yr Orsaf Fechan,W01001051,Bridgend 008E,Anti-social behaviour,,
,2024-09,South Wales Police,South Wales Police,-3.680859,51.535657,On or near Yr Hendre,W01001051,Bridgend 008E,Anti-social behaviour,,
3e07e7a1d7c51d916845142b7c4ac170208810628a8355bfa4f6aeacba1812dd,2024-09,South Wales Police,South Wales Police,-3.673898,51.534165,On or near School Road,W01001051,Bridgend 008E,Criminal damage and arson,Unable to prosecute suspect,
2b00f4e94603a35967a34f41c91f9eacd43acff7c7ca90a20750a528ca97679c,2024-09,South Wales Police,South Wales Police,-3.678997,51.534029,On or near Pwllygath Street,W01001051,Bridgend 008E,Criminal damage and arson,Investigation complete; no suspect identified,
3bf42134de68e540e184ff45cb48f2b324850b32a67ed364d880e31330c59030,2024-09,South Wales Police,South Wales Police,-3.673898,51.534165,On or near School Road,W01001051,Bridgend 008E,Criminal damage and arson,Investigation complete; no suspect identified,
ccce5af2fd30f73b9eabb370502cabb565aff831887f1bc85f4aba7df758636d,2024-09,South Wales Police,South Wales Police,-3.677784,51.534370,On or near Prince Road,W01001051,Bridgend 008E,Public order,Investigation complete; no suspect identified,
feb5d73ac8c3fce2c9b5cffaf4be22ff8af8311df1add63f008b0cc2392b150c,2024-09,South Wales Police,South Wales Police,-3.680177,51.532394,On or near Commercial Street,W01001051,Bridgend 008E,Vehicle crime,Investigation complete; no suspect identified,
4cc16eae15a0201728540e01d2ce44d4da07fb07569799584d97d61a57daf771,2024-09,South Wales Police,South Wales Police,-3.677784,51.534370,On or near Prince Road,W01001051,Bridgend 008E,Vehicle crime,Under investigation,
7a7751e4b8798cfc2a152d74196ab80decfcba5eb020ea836d278140c16789fd,2024-09,South Wales Police,South Wales Police,-3.673898,51.534165,On or near School Road,W01001051,Bridgend 008E,Violence and sexual offences,Unable to prosecute suspect,
538fc7dac679f8911023bea770998cbc4f4d9a746eecfe3506286018690e1f94,2024-09,South Wales Police,South Wales Police,-3.679645,51.536753,On or near Headland,W01001051,Bridgend 008E,Violence and sexual offences,Investigation complete; no suspect identified,
192645636f6e614ebfb9d84b49377482105a58ab981779d5195d69a00acd575d,2024-09,South Wales Police,South Wales Police,-3.678124,51.536955,On or near Trederwen,W01001051,Bridgend 008E,Violence and sexual offences,Under investigation,
d9b19e4150b8b0d8e68978f86194c851976dcac3a6195725078d1f6049d7b886,2024-09,South Wales Police,South Wales Police,-3.679645,51.536753,On or near Headland,W01001051,Bridgend 008E,Violence and sexual offences,Unable to prosecute suspect,
b54b75a13d71cc4ff9d6339d2d2b426e148f8894fb90d14ad948f5fc95046451,2024-09,South Wales Police,South Wales Police,-3.674118,51.537012,On or near Clôs Masons,W01001051,Bridgend 008E,Violence and sexual offences,Unable to prosecute suspect,
1ac244d9cca67f9a930802fafe98b8b0cdbe50006a494cb892c8f0c9ece0333f,2024-09,South Wales Police,South Wales Police,-3.678124,51.536955,On or near Trederwen,W01001051,Bridgend 008E,Violence and sexual offences,Under investigation,
102997b0219aa4c03670a34e50741282af3921c7d923f4c0d178783da59bfd9e,2024-09,South Wales Police,South Wales Police,-3.680177,51.532394,On or near Commercial Street,W01001051,Bridgend 008E,Violence and sexual offences,Unable to prosecute suspect,
f4306e707a1ca1bed9e0f9b028cf5ad0b85b21bd1e1ada544684f6858b82ab08,2024-09,South Wales Police,South Wales Police,-3.680177,51.532394,On or near Commercial Street,W01001051,Bridgend 008E,Violence and sexual offences,Unable to prosecute suspect,
03601fb121e0c98cecc557e12b4b748895231e0f1a963f33a168e1631e74829f,2024-09,South Wales Police,South Wales Police,-3.679645,51.536753,On or near Headland,W01001051,Bridgend 008E,Violence and sexual offences,Under investigation,
13609f1f39b03dee80415954b1466353e7d12e4064ba974ddbe89639985a50e1,2024-09,South Wales Police,South Wales Police,-3.675084,51.536234,On or near Llys Yr Orsaf,W01001051,Bridgend 008E,Violence and sexual offences,Unable to prosecute suspect,
0dc3d7e41c0995b5463d239f76aa6f4473313650758e84ebeae8ab0aa0550e44,2024-09,South Wales Police,South Wales Police,-3.678997,51.534029,On or near Pwllygath Street,W01001051,Bridgend 008E,Violence and sexual offences,Investigation complete; no suspect identified,
341a277d56d6d95b40400ec6c8d5e08e91a824ae9412640bccf5370cf48b3daa,2024-09,South Wales Police,South Wales Police,-3.673898,51.534165,On or near School Road,W01001051,Bridgend 008E,Other crime,Unable to prosecute suspect,
7a40309ea5d20ae838cc88f6a9e7cc0be480d8712ba9ac6a98740206b9470c8c,2024-09,South Wales Police,South Wales Police,-3.672027,51.533068,On or near High Street,W01001051,Bridgend 008E,Other crime,Unable to prosecute suspect,
,2024-09,South Wales Police,South Wales Police,-3.686097,51.533028,On or near Abbey Road,W01001052,Bridgend 008F,Anti-social behaviour,,
26f63c3e0c5978e22f591cd18ff740a8439e3967b9bd7bbe000f339b96b7d1a6,2024-09,South Wales Police,South Wales Police,-3.694604,51.532249,On or near Hafod Decaf,W01001052,Bridgend 008F,Other theft,Investigation complete; no suspect identified,
2cf83a6b3211db06a3cf17c709742cde19cc630c9baa00bad8bbac1c24dcf50e,2024-09,South Wales Police,South Wales Police,-3.694604,51.532249,On or near Hafod Decaf,W01001052,Bridgend 008F,Shoplifting,Investigation complete; no suspect identified,
3db71c499676630cdb54580663aa0ba7f682b1c7fc734e97228a9a476bd89d01,2024-09,South Wales Police,South Wales Police,-3.688652,51.531543,On or near Sunnybank,W01001052,Bridgend 008F,Vehicle crime,Investigation complete; no suspect identified,
79441b5fda0b54f1c454d61afa49d8689d46be600b15dc31cf1c921101dece50,2024-09,South Wales Police,South Wales Police,-3.682531,51.532117,On or near Garth Street,W01001052,Bridgend 008F,Violence and sexual offences,Under investigation,
,2024-09,South Wales Police,South Wales Police,-3.500619,51.522284,On or near Glossop Terrace,W01001004,Bridgend 009A,Anti-social behaviour,,
,2024-09,South Wales Police,South Wales Police,-3.501161,51.519940,On or near Sports/Recreation Area,W01001004,Bridgend 009A,Anti-social behaviour,,
,2024-09,South Wales Police,South Wales Police,-3.498679,51.522039,On or near Cae Glas,W01001004,Bridgend 009A,Anti-social behaviour,,
,2024-09,South Wales Police,South Wales Police,-3.501161,51.519940,On or near Sports/Recreation Area,W01001004,Bridgend 009A,Anti-social behaviour,,
,2024-09,South Wales Police,South Wales Police,-3.501161,51.519940,On or near Sports/Recreation Area,W01001004,Bridgend 009A,Anti-social behaviour,,
,2024-09,South Wales Police,South Wales Police,-3.493054,51.527201,On or near Penybont Road,W01001004,Bridgend 009A,Anti-social behaviour,,
,2024-09,South Wales Police,South Wales Police,-3.497631,51.524355,On or near Lletai Avenue,W01001004,Bridgend 009A,Anti-social behaviour,,
3540b2ae8785be4e3ad8251d39807dc94301cb6474ee59527c0b942c326f89e5,2024-09,South Wales Police,South Wales Police,-3.501161,51.519940,On or near Sports/Recreation Area,W01001004,Bridgend 009A,Criminal damage and arson,Investigation complete; no suspect identified,
8c1e4a341dab69c99b9188c04ebe4bf30e7c80611bffe206df75b598b7ede066,2024-09,South Wales Police,South Wales Police,-3.496171,51.525111,On or near Glanyrafon Road,W01001004,Bridgend 009A,Other theft,Investigation complete; no suspect identified,
559512190aae36d713df49f73e3d792f07e53867ce684510ad4a0ce0b7899bcc,2024-09,South Wales Police,South Wales Police,-3.500035,51.524261,On or near Supermarket,W01001004,Bridgend 009A,Public order,Under investigation,
7c0ccd4e9e65832e907e94dde1f8cd58537f724e23f396e5a16b4cbb5e6e6c56,2024-09,South Wales Police,South Wales Police,-3.500035,51.524261,On or near Supermarket,W01001004,Bridgend 009A,Public order,Unable to prosecute suspect,
ed2af5090e1647c2180a8be365c2bece5991b4e0143745c4ef96a3a551a6e9ed,2024-09,South Wales Police,South Wales Police,-3.497093,51.522446,On or near Dol Afon,W01001004,Bridgend 009A,Public order,Investigation complete; no suspect identified,
ef7ff33785e93831e9434ef2c2610ad81828aa3f70f24e2c52f13437d01303a0,2024-09,South Wales Police,South Wales Police,-3.500035,51.524261,On or near Supermarket,W01001004,Bridgend 009A,Shoplifting,Investigation complete; no suspect identified,
cbc67656c0fdead2b633d0d7e24f72389b1b8ec3be9cf65551b6d2a1044825c4,2024-09,South Wales Police,South Wales Police,-3.500035,51.524261,On or near Supermarket,W01001004,Bridgend 009A,Shoplifting,Investigation complete; no suspect identified,
9cb2c61b9f19c70d86648a595176ef08ccbddec0cf15c46a0c710f4165f9af18,2024-09,South Wales Police,South Wales Police,-3.500619,51.522284,On or near Glossop Terrace,W01001004,Bridgend 009A,Shoplifting,Investigation complete; no suspect identified,
9a623444c894738c5ae2bd47262135ba95912f14a90490c9be0046f3ce0764bc,2024-09,South Wales Police,South Wales Police,-3.500035,51.524261,On or near Supermarket,W01001004,Bridgend 009A,Shoplifting,Investigation complete; no suspect identified,
379da608e0480442229e2367459f571baf9fb751c0a7e24cd207899cf590f6ff,2024-09,South Wales Police,South Wales Police,-3.501161,51.519940,On or near Sports/Recreation Area,W01001004,Bridgend 009A,Violence and sexual offences,Unable to prosecute suspect,
48650e7b94687afdb3ae6d584d6bc4a366fb82648495e3a2e4a6e1d86914992a,2024-09,South Wales Police,South Wales Police,-3.493054,51.527201,On or near Penybont Road,W01001004,Bridgend 009A,Violence and sexual offences,Under investigation,
6864badefdb4904c05ac43e5be3c0389c984a6fb67e6d2fde69971456c17ff61,2024-09,South Wales Police,South Wales Police,-3.498679,51.522039,On or near Cae Glas,W01001004,Bridgend 009A,Violence and sexual offences,Unable to prosecute suspect,
e36b2c7313cf1a58dd825ef0bcfda4af27e77ac6e3f6ffb3e24f872474f7c8c8,2024-09,South Wales Police,South Wales Police,-3.495732,51.521834,On or near Felindre Avenue,W01001004,Bridgend 009A,Violence and sexual offences,Under investigation,
,2024-09,South Wales Police,South Wales Police,-3.504331,51.520331,On or near Hafod Las,W01001005,Bridgend 009B,Anti-social behaviour,,
b34bf8ec8a4a5fff5790c59675944629a1fe668742da952e1b15ac092cf200bc,2024-09,South Wales Police,South Wales Police,-3.496654,51.517157,On or near Parking Area,W01001005,Bridgend 009B,Other theft,Under investigation,
954edeade8c5cc79269c26648d1d42602dc3079d092e8223b1c4589bac0dbc88,2024-09,South Wales Police,South Wales Police,-3.504331,51.520331,On or near Hafod Las,W01001005,Bridgend 009B,Public order,Unable to prosecute suspect,
60673883e8146ee6c51b7d6c8a4f064167d79c23f5cf42a66c2b09a042c62cf7,2024-09,South Wales Police,South Wales Police,-3.504331,51.520331,On or near Hafod Las,W01001005,Bridgend 009B,Violence and sexual offences,Investigation complete; no suspect identified,
446d4d14b9028dd55743e1b29cc3f30005973692b9cd2687fbc75613770eac7d,2024-09,South Wales Police,South Wales Police,-3.504331,51.520331,On or near Hafod Las,W01001005,Bridgend 009B,Violence and sexual offences,Unable to prosecute suspect,
57fea0f370fd78a9df25d37f1ed0476a79b334804be1e3df551356c354475100,2024-09,South Wales Police,South Wales Police,-3.501925,51.523428,On or near Pencoed,W01001005,Bridgend 009B,Violence and sexual offences,Unable to prosecute suspect,
92aa07c1f6e5c18e7cf2c10b177879da7939c8c1beb0d85d3d98ad5753d81753,2024-09,South Wales Police,South Wales Police,-3.496654,51.517157,On or near Parking Area,W01001005,Bridgend 009B,Violence and sexual offences,Unable to prosecute suspect,
180f40bd858d19f2ac8fb2dff100e69fa561556fa8d130675407690076d71dc9,2024-09,South Wales Police,South Wales Police,-3.518474,51.526074,On or near Gregory Close,W01001006,Bridgend 009C,Public order,Investigation complete; no suspect identified,
99c45348e2610b9a54f6d8a95630d7293bd1a92cfb5f7836322ddb43b1d7578a,2024-09,South Wales Police,South Wales Police,-3.507262,51.522667,On or near Glan-Y-Nant,W01001006,Bridgend 009C,Public order,Investigation complete; no suspect identified,
e93ef019de9135704ae90c8f90d16009dbe07e4c38fd84324105594389554893,2024-09,South Wales Police,South Wales Police,-3.514207,51.530410,On or near Ystadwaun,W01001006,Bridgend 009C,Violence and sexual offences,Under investigation,
051714b59845d00973e8c84b4819ec3b1bc081ee6738b42bee5c5e96c3da770c,2024-09,South Wales Police,South Wales Police,-3.509672,51.523616,On or near Llwyn Bedw,W01001006,Bridgend 009C,Violence and sexual offences,Under investigation,
2119a549fd45542903545ff614d4ee5f5c038a9f41c0c62674d611c59528dcce,2024-09,South Wales Police,South Wales Police,-3.507262,51.522667,On or near Glan-Y-Nant,W01001006,Bridgend 009C,Other crime,Unable to prosecute suspect,
,2024-09,South Wales Police,South Wales Police,-3.504960,51.521500,On or near Redlands Close,W01001007,Bridgend 009D,Anti-social behaviour,,
,2024-09,South Wales Police,South Wales Police,-3.504960,51.521500,On or near Redlands Close,W01001007,Bridgend 009D,Anti-social behaviour,,
,2024-09,South Wales Police,South Wales Police,-3.517189,51.523393,On or near Ffordd Deri Duffryn,W01001007,Bridgend 009D,Anti-social behaviour,,
,2024-09,South Wales Police,South Wales Police,-3.504960,51.521500,On or near Redlands Close,W01001007,Bridgend 009D,Anti-social behaviour,,
,2024-09,South Wales Police,South Wales Police,-3.504960,51.521500,On or near Redlands Close,W01001007,Bridgend 009D,Anti-social behaviour,,
,2024-09,South Wales Police,South Wales Police,-3.504960,51.521500,On or near Redlands Close,W01001007,Bridgend 009D,Anti-social behaviour,,
f55ac96b0941cd34b635cb0785d74f4aa405798753dd4bd14dd18370e428ed2e,2024-09,South Wales Police,South Wales Police,-3.504960,51.521500,On or near Redlands Close,W01001007,Bridgend 009D,Criminal damage and arson,Unable to prosecute suspect,
11260323aad00bae49abb8b7d5bf17d664c07e1f0cc97642213167961b382677,2024-09,South Wales Police,South Wales Police,-3.505328,51.525227,On or near Bro-Deg,W01001007,Bridgend 009D,Criminal damage and arson,Unable to prosecute suspect,
92e664c2acc4e5c0587bc816d9bcbfd63dbd1a787705dd6f3bcc6ab46344dbc3,2024-09,South Wales Police,South Wales Police,-3.518536,51.524446,On or near Tybryn Terrace,W01001007,Bridgend 009D,Public order,Unable to prosecute suspect,
582b55b0726cd24e942d399b91f37f9dcaf738daabc39ceec93665e2462b11a1,2024-09,South Wales Police,South Wales Police,-3.503304,51.522853,On or near Clos Y Ffowndri,W01001007,Bridgend 009D,Violence and sexual offences,Unable to prosecute suspect,
d0fdb93d7f969ec19e51ab9c065d59664b228c8d073e143e4a164bf948da1b82,2024-09,South Wales Police,South Wales Police,-3.501420,51.524729,On or near Coed-Y-Graig,W01001007,Bridgend 009D,Violence and sexual offences,Under investigation,
326bdc82d22fd770ff224e59a317f8048e830402c355145f3e03c82877b45fe6,2024-09,South Wales Police,South Wales Police,-3.505614,51.522958,On or near Woodland Avenue,W01001007,Bridgend 009D,Violence and sexual offences,Under investigation,
0b2eddb4b87fc6df898a3d98d1c3a216ff4b28f7b00649dbb66154b5e38ccdb6,2024-09,South Wales Police,South Wales Police,-3.504960,51.521500,On or near Redlands Close,W01001007,Bridgend 009D,Violence and sexual offences,Unable to prosecute suspect,
754e0190316f9a1b63105888266dfeec05a882ecfbf6c4eeccfa0799ec36a476,2024-09,South Wales Police,South Wales Police,-3.504960,51.521500,On or near Redlands Close,W01001007,Bridgend 009D,Violence and sexual offences,Unable to prosecute suspect,
f752913519b16000831bb723bbb5da55d3c45ab276bd01dce5f82ff64852f9b3,2024-09,South Wales Police,South Wales Police,-3.517189,51.523393,On or near Ffordd Deri Duffryn,W01001007,Bridgend 009D,Violence and sexual offences,Unable to prosecute suspect,
bb6459044728d7c0aa1bb2a9b21b629e53bdf46da8487594d71914b599e29f89,2024-09,South Wales Police,South Wales Police,-3.504307,51.526176,On or near Erw Ifan,W01001007,Bridgend 009D,Other crime,Unable to prosecute suspect,
eb5fb8b5588397301d7347f88666f72dcad9927e09d03c3b060b6f6d02666d31,2024-09,South Wales Police,South Wales Police,-3.505660,51.526527,On or near Hafan Deg,W01001007,Bridgend 009D,Other crime,Under investigation,
ddf62c723b4655db686dfb5f9c77c5c5e1447fda715c85b51b5a1035657ed63a,2024-09,South Wales Police,South Wales Police,-3.499409,51.526706,On or near Parking Area,W01001040,Bridgend 009F,Drugs,Awaiting court outcome,
655e46e195d06fc4b7b7aa81418b0e498f93e0304a43102bd5b1556f3cffdc94,2024-09,South Wales Police,South Wales Police,-3.493655,51.531923,On or near Clos Penglyn,W01001040,Bridgend 009F,Violence and sexual offences,Unable to prosecute suspect,
e1a60366f0cd879a8d22a892653fb4ff5aa5fbf60cfa9bfc08cccee9f18febf9,2024-09,South Wales Police,South Wales Police,-3.499409,51.526706,On or near Parking Area,W01001040,Bridgend 009F,Violence and sexual offences,Unable to prosecute suspect,
,2024-09,South Wales Police,South Wales Police,-3.710564,51.523016,On or near Heol Onnen,W01000999,Bridgend 010A,Anti-social behaviour,,
7bbf4deeec05f89dfeed6ea265cf77a375509c32d8e025db834a042168402f87,2024-09,South Wales Police,South Wales Police,-3.713132,51.523455,On or near Heol Bryn,W01000999,Bridgend 010A,Criminal damage and arson,Awaiting court outcome,
5f43a84a068ea2ecbf9cbe54943c7a177baf0b5f2b46a122fefa414e861b281d,2024-09,South Wales Police,South Wales Police,-3.708115,51.521118,On or near Plumley Close,W01000999,Bridgend 010A,Other theft,Investigation complete; no suspect identified,
36c2a5c15d3eb18d63a3a57942856f5babdc29c08ce8c8550d80852308ae5db8,2024-09,South Wales Police,South Wales Police,-3.709963,51.520813,On or near Heol Degwm,W01000999,Bridgend 010A,Public order,Under investigation,
54dc06f860a68d503844818554b71df9b6967141537d22c9da3a88527b48b651,2024-09,South Wales Police,South Wales Police,-3.713132,51.523455,On or near Heol Bryn,W01000999,Bridgend 010A,Violence and sexual offences,Unable to prosecute suspect,
07176f8f57d70c5428ba423b91ca2dbb144fbe6fcbecd89c56c2dab7047cc61a,2024-09,South Wales Police,South Wales Police,-3.706647,51.521589,On or near Caroline Avenue,W01000999,Bridgend 010A,Violence and sexual offences,Unable to prosecute suspect,
,2024-09,South Wales Police,South Wales Police,-3.706414,51.520738,On or near Heol Dylan,W01001000,Bridgend 010B,Anti-social behaviour,,
,2024-09,South Wales Police,South Wales Police,-3.706414,51.520738,On or near Heol Dylan,W01001000,Bridgend 010B,Anti-social behaviour,,
,2024-09,South Wales Police,South Wales Police,-3.706414,51.520738,On or near Heol Dylan,W01001000,Bridgend 010B,Anti-social behaviour,,
,2024-09,South Wales Police,South Wales Police,-3.706414,51.520738,On or near Heol Dylan,W01001000,Bridgend 010B,Anti-social behaviour,,
,2024-09,South Wales Police,South Wales Police,-3.706414,51.520738,On or near Heol Dylan,W01001000,Bridgend 010B,Anti-social behaviour,,
87cd600819dd2c783222cd188aff36c9031fa8c2458f8f11f6f998d996113fc6,2024-09,South Wales Police,South Wales Police,-3.728516,51.515936,On or near Parking Area,W01001000,Bridgend 010B,Burglary,Investigation complete; no suspect identified,
f19213c84b77bad778a53810d04249225f39d6a8f1f4ef3b0730941b41d0dcdf,2024-09,South Wales Police,South Wales Police,-3.701312,51.509554,On or near Clos Yr Hen Eglwys,W01001000,Bridgend 010B,Criminal damage and arson,Under investigation,
589a1e03faaaee3f87c4f099206a0967bd9d7600b088fa96b27d9e5393b11bf9,2024-09,South Wales Police,South Wales Police,-3.706414,51.520738,On or near Heol Dylan,W01001000,Bridgend 010B,Criminal damage and arson,Under investigation,
4d3ef0371d4d5d7ba03ac26fd8deecaa7c380153720047c3c0399a84b2fcd3a1,2024-09,South Wales Police,South Wales Police,-3.706414,51.520738,On or near Heol Dylan,W01001000,Bridgend 010B,Criminal damage and arson,Further investigation is not in the public interest,
e8a5024b9e908a445baa91f3665efc916314d9ea0596fbc5f0c4196dcd8f8309,2024-09,South Wales Police,South Wales Police,-3.702418,51.518324,On or near Heol Y Cwrt,W01001000,Bridgend 010B,Criminal damage and arson,Investigation complete; no suspect identified,
fc489010fbe5b03e4b17be3cc7d73b28d324b74dd6f667b53f77eec0df33dcbd,2024-09,South Wales Police,South Wales Police,-3.728516,51.515936,On or near Parking Area,W01001000,Bridgend 010B,Possession of weapons,Awaiting court outcome,
f008be5566c821a2e57d43c890203a3fd582b2a08e394a455c7029315ebe5ea9,2024-09,South Wales Police,South Wales Police,-3.701312,51.509554,On or near Clos Yr Hen Eglwys,W01001000,Bridgend 010B,Robbery,Investigation complete; no suspect identified,
e9d64858327e06312100001f7eceb5cae6a941462dbc60823a5baa1d739f0089,2024-09,South Wales Police,South Wales Police,-3.701312,51.509554,On or near Clos Yr Hen Eglwys,W01001000,Bridgend 010B,Vehicle crime,Investigation complete; no suspect identified,
5613c85ec435c57ee2cf51bef0688acabd1c7b85619796ab90456b8eba3bae3b,2024-09,South Wales Police,South Wales Police,-3.707725,51.520728,On or near Ted Davies Close,W01001000,Bridgend 010B,Violence and sexual offences,Investigation complete; no suspect identified,
c01ece3b79fcaf8758e580fff63d8d6a3992d1824c68757932c872322bdcd42b,2024-09,South Wales Police,South Wales Police,-3.706414,51.520738,On or near Heol Dylan,W01001000,Bridgend 010B,Violence and sexual offences,Unable to prosecute suspect,
9daa5451b7a02e8333e047598fe17ee163db175759356b8cc9d0f8904f2a8f98,2024-09,South Wales Police,South Wales Police,-3.708637,51.519294,On or near Plas Kenfig,W01001000,Bridgend 010B,Violence and sexual offences,Unable to prosecute suspect,
e426663067a087073da21535a649482703c201f6db1245f37671766ab7954b8e,2024-09,South Wales Police,South Wales Police,-3.707287,51.519035,On or near Lougher Place,W01001000,Bridgend 010B,Violence and sexual offences,Under investigation,
b0211dc2f9961e67e280a01fcf159e5590fa605a941b6ab1380548d365ec0d7b,2024-09,South Wales Police,South Wales Police,-3.709628,51.519199,On or near Long Acre,W01001000,Bridgend 010B,Violence and sexual offences,Under investigation,
6d614ac5f12a4e6b9ba7ede30e54e3c9724a5b2daac10358fd10165fa124ba5e,2024-09,South Wales Police,South Wales Police,-3.707287,51.519035,On or near Lougher Place,W01001000,Bridgend 010B,Violence and sexual offences,Under investigation,
279082e3aa8a27796d98c355887d7a8ea376b8ca009f41b8ec4e316a672fc4df,2024-09,South Wales Police,South Wales Police,-3.708637,51.519294,On or near Plas Kenfig,W01001000,Bridgend 010B,Violence and sexual offences,Unable to prosecute suspect,
11279ea3efad94f9394e6a2263e3bb194b694713cf9a6180b40cf2afe72aacfe,2024-09,South Wales Police,South Wales Police,-3.707725,51.520728,On or near Ted Davies Close,W01001000,Bridgend 010B,Violence and sexual offences,Unable to prosecute suspect,
a9dd3409d38a158b0ba8c7422dfa8c04fb0a57e77894f57dbc9ef2cb80385b19,2024-09,South Wales Police,South Wales Police,-3.707725,51.520728,On or near Ted Davies Close,W01001000,Bridgend 010B,Violence and sexual offences,Unable to prosecute suspect,
5bc06ba880cd819bf0e7d54fb8086da7c5b75d848c13d1a8999e9b44ebb7ecc7,2024-09,South Wales Police,South Wales Police,-3.703725,51.518206,On or near Porthcawl Road,W01001000,Bridgend 010B,Violence and sexual offences,Unable to prosecute suspect,
391637d112728b5c4a29ab963e94ee2ca3a6572ff90731ffc2f5be6b2113c5f5,2024-09,South Wales Police,South Wales Police,-3.707725,51.520728,On or near Ted Davies Close,W01001000,Bridgend 010B,Violence and sexual offences,Further investigation is not in the public interest,
,2024-09,South Wales Police,South Wales Police,-3.701029,51.522444,On or near Tir Newydd,W01001001,Bridgend 010C,Anti-social behaviour,,
,2024-09,South Wales Police,South Wales Police,-3.694795,51.524216,On or near Bryn-Yr-Orsaf,W01001001,Bridgend 010C,Anti-social behaviour,,
460f2f46d7247da043378840822fed4cd07c1e3fe4e1871addfb90c49b4e1a9b,2024-09,South Wales Police,South Wales Police,-3.694795,51.524216,On or near Bryn-Yr-Orsaf,W01001001,Bridgend 010C,Public order,Unable to prosecute suspect,
8fa0a03df368ff747b4026c19bc8e42c79d57eeb2f6554224cce4fe75a81ac26,2024-09,South Wales Police,South Wales Police,-3.703410,51.520575,On or near Supermarket,W01001001,Bridgend 010C,Shoplifting,Investigation complete; no suspect identified,
dea80b14dc5e35fd8576067b1c4ae2a3801930f27510568e9e109f954e5ef1e8,2024-09,South Wales Police,South Wales Police,-3.703410,51.520575,On or near Supermarket,W01001001,Bridgend 010C,Shoplifting,Awaiting court outcome,
bf2fdd2b04b1594143d2025d21ebfa31e947df93a24000f1d54f6f03c5e85214,2024-09,South Wales Police,South Wales Police,-3.694911,51.521894,On or near Trem Capel Y Pil,W01001001,Bridgend 010C,Violence and sexual offences,Unable to prosecute suspect,
54084076b0a5836de9cf583cc5cc0b3d36f4da866b08fd6447cc790cff3dabef,2024-09,South Wales Police,South Wales Police,-3.695932,51.518346,On or near Mountain View,W01001001,Bridgend 010C,Violence and sexual offences,Investigation complete; no suspect identified,
,2024-09,South Wales Police,South Wales Police,-3.697381,51.524745,On or near Ffordd Yr Eglwys,W01001002,Bridgend 010D,Anti-social behaviour,,
,2024-09,South Wales Police,South Wales Police,-3.711542,51.526419,On or near Mill Meadow,W01001002,Bridgend 010D,Anti-social behaviour,,
,2024-09,South Wales Police,South Wales Police,-3.697282,51.525187,On or near Y Pîl,W01001002,Bridgend 010D,Anti-social behaviour,,
,2024-09,South Wales Police,South Wales Police,-3.711542,51.526419,On or near Mill Meadow,W01001002,Bridgend 010D,Anti-social behaviour,,
5d79690aafe1bfe9bc37234d34444ec43e71c42e6f4565dd03a4c17e5c3bdf03,2024-09,South Wales Police,South Wales Police,-3.698994,51.521997,On or near Plas Morlais,W01001002,Bridgend 010D,Criminal damage and arson,Unable to prosecute suspect,
0dad52668bb0119f4ee6ee10af2ca85cc2e8630323d3079f9a17d057c731ad0d,2024-09,South Wales Police,South Wales Police,-3.696302,51.524806,On or near Parking Area,W01001002,Bridgend 010D,Criminal damage and arson,Unable to prosecute suspect,
e6f93f10f8b51641716cccf3c1dc5f4734317cf4572e072c34a1a96c797e5d82,2024-09,South Wales Police,South Wales Police,-3.699138,51.522750,On or near Clos Capel Y Pil,W01001002,Bridgend 010D,Criminal damage and arson,Investigation complete; no suspect identified,
0fa5eca56912af74ce8c4b4bba789aa0ac662ae88f6f57aae04df3031b8829f8,2024-09,South Wales Police,South Wales Police,-3.701746,51.523495,On or near Gibbons Way,W01001002,Bridgend 010D,Public order,Unable to prosecute suspect,
ec5b0a1ba4417b0e5be89f6165ad2b03be1aef189e729ecba9eea0ca040f3555,2024-09,South Wales Police,South Wales Police,-3.701827,51.526075,On or near Lon-Y-Cariadon,W01001002,Bridgend 010D,Public order,Unable to prosecute suspect,
798e934ecda1fb1f99c395abae6879b99739fa854e7d4e2d8789c0ddd5c42de4,2024-09,South Wales Police,South Wales Police,-3.699687,51.525494,On or near Afon Fach,W01001002,Bridgend 010D,Public order,Investigation complete; no suspect identified,
9316af5fd9b422c1f04c64a2c3dfb996712bcc5e123934397d5096544e6afefd,2024-09,South Wales Police,South Wales Police,-3.701746,51.523495,On or near Gibbons Way,W01001002,Bridgend 010D,Public order,Unable to prosecute suspect,
f3a39cb985cd0dfdaefb096866f3d0b683fa07e2ac40b38d72643c20e02b0684,2024-09,South Wales Police,South Wales Police,-3.697381,51.524745,On or near Ffordd Yr Eglwys,W01001002,Bridgend 010D,Public order,Unable to prosecute suspect,
97876327ed79fa8b1ee84c9106cb03a6743afe7447f104dc41f1e9d4ac6d9b3f,2024-09,South Wales Police,South Wales Police,-3.711542,51.526419,On or near Mill Meadow,W01001002,Bridgend 010D,Vehicle crime,Investigation complete; no suspect identified,
be863203cdf41d62137e0419da1410f769509bc7a3858d8605c52c5e23a2f248,2024-09,South Wales Police,South Wales Police,-3.698486,51.524235,On or near Pil-Y-Cynffig,W01001002,Bridgend 010D,Violence and sexual offences,Investigation complete; no suspect identified,
90b2f878d324a24f5277bc30031e14b6f79d69f0fef364a49afc9b1de7801eec,2024-09,South Wales Police,South Wales Police,-3.698486,51.524235,On or near Pil-Y-Cynffig,W01001002,Bridgend 010D,Violence and sexual offences,Unable to prosecute suspect,
d8bf174f4771325572c1ceebc7ceecce402b0f984f7b583c6b6870a49be418e3,2024-09,South Wales Police,South Wales Police,-3.696302,51.524806,On or near Parking Area,W01001002,Bridgend 010D,Violence and sexual offences,Awaiting court outcome,
287f03a709dedbc8f2388ee2aa818834d6ef0b407dd4e92c480f21c2ff98f772,2024-09,South Wales Police,South Wales Police,-3.710694,51.525721,On or near Clôs Helyg,W01001002,Bridgend 010D,Violence and sexual offences,Under investigation,
3c5e3a0d3f1de772124f8428bb5bfab069c04d9eb092caa7dc094fccd9807c54,2024-09,South Wales Police,South Wales Police,-3.705910,51.525763,On or near Skylark Road,W01001002,Bridgend 010D,Violence and sexual offences,Unable to prosecute suspect,
8a5e23df206113d55cf909f1131804b955f7a98fdfcac01ade732bd13df073f4,2024-09,South Wales Police,South Wales Police,-3.707741,51.523839,On or near Bryn Amlwg,W01001002,Bridgend 010D,Violence and sexual offences,Under investigation,
7955209585bb414d2e29cfcabcbabf8cd52b136dbde459fd7815b1dbeb205c0f,2024-09,South Wales Police,South Wales Police,-3.711357,51.524173,On or near Clos Henfaes,W01001002,Bridgend 010D,Violence and sexual offences,Unable to prosecute suspect,
bf23eb4d39830748c9877685b7246206239e9fd33c6ad238893630dce79efbfb,2024-09,South Wales Police,South Wales Police,-3.696795,51.523729,On or near Ael-Y-Bryn,W01001002,Bridgend 010D,Violence and sexual offences,Under investigation,
e0eadbcfd977d04ae274c512d122c8a9a6e09d3f288fa21f7b5eaaa502dd9812,2024-09,South Wales Police,South Wales Police,-3.696795,51.523729,On or near Ael-Y-Bryn,W01001002,Bridgend 010D,Violence and sexual offences,Unable to prosecute suspect,
5cf0cec9836a3033b77503c5ebc2dbc1116af44a71330a3cd6590cf2c321b670,2024-09,South Wales Police,South Wales Police,-3.701827,51.526075,On or near Lon-Y-Cariadon,W01001002,Bridgend 010D,Violence and sexual offences,Awaiting court outcome,
038881e8becf9bc8ddcaef73d823e430b058312f45428cb740d234e1c4693329,2024-09,South Wales Police,South Wales Police,-3.697381,51.524745,On or near Ffordd Yr Eglwys,W01001002,Bridgend 010D,Other crime,Under investigation,
,2024-09,South Wales Police,South Wales Police,-3.573220,51.531800,On or near Petrol Station,W01001008,Bridgend 011B,Anti-social behaviour,,
,2024-09,South Wales Police,South Wales Police,-3.572578,51.525280,On or near Ffordd-Y-Parc,W01001008,Bridgend 011B,Anti-social behaviour,,
7dfbfc993fb3b8f93f80667b85a2f82a2f5c7a3cb45d8c287b70abe8234b8def,2024-09,South Wales Police,South Wales Police,-3.579580,51.527668,On or near Celtic View,W01001008,Bridgend 011B,Public order,Unable to prosecute suspect,
cb25e3e86c2b37c6385e2c994d15bcc00e45c29c19324cb75d174b87c90ccd5a,2024-09,South Wales Police,South Wales Police,-3.573220,51.531800,On or near Petrol Station,W01001008,Bridgend 011B,Shoplifting,Investigation complete; no suspect identified,
a6c53a77095b8199dcec5dcd29d36d5dbe455eb6bff9ca86d9233019df24c994,2024-09,South Wales Police,South Wales Police,-3.573220,51.531800,On or near Petrol Station,W01001008,Bridgend 011B,Shoplifting,Investigation complete; no suspect identified,
8a5663d585c1ee037386dfd97804e9bba7ee92be1ce24e1bdd3af40ed980ee1c,2024-09,South Wales Police,South Wales Police,-3.573220,51.531800,On or near Petrol Station,W01001008,Bridgend 011B,Shoplifting,Unable to prosecute suspect,
d65fbc1ae8c39c1ff686552687fc7bba20ea1ec1827a9425fd5c78d6cd91dcb3,2024-09,South Wales Police,South Wales Police,-3.575059,51.524078,On or near Highfield Avenue,W01001008,Bridgend 011B,Violence and sexual offences,Unable to prosecute suspect,
62d2eba2f24e7f7e732c920133c848ae56eb9e9a258250ed61c8c2d2173ac154,2024-09,South Wales Police,South Wales Police,-3.572578,51.525280,On or near Ffordd-Y-Parc,W01001008,Bridgend 011B,Violence and sexual offences,Unable to prosecute suspect,
de799b23072647037f54b990ee14201cb25974dc72137a80c81fcb935e02268c,2024-09,South Wales Police,South Wales Police,-3.568588,51.514057,On or near Badgers Brook,W01001038,Bridgend 011C,Criminal damage and arson,Investigation complete; no suspect identified,
7181b1158da10c3fcad45b29f68b4297514557ddb8f636ce3c8dc55f4b9739b3,2024-09,South Wales Police,South Wales Police,-3.574087,51.520134,On or near Davies Avenue,W01001038,Bridgend 011C,Criminal damage and arson,Investigation complete; no suspect identified,
99fe426a991343e01d4ad81a848efe8f9e960a51886ff4b3c21d775a3ddc214c,2024-09,South Wales Police,South Wales Police,-3.572005,51.520387,On or near Heol Gadlys,W01001038,Bridgend 011C,Other theft,Unable to prosecute suspect,
1620d8f51cc1ef8a5b66ca5158fb4e675d3e720fb3bd3df763ee0dd4b294c962,2024-09,South Wales Police,South Wales Police,-3.573643,51.516463,On or near Llys Gwyn,W01001038,Bridgend 011C,Public order,Unable to prosecute suspect,
87d2589211169c363063ed867fe97bde6d2b1c54ffa8e66dfadd40cbd20c2549,2024-09,South Wales Police,South Wales Police,-3.573213,51.521135,On or near Litchard Cross,W01001038,Bridgend 011C,Vehicle crime,Investigation complete; no suspect identified,
468d63a0f8ff798678750e9e8ff771f41c6f38758224f0b94c4f8bd4c0c8e5bc,2024-09,South Wales Police,South Wales Police,-3.573643,51.516463,On or near Llys Gwyn,W01001038,Bridgend 011C,Violence and sexual offences,Unable to prosecute suspect,
144e0a49982dd97b5cbaaf4d66e9e18c4121b30c696e648c92edc5b269862825,2024-09,South Wales Police,South Wales Police,-3.573643,51.516463,On or near Llys Gwyn,W01001038,Bridgend 011C,Violence and sexual offences,Under investigation,
01c3fb491cef3985acef9decbdfa9a0e877ee3d8beea9b9445d73e1f113f11af,2024-09,South Wales Police,South Wales Police,-3.573643,51.516463,On or near Llys Gwyn,W01001038,Bridgend 011C,Violence and sexual offences,Unable to prosecute suspect,
f4ac0ee1ffa6c993570e0439d48dce2fb3641a413d1e5c7fc26f346f7dff841f,2024-09,South Wales Police,South Wales Police,-3.573643,51.516463,On or near Llys Gwyn,W01001038,Bridgend 011C,Violence and sexual offences,Under investigation,
bb7d28fa88372b888f9bc3093330e243bec5d44bca1ce4a36dfbb61ad42ea9b5,2024-09,South Wales Police,South Wales Police,-3.570542,51.514724,On or near Rushfield Gardens,W01001038,Bridgend 011C,Violence and sexual offences,Under investigation,
622b9d7afa670014c21b135d93117fffc33c3ce6392f93013b8e4f1015ef7e19,2024-09,South Wales Police,South Wales Police,-3.574776,51.519640,On or near Litchard Park,W01001038,Bridgend 011C,Violence and sexual offences,Unable to prosecute suspect,
4505e70ac1cf0a854584044700b9acd6fa9cee2c5def04f97a5892feceb84a82,2024-09,South Wales Police,South Wales Police,-3.570542,51.514724,On or near Rushfield Gardens,W01001038,Bridgend 011C,Violence and sexual offences,Unable to prosecute suspect,
826a8183c75327d842f573dd8e75e7ad370a2f04b54fe7b4ce9cb2a766806f9d,2024-09,South Wales Police,South Wales Police,-3.574776,51.519640,On or near Litchard Park,W01001038,Bridgend 011C,Violence and sexual offences,Unable to prosecute suspect,
993b6b160eae86d1f1663615ddedbb4267a4b560bf5873a657c926c64e3edbc7,2024-09,South Wales Police,South Wales Police,-3.573643,51.516463,On or near Llys Gwyn,W01001038,Bridgend 011C,Violence and sexual offences,Unable to prosecute suspect,
1125389a827f6145489101efdd0950e122f18c3f3a5cac5328442d48be4dcaa3,2024-09,South Wales Police,South Wales Police,-3.576013,51.518742,On or near Pendre,W01001038,Bridgend 011C,Violence and sexual offences,Unable to prosecute suspect,
6d2ef83cf99107e9a938c34944bdd2f84566a6a5dcc3ad1ff06ee7c2729d1db8,2024-09,South Wales Police,South Wales Police,-3.573643,51.516463,On or near Llys Gwyn,W01001038,Bridgend 011C,Violence and sexual offences,Under investigation,
9e46ec3b6685fe09bb1bd5522919b13009c8fda9a46c1b7e86fa9c9bfacfb90e,2024-09,South Wales Police,South Wales Police,-3.567667,51.520814,On or near Clos Joslin,W01001038,Bridgend 011C,Violence and sexual offences,Under investigation,
c35ac97f4e5f8b1147f3c49bc6aa9bae546697d90ebc5da4b693ed19cfcf71e1,2024-09,South Wales Police,South Wales Police,-3.574776,51.519640,On or near Litchard Park,W01001038,Bridgend 011C,Violence and sexual offences,Unable to prosecute suspect,
6e0519823a04a77a8de65d37554b0015decc80c157b91d1615573c404e43ad68,2024-09,South Wales Police,South Wales Police,-3.576013,51.518742,On or near Pendre,W01001038,Bridgend 011C,Violence and sexual offences,Unable to prosecute suspect,
3a362a9ef8863ca8cc89c7ca82c3d900600611c67af73d1edd3f9852852da379,2024-09,South Wales Police,South Wales Police,-3.573643,51.516463,On or near Llys Gwyn,W01001038,Bridgend 011C,Violence and sexual offences,Unable to prosecute suspect,
f05fa6786a531847346a890354054296a4e8ffd8566f9ae750d3ee8e42d77e8a,2024-09,South Wales Police,South Wales Police,-3.574087,51.520134,On or near Davies Avenue,W01001038,Bridgend 011C,Other crime,Under investigation,
,2024-09,South Wales Police,South Wales Police,-3.567760,51.525605,On or near Llys Y Ddreanen Wen,W01001981,Bridgend 011D,Anti-social behaviour,,
5f077d0c2f6d0101b5d714b479d934c91e1841c3535c19bec1ad633e3bafca5b,2024-09,South Wales Police,South Wales Police,-3.563139,51.530945,On or near Prison,W01001981,Bridgend 011D,Drugs,Under investigation,
79d229e86e71eaaff661575caf4503a3c1afca2ff86ab16dfb816361654997a7,2024-09,South Wales Police,South Wales Police,-3.563139,51.530945,On or near Prison,W01001981,Bridgend 011D,Drugs,Under investigation,
78343144066ce1c2e53823ae0bab7549aa755d433f1011201a8ebe62b5baf9fd,2024-09,South Wales Police,South Wales Police,-3.563139,51.530945,On or near Prison,W01001981,Bridgend 011D,Drugs,Under investigation,
04ac5f1a8b5c4210d35937ba5df646cd9e283ed11185407cabefc5828e73a668,2024-09,South Wales Police,South Wales Police,-3.563139,51.530945,On or near Prison,W01001981,Bridgend 011D,Drugs,Under investigation,
40fa98200a6751f2803341d5aa820cf594bb1082bd2b8484f5018de6c3a19a62,2024-09,South Wales Police,South Wales Police,-3.563139,51.530945,On or near Prison,W01001981,Bridgend 011D,Drugs,Under investigation,
82b27055f44860d4ea3bb533e69627d13b81d99941a78b8bd7188e3e7974dbdc,2024-09,South Wales Police,South Wales Police,-3.563139,51.530945,On or near Prison,W01001981,Bridgend 011D,Drugs,Under investigation,
c8c408a5b10d0eab3d3b6625f9b574a91a4b67a75323c3a704c8672c0d0cad97,2024-09,South Wales Police,South Wales Police,-3.567760,51.525605,On or near Llys Y Ddreanen Wen,W01001981,Bridgend 011D,Drugs,Formal action is not in the public interest,
eaeee120b904797b297e01567970be21922f504db4aab1a2becfded85cdfc4d2,2024-09,South Wales Police,South Wales Police,-3.556571,51.529756,On or near Parc Y Fferm,W01001981,Bridgend 011D,Other theft,Unable to prosecute suspect,
f31ef96b5bb3b1ec6f516b08cac1871a92b321e644ac6863ba5c3959bf562917,2024-09,South Wales Police,South Wales Police,-3.563139,51.530945,On or near Prison,W01001981,Bridgend 011D,Other theft,Unable to prosecute suspect,
e24b65def3349f26f06a7663381fefe2cdf5dd654d32884addd3cda0d2e9ac96,2024-09,South Wales Police,South Wales Police,-3.563139,51.530945,On or near Prison,W01001981,Bridgend 011D,Violence and sexual offences,Unable to prosecute suspect,
8db5d5cb76fd9b06cb1da4ef59fc8f2cd4a92dc3ee6942142d164e7807933305,2024-09,South Wales Police,South Wales Police,-3.563139,51.530945,On or near Prison,W01001981,Bridgend 011D,Violence and sexual offences,Under investigation,
f2f044be8fd671481b6d24436b1af3ea6e80110a9203893627c41d714fc59fb8,2024-09,South Wales Police,South Wales Police,-3.563139,51.530945,On or near Prison,W01001981,Bridgend 011D,Violence and sexual offences,Unable to prosecute suspect,
25a4877afb230b357127661e872361ae6f62a719778a1fd88f550f039604216c,2024-09,South Wales Police,South Wales Police,-3.563139,51.530945,On or near Prison,W01001981,Bridgend 011D,Violence and sexual offences,Under investigation,
e2bae1c45cdef1c6fe9a60964277e112f70e61e111ef11b5d9fa1487287236d0,2024-09,South Wales Police,South Wales Police,-3.563139,51.530945,On or near Prison,W01001981,Bridgend 011D,Violence and sexual offences,Under investigation,
6ba3b68438267035c6158c8464b070a8380de87a1015fb172af915e8e2a78cca,2024-09,South Wales Police,South Wales Police,-3.563139,51.530945,On or near Prison,W01001981,Bridgend 011D,Violence and sexual offences,Under investigation,
054b66095fe7fa4710205ca46222282d18eb114909dac25baf121fc5312216fc,2024-09,South Wales Police,South Wales Police,-3.563139,51.530945,On or near Prison,W01001981,Bridgend 011D,Violence and sexual offences,Under investigation,
4bdcbb245629eaaf459823f26ce03f8eb478c7bbe011765adb8e5152186609f3,2024-09,South Wales Police,South Wales Police,-3.563139,51.530945,On or near Prison,W01001981,Bridgend 011D,Violence and sexual offences,Under investigation,
dbb6a2fb52e88d879cfc7057adef30ad1dd79b0401ae00fec565764dd4bb4ae6,2024-09,South Wales Police,South Wales Police,-3.563139,51.530945,On or near Prison,W01001981,Bridgend 011D,Violence and sexual offences,Under investigation,
e8aedf5e75d9e3dfdffd1a48ddb684d5fe56e7346f6c6f4ac63f0cad3c49cb79,2024-09,South Wales Police,South Wales Police,-3.563139,51.530945,On or near Prison,W01001981,Bridgend 011D,Violence and sexual offences,Unable to prosecute suspect,
2e059a628443dd731fe51fab034cf79e496b0d884f226f6335f58eb3d72ec2c7,2024-09,South Wales Police,South Wales Police,-3.563139,51.530945,On or near Prison,W01001981,Bridgend 011D,Violence and sexual offences,Investigation complete; no suspect identified,
35baae3437afec1746a4975d609e44be253e0da7dd67ddf6f018a66c277bb675,2024-09,South Wales Police,South Wales Police,-3.563139,51.530945,On or near Prison,W01001981,Bridgend 011D,Violence and sexual offences,Under investigation,
fc92e45dc1b6c5f5310234a2368539e2ea27cc36a1e4a51adec8e43e0b7b0e8c,2024-09,South Wales Police,South Wales Police,-3.563139,51.530945,On or near Prison,W01001981,Bridgend 011D,Violence and sexual offences,Unable to prosecute suspect,
0f5a49c4217f330b65ab59125e9c90f871e1d2652b06d11ecd93803b4b8e1189,2024-09,South Wales Police,South Wales Police,-3.563139,51.530945,On or near Prison,W01001981,Bridgend 011D,Other crime,Investigation complete; no suspect identified,
dd4b00224afac47895226e98168c59c05b007b157de60169a4f263a001cc9b64,2024-09,South Wales Police,South Wales Police,-3.563139,51.530945,On or near Prison,W01001981,Bridgend 011D,Other crime,Awaiting court outcome,
,2024-09,South Wales Police,South Wales Police,-3.551375,51.516453,On or near St Davids Close,W01001982,Bridgend 011E,Anti-social behaviour,,
e71fb8e68c365e8ef1c689b33c7ade74ba4ca261e82f45f861495e43bf359af9,2024-09,South Wales Police,South Wales Police,-3.557680,51.527619,On or near Llys Glas Y Gors,W01001982,Bridgend 011E,Possession of weapons,Unable to prosecute suspect,
f3fd416ebf5a28e0ce776347c2064a09cdf743f4199be646711e3945a1b442f5,2024-09,South Wales Police,South Wales Police,-3.562290,51.522055,On or near Clos Coed Gellyg,W01001983,Bridgend 011F,Burglary,Under investigation,
3a185026e58b652f0ab7110c2df96a791d1141faeaddf1b81987769642124a2c,2024-09,South Wales Police,South Wales Police,-3.565365,51.525125,On or near Clos Y Celyn,W01001983,Bridgend 011F,Public order,Unable to prosecute suspect,
7653dd5c8a84a19d6d7a34f5ded25be754f99f08802818641aad6094c8033a64,2024-09,South Wales Police,South Wales Police,-3.557243,51.525377,On or near Gelli Goch,W01001983,Bridgend 011F,Violence and sexual offences,Unable to prosecute suspect,
4946ed61c3a3d4f2ceb7f61a550af613b1a2d198e8cb686386073877dfa39232,2024-09,South Wales Police,South Wales Police,-3.556120,51.522460,On or near Pwll-Evan-Ddu,W01001983,Bridgend 011F,Violence and sexual offences,Under investigation,
cf1ad3ebf51bb63ff72ef42e6d7b5416ef73da5af8aa2a148ae5b6ca19f59d23,2024-09,South Wales Police,South Wales Police,-3.553708,51.518095,On or near Heol Healey,W01001984,Bridgend 011G,Violence and sexual offences,Unable to prosecute suspect,
03ea97fd9650d310f1f250d7ae0c30888d97a7364ba2ff5f60e2fef15356a579,2024-09,South Wales Police,South Wales Police,-3.554458,51.519380,On or near Trem Y Castell,W01001984,Bridgend 011G,Violence and sexual offences,Unable to prosecute suspect,
,2024-09,South Wales Police,South Wales Police,-3.596716,51.514370,On or near Merlin Crescent,W01000997,Bridgend 012A,Anti-social behaviour,,
749b22f5405329b7913183e555ca4a3f62e455a99c3f91c20d49e4a820330bd7,2024-09,South Wales Police,South Wales Police,-3.594378,51.517145,On or near Sports/Recreation Area,W01000997,Bridgend 012A,Violence and sexual offences,Unable to prosecute suspect,
541856f92884483784a00498d838fbfba97fa81d2eaa10493f1fa7eb5f807b45,2024-09,South Wales Police,South Wales Police,-3.600265,51.517334,On or near Wood Green,W01000997,Bridgend 012A,Violence and sexual offences,Under investigation,
847a29c4c7741b45e7ea73a1d323c7c660bb1632ae0cd4bf62c0bf341a774692,2024-09,South Wales Police,South Wales Police,-3.594378,51.517145,On or near Sports/Recreation Area,W01000997,Bridgend 012A,Violence and sexual offences,Investigation complete; no suspect identified,
407f926d9cbefeec4a094c94fecf584f3232420e466c3005a9e66ae2ec0e452e,2024-09,South Wales Police,South Wales Police,-3.592759,51.513291,On or near Keats Close,W01000997,Bridgend 012A,Violence and sexual offences,Investigation complete; no suspect identified,
10cc67e4255a7a36996b12e099f188bfc3187e407070b8aff21234ccc51f58dc,2024-09,South Wales Police,South Wales Police,-3.591301,51.515289,On or near Browning Close,W01000997,Bridgend 012A,Violence and sexual offences,Under investigation,
892a3dc53c39078e62f626d60f75fe798ebbd618c87d2b395cd77b22a368435a,2024-09,South Wales Police,South Wales Police,-3.600265,51.517334,On or near Wood Green,W01000997,Bridgend 012A,Violence and sexual offences,Under investigation,
,2024-09,South Wales Police,South Wales Police,-3.601214,51.516854,On or near Ffornwg Brook,W01001010,Bridgend 012B,Anti-social behaviour,,
,2024-09,South Wales Police,South Wales Police,-3.601214,51.516854,On or near Ffornwg Brook,W01001010,Bridgend 012B,Anti-social behaviour,,
591c0f0a7989727358c1fd41ba7d616bea349421e9c3b86eb2a0cdab146e1c9e,2024-09,South Wales Police,South Wales Police,-3.595924,51.512726,On or near Wordsworth Avenue,W01001010,Bridgend 012B,Other theft,Investigation complete; no suspect identified,
ea7ab43610ed164ccfaf2a3dd09e06cde8af437be9729cf0df2cf7bbf6aa3965,2024-09,South Wales Police,South Wales Police,-3.602649,51.515872,On or near Heol-Ty-Cribwr,W01001010,Bridgend 012B,Other theft,Unable to prosecute suspect,
372cd2dfcb6030843c674aa77611aa64e40c55153beb6951bcb08edda02dc874,2024-09,South Wales Police,South Wales Police,-3.604773,51.516014,On or near Maes Gwair,W01001010,Bridgend 012B,Public order,Investigation complete; no suspect identified,
6e4e3de48ff755e4e9fa853335861eb3f5afe7ea85cc1b93bf5c905bec8d19bf,2024-09,South Wales Police,South Wales Police,-3.602649,51.515872,On or near Heol-Ty-Cribwr,W01001010,Bridgend 012B,Violence and sexual offences,Under investigation,
02f688c4ac202de903dbbae60169e1d6f8fae2fef895ea8bec6662f819ce0384,2024-09,South Wales Police,South Wales Police,-3.601214,51.516854,On or near Ffornwg Brook,W01001010,Bridgend 012B,Violence and sexual offences,Unable to prosecute suspect,
2c03409a655a9c1824eef590e724d26b66c5394341c4b5306899afee550ddd9a,2024-09,South Wales Police,South Wales Police,-3.604773,51.516014,On or near Maes Gwair,W01001010,Bridgend 012B,Violence and sexual offences,Under investigation,
2984729283cf6a813f3d62ddd9eae4bd479db60bc5f02613de21b7a4a56d586d,2024-09,South Wales Police,South Wales Police,-3.601214,51.516854,On or near Ffornwg Brook,W01001010,Bridgend 012B,Violence and sexual offences,Unable to prosecute suspect,
a0fcf3377888a27652b3c6af9a7690dbb36cddb8b20fb5f220447f478f410617,2024-09,South Wales Police,South Wales Police,-3.598123,51.514207,On or near Cricklewood Close,W01001010,Bridgend 012B,Violence and sexual offences,Under investigation,
190503c4187617b55dc752cdcb4c237546708fca2f2d556604b154fa6a65a31d,2024-09,South Wales Police,South Wales Police,-3.602649,51.515872,On or near Heol-Ty-Cribwr,W01001010,Bridgend 012B,Other crime,Unable to prosecute suspect,
,2024-09,South Wales Police,South Wales Police,-3.602452,51.515182,On or near Llys-Y-Fran,W01001011,Bridgend 012C,Anti-social behaviour,,
,2024-09,South Wales Police,South Wales Police,-3.603233,51.514425,On or near Maes Bryn,W01001011,Bridgend 012C,Anti-social behaviour,,
,2024-09,South Wales Police,South Wales Police,-3.593575,51.507372,On or near Churchill Close,W01001026,Bridgend 012D,Anti-social behaviour,,
,2024-09,South Wales Police,South Wales Police,-3.594826,51.509774,On or near Heol-Y-Foelas,W01001026,Bridgend 012D,Anti-social behaviour,,
,2024-09,South Wales Police,South Wales Police,-3.596831,51.509000,On or near Heol-Y-Frenhines,W01001026,Bridgend 012D,Anti-social behaviour,,
b2fd3e5ccaa492c60701769874369a66657a324b9de0c02ea27988808cc2ed4b,2024-09,South Wales Police,South Wales Police,-3.593575,51.507372,On or near Churchill Close,W01001026,Bridgend 012D,Bicycle theft,Awaiting court outcome,
2a86262a47f2a15f09331c6740f3c275de7fe4e073b445609bf4c0ea0c3c0c97,2024-09,South Wales Police,South Wales Police,-3.596831,51.509000,On or near Heol-Y-Frenhines,W01001026,Bridgend 012D,Criminal damage and arson,Investigation complete; no suspect identified,
977147d0812c8db8edfbac7c0a52377d8a07104970679aaef3ba094a8377f719,2024-09,South Wales Police,South Wales Police,-3.589109,51.515678,On or near Swn Cloch Yr Eglwys,W01001026,Bridgend 012D,Criminal damage and arson,Further investigation is not in the public interest,
726e4b1d221dfbb03b0e3e5667f7af8e8daccee9691640935269f5c0bd4f973b,2024-09,South Wales Police,South Wales Police,-3.591327,51.511503,On or near St John'S Road,W01001026,Bridgend 012D,Shoplifting,Investigation complete; no suspect identified,
caaa8db57944237d2232f529579ea7eeb4bd84e97d542fa6d6afd77bf360c194,2024-09,South Wales Police,South Wales Police,-3.592292,51.509826,On or near Glan Nant Road,W01001026,Bridgend 012D,Violence and sexual offences,Unable to prosecute suspect,
5e9540f5c32d22b340339a94460ddb7b07de26c8ab2cd8d341fe9f2e2c572643,2024-09,South Wales Police,South Wales Police,-3.594425,51.508601,On or near Elizabeth Road,W01001026,Bridgend 012D,Violence and sexual offences,Unable to prosecute suspect,
fdfdabb25f975cd4b2c00f7560d120cc1601afb424c64f8eaf35ae9a62be7a96,2024-09,South Wales Police,South Wales Police,-3.594425,51.508601,On or near Elizabeth Road,W01001026,Bridgend 012D,Violence and sexual offences,Under investigation,
455c5df1c85e87b4a6ea89b4f27506f224bae003da67dc456b8608ae65ff626c,2024-09,South Wales Police,South Wales Police,-3.594826,51.509774,On or near Heol-Y-Foelas,W01001026,Bridgend 012D,Violence and sexual offences,Investigation complete; no suspect identified,
3f57ea3ba618c73258110b742d23fbd85ee719e0ad20fe6ad5c3faf4dbf4c39f,2024-09,South Wales Police,South Wales Police,-3.589703,51.512047,On or near St Illtyd'S Road,W01001026,Bridgend 012D,Violence and sexual offences,Unable to prosecute suspect,
8c13fc4eb283a540a4405549d4d734afe40800e4420eac40968d5178f2b1ef88,2024-09,South Wales Police,South Wales Police,-3.594425,51.508601,On or near Elizabeth Road,W01001026,Bridgend 012D,Violence and sexual offences,Under investigation,
,2024-09,South Wales Police,South Wales Police,-3.607911,51.510575,On or near Mount Pleasant,W01000989,Bridgend 013A,Anti-social behaviour,,
,2024-09,South Wales Police,South Wales Police,-3.607911,51.510575,On or near Mount Pleasant,W01000989,Bridgend 013A,Anti-social behaviour,,
,2024-09,South Wales Police,South Wales Police,-3.646422,51.496355,On or near Lower Farm,W01000989,Bridgend 013A,Anti-social behaviour,,
,2024-09,South Wales Police,South Wales Police,-3.596994,51.491005,On or near Merthyr Mawr Road,W01000989,Bridgend 013A,Anti-social behaviour,,
6773a9f2a75ab216899c8c77885cbda726a592015a030e3fd5aeb50838420586,2024-09,South Wales Police,South Wales Police,-3.620319,51.504506,On or near Mayfield Avenue,W01000989,Bridgend 013A,Public order,Under investigation,
,2024-09,South Wales Police,South Wales Police,-3.568260,51.499063,On or near Cowbridge Road,W01001037,Bridgend 013B,Anti-social behaviour,,
36430d9521d294abb5764c9244355f50f25524869137d49c84a9f92113ae28aa,2024-09,South Wales Police,South Wales Police,-3.579161,51.497226,On or near Mount Earl Close,W01001037,Bridgend 013B,Criminal damage and arson,Investigation complete; no suspect identified,
00633f91892e615c5296989d03d2c130f1e5babff78343a3eb326c728c395810,2024-09,South Wales Police,South Wales Police,-3.570483,51.499600,On or near Petrol Station,W01001037,Bridgend 013B,Shoplifting,Investigation complete; no suspect identified,
5f7177f099b88b11907ab6bfef9b9f2c1d59b97c5e6be35f9edf4d194390b921,2024-09,South Wales Police,South Wales Police,-3.569737,51.495932,On or near Picton Gardens,W01001037,Bridgend 013B,Shoplifting,Investigation complete; no suspect identified,
dd35e23add4f216c482a67465f6285ab9eee26a8d6b9256887af6bcdbc3ad5bd,2024-09,South Wales Police,South Wales Police,-3.565749,51.496830,On or near Supermarket,W01001037,Bridgend 013B,Shoplifting,Investigation complete; no suspect identified,
766d7d70d00ac87a83196237b5263b945544355addc2d1dd0c97c883bbe1d5a6,2024-09,South Wales Police,South Wales Police,-3.570483,51.499600,On or near Petrol Station,W01001037,Bridgend 013B,Shoplifting,Investigation complete; no suspect identified,
2be2bca6bf816fcaa7fce6a6a21e65074bdf9ecf3005217df5370f09b7f395d9,2024-09,South Wales Police,South Wales Police,-3.569737,51.495932,On or near Picton Gardens,W01001037,Bridgend 013B,Shoplifting,Investigation complete; no suspect identified,
16ca02adf1458a3b07555d9f42432769aa28832cc603b41cb5f8e3268e31273c,2024-09,South Wales Police,South Wales Police,-3.568260,51.499063,On or near Cowbridge Road,W01001037,Bridgend 013B,Shoplifting,Unable to prosecute suspect,
d12b30f4fe0994fc0a36f202696b8324d643404547758d0c9aa00a087d9e125f,2024-09,South Wales Police,South Wales Police,-3.565749,51.496830,On or near Supermarket,W01001037,Bridgend 013B,Shoplifting,Investigation complete; no suspect identified,
fbea422c1928ac3d61000a5c14bd350d5ac290a8414887af6654a810534eb517,2024-09,South Wales Police,South Wales Police,-3.565749,51.496830,On or near Supermarket,W01001037,Bridgend 013B,Shoplifting,Investigation complete; no suspect identified,
2899f82aeb11a646dc1aabccabfe93784fa18b934690072ba85e7146ec09914b,2024-09,South Wales Police,South Wales Police,-3.568260,51.499063,On or near Cowbridge Road,W01001037,Bridgend 013B,Shoplifting,Unable to prosecute suspect,
3e49f7b2b301f24ce041fb3166783b9244a0a737f90e1748b6f816b4cd614e44,2024-09,South Wales Police,South Wales Police,-3.563996,51.496539,On or near Llys Tre Dŵr,W01001037,Bridgend 013B,Shoplifting,Unable to prosecute suspect,
3f798fb3b37312919510fd91e00a271ece5b81ee96ad7686fa81450fceb64b13,2024-09,South Wales Police,South Wales Police,-3.581734,51.498306,On or near Heol Gam,W01001037,Bridgend 013B,Violence and sexual offences,Offender given a caution,
a9d4d04de7866e41ce0a87bd853b6381d17cd52693faad762e5a282fc8d7bc34,2024-09,South Wales Police,South Wales Police,-3.576730,51.494831,On or near B4265,W01001037,Bridgend 013B,Violence and sexual offences,Further investigation is not in the public interest,
803a9bf3e2c7f8f1001a8f5cec9af22abb6ec93b0955c697b2a64a6f734aa704,2024-09,South Wales Police,South Wales Police,-3.572792,51.500327,On or near Further/Higher Educational Building,W01001037,Bridgend 013B,Violence and sexual offences,Under investigation,
ba786a3b4c796d26ae0c9bfbe5c4089d08c7ee386567e000524eddaeb6c9be98,2024-09,South Wales Police,South Wales Police,-3.563996,51.496539,On or near Llys Tre Dŵr,W01001037,Bridgend 013B,Violence and sexual offences,Unable to prosecute suspect,
57fc00451d52968ea7b6bc65436c5fc103d9a888f39d08be04206149a2030a6a,2024-09,South Wales Police,South Wales Police,-3.579161,51.497226,On or near Mount Earl Close,W01001037,Bridgend 013B,Violence and sexual offences,Under investigation,
b0a35c9d4cc508769937bca0d0ceb1d694685d3260eddd18745b58975a444fa9,2024-09,South Wales Police,South Wales Police,-3.576730,51.494831,On or near B4265,W01001037,Bridgend 013B,Violence and sexual offences,Unable to prosecute suspect,
a5c64c1fdc66793a0f55d1a92749d5779719369a1af390b0599b98f087605c97,2024-09,South Wales Police,South Wales Police,-3.565915,51.497485,On or near Petrol Station,W01001037,Bridgend 013B,Violence and sexual offences,Further investigation is not in the public interest,
37fecc3fdc15c2f5563682afb536602a95d562420b808c57684a6612c2b8227a,2024-09,South Wales Police,South Wales Police,-3.569737,51.495932,On or near Picton Gardens,W01001037,Bridgend 013B,Violence and sexual offences,Investigation complete; no suspect identified,
d22d8a9dc474e124c4ce0d04c6176f2d23ef4b5b58ab93a107f53613d898bd67,2024-09,South Wales Police,South Wales Police,-3.565749,51.496830,On or near Supermarket,W01001037,Bridgend 013B,Violence and sexual offences,Unable to prosecute suspect,
174107c4747775eb40d93ef6d4dec9bddd7abd69cc6f01dfc093874a9a608cba,2024-09,South Wales Police,South Wales Police,-3.565749,51.496830,On or near Supermarket,W01001037,Bridgend 013B,Violence and sexual offences,Unable to prosecute suspect,
a16f1c0f62f20f726dc1f97d1d043d066941874e94991347f728bb5916560941,2024-09,South Wales Police,South Wales Police,-3.563996,51.496539,On or near Llys Tre Dŵr,W01001037,Bridgend 013B,Violence and sexual offences,Unable to prosecute suspect,
f96c721022910d8a79297e394fd335abe7afee5d33d137f78d949b438b64abf4,2024-09,South Wales Police,South Wales Police,-3.563996,51.496539,On or near Llys Tre Dŵr,W01001037,Bridgend 013B,Violence and sexual offences,Unable to prosecute suspect,
84eabed67175a7292e31284d1eb051482fb3285d60b48bbece1b74fd49b62d5f,2024-09,South Wales Police,South Wales Police,-3.574713,51.496090,On or near Priory Gardens,W01001037,Bridgend 013B,Other crime,Unable to prosecute suspect,
b5f08c6ebdeff809cf6a91e34316f7ef03137b97e5fd898210dacd2fba9a3d57,2024-09,South Wales Police,South Wales Police,-3.592513,51.531027,On or near Graham Avenue,W01001041,Bridgend 013C,Other theft,Investigation complete; no suspect identified,
fa4fd17d50511a035e785978ee4aa78aaec285e138e2fc7685d41a5ad05f25b5,2024-09,South Wales Police,South Wales Police,-3.595705,51.527063,On or near Glenview,W01001041,Bridgend 013C,Public order,Unable to prosecute suspect,
051c4ed14c667e93065bec1ce91c746804192719b5a63153e1c3fa546488bd1e,2024-09,South Wales Police,South Wales Police,-3.596061,51.526537,On or near Heol Eglwys,W01001041,Bridgend 013C,Violence and sexual offences,Further investigation is not in the public interest,
99b1344366d3706033dabcd0a8f7b79a80317c8189c7d050f26a8c28c5652b99,2024-09,South Wales Police,South Wales Police,-3.585161,51.524291,On or near Sports/Recreation Area,W01001041,Bridgend 013C,Violence and sexual offences,Unable to prosecute suspect,
52732ce5caaa9b60945e3e995ffbf06c09a073109a78117415de476bac4e67b6,2024-09,South Wales Police,South Wales Police,-3.585161,51.524291,On or near Sports/Recreation Area,W01001041,Bridgend 013C,Violence and sexual offences,Further investigation is not in the public interest,
0b6930b3880b7f81a2f5d44f5df1af217581af8a610eaafdcc622dec988d1eac,2024-09,South Wales Police,South Wales Police,-3.585161,51.524291,On or near Sports/Recreation Area,W01001041,Bridgend 013C,Violence and sexual offences,Unable to prosecute suspect,
5bb31be08c959a57c56d0156778f63f5dd7770f2086acc69d7c4eda553b4f321,2024-09,South Wales Police,South Wales Police,-3.585161,51.524291,On or near Sports/Recreation Area,W01001041,Bridgend 013C,Violence and sexual offences,Under investigation,
,2024-09,South Wales Police,South Wales Police,-3.578243,51.507777,On or near Market Street,W01001021,Bridgend 014A,Anti-social behaviour,,
,2024-09,South Wales Police,South Wales Police,-3.576728,51.504785,On or near Shopping Area,W01001021,Bridgend 014A,Anti-social behaviour,,
,2024-09,South Wales Police,South Wales Police,-3.577868,51.509859,On or near Mackworth Street,W01001021,Bridgend 014A,Anti-social behaviour,,
,2024-09,South Wales Police,South Wales Police,-3.576392,51.511345,On or near Highland Place,W01001021,Bridgend 014A,Anti-social behaviour,,
,2024-09,South Wales Police,South Wales Police,-3.578618,51.508635,On or near Boulevard De Villenave D'Ornon,W01001021,Bridgend 014A,Anti-social behaviour,,
,2024-09,South Wales Police,South Wales Police,-3.578618,51.508635,On or near Boulevard De Villenave D'Ornon,W01001021,Bridgend 014A,Anti-social behaviour,,
,2024-09,South Wales Police,South Wales Police,-3.578892,51.508052,On or near Bus/Coach Station,W01001021,Bridgend 014A,Anti-social behaviour,,
,2024-09,South Wales Police,South Wales Police,-3.576090,51.506349,On or near Court Road,W01001021,Bridgend 014A,Anti-social behaviour,,
343cd42af342e2864170666623603ef84d5ea60bc7422d8c9d109831818740eb,2024-09,South Wales Police,South Wales Police,-3.575920,51.507701,On or near Parking Area,W01001021,Bridgend 014A,Criminal damage and arson,Unable to prosecute suspect,
a0dbb7eae5e2fe9790d423f8640b346d5f66df3a4b68768bbb2a051bd2f504c3,2024-09,South Wales Police,South Wales Police,-3.578243,51.507777,On or near Market Street,W01001021,Bridgend 014A,Criminal damage and arson,Unable to prosecute suspect,
983a1fab390ab0544c807aa27f0011c2e165fa0c55e566e344768486298058d8,2024-09,South Wales Police,South Wales Police,-3.578285,51.507336,On or near Stryd Wyndham,W01001021,Bridgend 014A,Criminal damage and arson,Investigation complete; no suspect identified,
63259c0e0234acfe9f098aae256abb7c48236d60151ae771893ad2b75e2339b3,2024-09,South Wales Police,South Wales Police,-3.578243,51.507777,On or near Market Street,W01001021,Bridgend 014A,Criminal damage and arson,Unable to prosecute suspect,
b02ba2aa17a956f41666cf30899a7d5dedc1150c7f00afb20650f7675b39eb81,2024-09,South Wales Police,South Wales Police,-3.579516,51.506663,On or near Dunraven Place,W01001021,Bridgend 014A,Criminal damage and arson,Investigation complete; no suspect identified,
8b807fe40dda55303fee78f49e1d9e47e4eeb42c788bb4c3307e384f7b2af918,2024-09,South Wales Police,South Wales Police,-3.576446,51.510823,On or near Brook Street,W01001021,Bridgend 014A,Drugs,Unable to prosecute suspect,
63533de68ae294296e39646472cd1c21555a41891cadfc281b2181e98b1c9c94,2024-09,South Wales Police,South Wales Police,-3.579273,51.510488,On or near Llys Faen,W01001021,Bridgend 014A,Drugs,Awaiting court outcome,
bcd20d94aedc992b2a23b3a9482af8f175dd9aa18fdd038e32e02ed4cfce7c78,2024-09,South Wales Police,South Wales Police,-3.578243,51.507777,On or near Market Street,W01001021,Bridgend 014A,Drugs,Local resolution,
9e2b16d2a7c08cf9ff14747c7e5680d80d177a799181b5c9ac55a4f01dc3e0ab,2024-09,South Wales Police,South Wales Police,-3.575883,51.505363,On or near Parking Area,W01001021,Bridgend 014A,Other theft,Investigation complete; no suspect identified,
d310431b3f522e026e76acfb61f9cc531223ff1743e5d87e98c64e627a14085c,2024-09,South Wales Police,South Wales Police,-3.575518,51.508578,On or near Parking Area,W01001021,Bridgend 014A,Other theft,Under investigation,
75bd26a88d48a78a6420f1d715f54d3f916919b68faa6d8a37540622d8da1f36,2024-09,South Wales Police,South Wales Police,-3.578892,51.508052,On or near Bus/Coach Station,W01001021,Bridgend 014A,Other theft,Investigation complete; no suspect identified,
109dff8fcff102792cec00369644ef42cb508d41fc451acf3e1e8b92f85d31ad,2024-09,South Wales Police,South Wales Police,-3.578243,51.507777,On or near Market Street,W01001021,Bridgend 014A,Other theft,Investigation complete; no suspect identified,
526c24d1addcaf3ed9102456175231eea41b45fc046e870690544f9efc9de2eb,2024-09,South Wales Police,South Wales Police,-3.576392,51.511345,On or near Highland Place,W01001021,Bridgend 014A,Other theft,Investigation complete; no suspect identified,
f9f80a9143d7b1a334c6c7a69b1397d1d414b7e8f10ba82cfcae9422c0d23e8c,2024-09,South Wales Police,South Wales Police,-3.579516,51.506663,On or near Dunraven Place,W01001021,Bridgend 014A,Other theft,Investigation complete; no suspect identified,
ff1beca117374965d70fdbfd3a382c4825d17d15b692946a18647e538b8a0a05,2024-09,South Wales Police,South Wales Police,-3.575920,51.507701,On or near Parking Area,W01001021,Bridgend 014A,Possession of weapons,Under investigation,
e15fd4eb8da40a7034e0b254d5f8d6492851c5c37bb78de9cbdc7c7a28641f7b,2024-09,South Wales Police,South Wales Police,-3.578892,51.508052,On or near Bus/Coach Station,W01001021,Bridgend 014A,Public order,Unable to prosecute suspect,
c0412455c97cd7a96cb76bacc2edf15a79a5f1e717257b09efb3b46fcef270ac,2024-09,South Wales Police,South Wales Police,-3.578243,51.507777,On or near Market Street,W01001021,Bridgend 014A,Public order,Investigation complete; no suspect identified,
cd5c3a787b3bad72547b3ab8252c10e245a36f745447a5fefeea2e8e7b557ad1,2024-09,South Wales Police,South Wales Police,-3.576392,51.511345,On or near Highland Place,W01001021,Bridgend 014A,Public order,Investigation complete; no suspect identified,
34140f04da0a8106f66599def65b6e24485c85c58457642cc39d24875cec27a0,2024-09,South Wales Police,South Wales Police,-3.578892,51.508052,On or near Bus/Coach Station,W01001021,Bridgend 014A,Public order,Unable to prosecute suspect,
26c57e7acb9d246b6712049b28760113e8158d9740d22b63c43d1f6bfd28208c,2024-09,South Wales Police,South Wales Police,-3.579516,51.506663,On or near Dunraven Place,W01001021,Bridgend 014A,Public order,Unable to prosecute suspect,
d0d64ea9009f65ba47c57bb8bb750882525b935c4990c95ed3c7f34f4ca3b863,2024-09,South Wales Police,South Wales Police,-3.578618,51.508635,On or near Boulevard De Villenave D'Ornon,W01001021,Bridgend 014A,Public order,Unable to prosecute suspect,
c47690930218eb785d9456b29d03587604080ebac9afccdec49f79626384228e,2024-09,South Wales Police,South Wales Police,-3.575518,51.508578,On or near Parking Area,W01001021,Bridgend 014A,Public order,Unable to prosecute suspect,
4d9acb33fc4ea5a8cec669bc99fafe883e1454f5388cdcfedd32ebb98c8d4a80,2024-09,South Wales Police,South Wales Police,-3.579516,51.506663,On or near Dunraven Place,W01001021,Bridgend 014A,Public order,Awaiting court outcome,
5366fc2b429b0d3682906706b1664db3318216af613c2f375990e6f45d972575,2024-09,South Wales Police,South Wales Police,-3.576090,51.506349,On or near Court Road,W01001021,Bridgend 014A,Robbery,Under investigation,
cec75ff90befdab125e6ea5e02e24b038a13e5596b7ab1ff3012970a6a164b86,2024-09,South Wales Police,South Wales Police,-3.578949,51.506527,On or near Cross Street,W01001021,Bridgend 014A,Shoplifting,Investigation complete; no suspect identified,
86db785e14e685a1556549e2fa03bb7bdf4e9944ac471e187b6892a8311db1d6,2024-09,South Wales Police,South Wales Police,-3.578285,51.507336,On or near Stryd Wyndham,W01001021,Bridgend 014A,Shoplifting,Unable to prosecute suspect,
b33f54fe131bb7c7bc8f8d046a02e37ed54bf75f5f1befca48e1c341511eca48,2024-09,South Wales Police,South Wales Police,-3.578285,51.507336,On or near Stryd Wyndham,W01001021,Bridgend 014A,Shoplifting,Investigation complete; no suspect identified,
a43b683723bea0a4f3f9856f2c81bb89e9fbf923b0da8f61716f4437dff43430,2024-09,South Wales Police,South Wales Police,-3.578285,51.507336,On or near Stryd Wyndham,W01001021,Bridgend 014A,Shoplifting,Unable to prosecute suspect,
1fd177ee26a4291f4d0e820981b41c8ace86fe0afee356896ec3002c920f8f66,2024-09,South Wales Police,South Wales Police,-3.578243,51.507777,On or near Market Street,W01001021,Bridgend 014A,Shoplifting,Investigation complete; no suspect identified,
5099892b2fb76e9637488f06814a9053c5710acfdbb0c7718533903a2e13eee8,2024-09,South Wales Police,South Wales Police,-3.578243,51.507777,On or near Market Street,W01001021,Bridgend 014A,Shoplifting,Investigation complete; no suspect identified,
56c3490036ed1ce0d1bb2f2682b8ad117992761733e435f6f9eabc2cc724d798,2024-09,South Wales Police,South Wales Police,-3.579034,51.505635,On or near Nightclub,W01001021,Bridgend 014A,Shoplifting,Unable to prosecute suspect,
b1fa65695dbe38310fa6a1708d66ce80e63598627fa0113f167c3dad956dfa11,2024-09,South Wales Police,South Wales Police,-3.578618,51.508635,On or near Boulevard De Villenave D'Ornon,W01001021,Bridgend 014A,Shoplifting,Under investigation,
2c2416a9893b371375fa4a0a4a904bd72ee9cf4b5591c9ded02e17a0c562ea46,2024-09,South Wales Police,South Wales Police,-3.578949,51.506527,On or near Cross Street,W01001021,Bridgend 014A,Shoplifting,Investigation complete; no suspect identified,
f09341871bf75b40cc54fc3a753037e75faa60ad3e6867da5d949c549d5e1b93,2024-09,South Wales Police,South Wales Police,-3.578618,51.508635,On or near Boulevard De Villenave D'Ornon,W01001021,Bridgend 014A,Shoplifting,Investigation complete; no suspect identified,
b57f743548e2c6429203ccdd8da35f260df268c03ded49f6e8fbe4b9022526b5,2024-09,South Wales Police,South Wales Police,-3.578618,51.508635,On or near Boulevard De Villenave D'Ornon,W01001021,Bridgend 014A,Theft from the person,Unable to prosecute suspect,
d44ffe42bbd38f04c096e2e0aeae74b12e9505b586052ee3f57e531272fdafaf,2024-09,South Wales Police,South Wales Police,-3.578243,51.507777,On or near Market Street,W01001021,Bridgend 014A,Theft from the person,Investigation complete; no suspect identified,
76a4539801dc2f83fac04ce73ed6038a8f9407900a2182e006ae238067a72ebe,2024-09,South Wales Police,South Wales Police,-3.579273,51.510488,On or near Llys Faen,W01001021,Bridgend 014A,Vehicle crime,Investigation complete; no suspect identified,
ed12e2e0d860cceb0db8bac4dfe0e36f8579647d9bc73a623208c129be96d61e,2024-09,South Wales Police,South Wales Police,-3.574186,51.507544,On or near Lias Street,W01001021,Bridgend 014A,Vehicle crime,Investigation complete; no suspect identified,
f6281bae23abe55917d3ed8d756ffd08d63d9bf3b58d05f35b0ff357c1877fba,2024-09,South Wales Police,South Wales Police,-3.576728,51.504785,On or near Shopping Area,W01001021,Bridgend 014A,Vehicle crime,Investigation complete; no suspect identified,
7ab6846dc597895825f458ce7e2574cd067c55f1134a3d45c94582a09abcab4b,2024-09,South Wales Police,South Wales Police,-3.579516,51.506663,On or near Dunraven Place,W01001021,Bridgend 014A,Violence and sexual offences,Offender given a caution,
7da34864c2bf6e7d7c907b4c69249ecb10b48b74ab657fe980374dcbceab2a46,2024-09,South Wales Police,South Wales Police,-3.578949,51.506527,On or near Cross Street,W01001021,Bridgend 014A,Violence and sexual offences,Unable to prosecute suspect,
68ebcf8229ad425fb76db8bb85199a60f058f3d17835a42a7f7c4675f8ee24df,2024-09,South Wales Police,South Wales Police,-3.576392,51.511345,On or near Highland Place,W01001021,Bridgend 014A,Violence and sexual offences,Unable to prosecute suspect,
ef5c83eb19ca36ff4ad741270209b634fb3c632e882255d7428ed613d48b88e0,2024-09,South Wales Police,South Wales Police,-3.575518,51.508578,On or near Parking Area,W01001021,Bridgend 014A,Violence and sexual offences,Unable to prosecute suspect,
b13f79b7254226582fb682948438f90aca0f91561539c3a4161607f442dfbbea,2024-09,South Wales Police,South Wales Police,-3.576446,51.510823,On or near Brook Street,W01001021,Bridgend 014A,Violence and sexual offences,Unable to prosecute suspect,
1bab594223fee8ef7678986191ddb200d3fb3b1aa218d3ba8776a2f10ae5e640,2024-09,South Wales Police,South Wales Police,-3.572077,51.510755,On or near Charles Street,W01001021,Bridgend 014A,Violence and sexual offences,Under investigation,
bc8aa2ecd7745edb0503f55bb443bddfe48a57309283b2cd4210984c97da51c2,2024-09,South Wales Police,South Wales Police,-3.578618,51.508635,On or near Boulevard De Villenave D'Ornon,W01001021,Bridgend 014A,Violence and sexual offences,Under investigation,
4138774b679994c49ba8a2386222db4fe3d05f21b51f87c66716df288ad3d060,2024-09,South Wales Police,South Wales Police,-3.576446,51.510823,On or near Brook Street,W01001021,Bridgend 014A,Violence and sexual offences,Unable to prosecute suspect,
8ccae4ef94fc0e901f4fc3e54d5d2a2ed068050d241d839796a399ef422cd79b,2024-09,South Wales Police,South Wales Police,-3.570624,51.508293,On or near Napier Close,W01001021,Bridgend 014A,Violence and sexual offences,Awaiting court outcome,
33017d1a087c28daaadbabd55fd04ff1fa144669111e9529cfdcc40cae49471e,2024-09,South Wales Police,South Wales Police,-3.578243,51.507777,On or near Market Street,W01001021,Bridgend 014A,Violence and sexual offences,Unable to prosecute suspect,
fb0ee822bed711bb3eaeda5dc5d04b92947aa59849cbe238c650b1120394671f,2024-09,South Wales Police,South Wales Police,-3.576446,51.510823,On or near Brook Street,W01001021,Bridgend 014A,Violence and sexual offences,Awaiting court outcome,
71ca019d449c29e62e46aca0ab494ef630e45d33dce2a45d06ff703918488386,2024-09,South Wales Police,South Wales Police,-3.576446,51.510823,On or near Brook Street,W01001021,Bridgend 014A,Violence and sexual offences,Awaiting court outcome,
be9461d8416d0f5c41b4608a5442747996e84c2bfc80c36e581ce1717a9656f3,2024-09,South Wales Police,South Wales Police,-3.578949,51.506527,On or near Cross Street,W01001021,Bridgend 014A,Violence and sexual offences,Investigation complete; no suspect identified,
b4ea8df143a8b79319a0cbbfa2013812789a697258f529253a851fa3dbc8eca8,2024-09,South Wales Police,South Wales Police,-3.576392,51.511345,On or near Highland Place,W01001021,Bridgend 014A,Violence and sexual offences,Awaiting court outcome,
abf7dae8ae1ba809e625e593fd06828d4f38d612c49700f9fa5e91168e910bf7,2024-09,South Wales Police,South Wales Police,-3.575920,51.507701,On or near Parking Area,W01001021,Bridgend 014A,Violence and sexual offences,Unable to prosecute suspect,
3e2f72b6a35fa43402a779b7650a71a84aedaf1ab1ad8fffdcf84948e9cf98e6,2024-09,South Wales Police,South Wales Police,-3.578285,51.507336,On or near Stryd Wyndham,W01001021,Bridgend 014A,Violence and sexual offences,Unable to prosecute suspect,
85f8d48617ea8600d892ef6648bcb885f4877b6a506d9596ecdf77ead84f1ef1,2024-09,South Wales Police,South Wales Police,-3.574334,51.508073,On or near Oddfellows' Street,W01001021,Bridgend 014A,Violence and sexual offences,Awaiting court outcome,
3512499c77665e62e283145e53f2745df74ce61b3b14fdc247393ffb6ec20e19,2024-09,South Wales Police,South Wales Police,-3.576446,51.510823,On or near Brook Street,W01001021,Bridgend 014A,Violence and sexual offences,Investigation complete; no suspect identified,
7bbc5cbe641a0ec4976ceb4e74d79cd2d9a5f693aadf47e623096996c707699f,2024-09,South Wales Police,South Wales Police,-3.573870,51.510498,On or near Morfa Street,W01001021,Bridgend 014A,Violence and sexual offences,Under investigation,
828aa77331d1d04bcbf5914935e5adb968c2c8ff82f5934b8f4106fca166bd84,2024-09,South Wales Police,South Wales Police,-3.579516,51.506663,On or near Dunraven Place,W01001021,Bridgend 014A,Violence and sexual offences,Awaiting court outcome,
7e985ea70c49755c0870bbaf2f059cf12a58e4064e8860b1e48c356d4824ffdd,2024-09,South Wales Police,South Wales Police,-3.579516,51.506663,On or near Dunraven Place,W01001021,Bridgend 014A,Violence and sexual offences,Local resolution,
3bbdb56e3df8298d48d36f6e8fea5ac800aec3ceed1a572110d5c1324af7f22d,2024-09,South Wales Police,South Wales Police,-3.576446,51.510823,On or near Brook Street,W01001021,Bridgend 014A,Violence and sexual offences,Unable to prosecute suspect,
13cd3eb0089cb0bf40edd50c52ec20a90a02cfee939fcb8bbfb2b3ad62ca327e,2024-09,South Wales Police,South Wales Police,-3.579516,51.506663,On or near Dunraven Place,W01001021,Bridgend 014A,Violence and sexual offences,Investigation complete; no suspect identified,
92e43c31b4a6a3ab6892a56bb1b0c9c01a9f9181b79eb974ae5dfd66c64b4c87,2024-09,South Wales Police,South Wales Police,-3.570624,51.508293,On or near Napier Close,W01001021,Bridgend 014A,Other crime,Further investigation is not in the public interest,
,2024-09,South Wales Police,South Wales Police,-3.583758,51.520535,On or near St Francis Road,W01001022,Bridgend 014B,Anti-social behaviour,,
,2024-09,South Wales Police,South Wales Police,-3.585875,51.519670,On or near Tairfelin,W01001022,Bridgend 014B,Anti-social behaviour,,
63defbf7b8acbbad1da19323ba11dc5d22d5721ed61cd9d0542b59fdb8494229,2024-09,South Wales Police,South Wales Police,-3.583758,51.520535,On or near St Francis Road,W01001022,Bridgend 014B,Drugs,Awaiting court outcome,
f07a7d97c823232fd5778b2d3eca811a91ad8e67bec318468324bced2b621d59,2024-09,South Wales Police,South Wales Police,-3.581863,51.521181,On or near St David'S Close,W01001022,Bridgend 014B,Public order,Unable to prosecute suspect,
dfc8ec46aa15e9b2b6ff37c370002a879352f7f8d57608032cb2f5b36066bcf7,2024-09,South Wales Police,South Wales Police,-3.585875,51.519670,On or near Tairfelin,W01001022,Bridgend 014B,Public order,Unable to prosecute suspect,
b725598d8ffe9577bae6b39bf63bdacb2bcd286a14d508aac2a6d76c8de2f08c,2024-09,South Wales Police,South Wales Police,-3.585875,51.519670,On or near Tairfelin,W01001022,Bridgend 014B,Shoplifting,Unable to prosecute suspect,
79a1efbca02bd29095ece26ebc5325ea3a380eadfe1a669d4b74ee8808203294,2024-09,South Wales Police,South Wales Police,-3.583758,51.520535,On or near St Francis Road,W01001022,Bridgend 014B,Vehicle crime,Investigation complete; no suspect identified,
c1de610071fc66f08076d76048a49e0932c351c48c34a5024fbd527c8900291a,2024-09,South Wales Police,South Wales Police,-3.583758,51.520535,On or near St Francis Road,W01001022,Bridgend 014B,Violence and sexual offences,Further investigation is not in the public interest,
5278d5c7f9f57e9e1c658f60edd8bf06e50b2b99a4ae52998041ddbe12856999,2024-09,South Wales Police,South Wales Police,-3.585028,51.518917,On or near Trem Y Bryn,W01001022,Bridgend 014B,Violence and sexual offences,Under investigation,
4a217b6f1d48122df3c5a7c96c8d945e07f642b78127ba286060cf5a80fce7e5,2024-09,South Wales Police,South Wales Police,-3.585156,51.518457,On or near Glanffornwg,W01001022,Bridgend 014B,Violence and sexual offences,Awaiting court outcome,
554199c423058f23595611b335fda5f557c22b0ee200da20f86f8eed837a7ba4,2024-09,South Wales Police,South Wales Police,-3.583758,51.520535,On or near St Francis Road,W01001022,Bridgend 014B,Violence and sexual offences,Under investigation,
2f507d680d23a0ae93be70949bec03d3b7de6a3615f58d0d9a83a7e813e1db79,2024-09,South Wales Police,South Wales Police,-3.583758,51.520535,On or near St Francis Road,W01001022,Bridgend 014B,Violence and sexual offences,Under investigation,
,2024-09,South Wales Police,South Wales Police,-3.582559,51.513384,On or near Quarella Road,W01001023,Bridgend 014C,Anti-social behaviour,,
,2024-09,South Wales Police,South Wales Police,-3.581881,51.516298,On or near Quarella,W01001023,Bridgend 014C,Anti-social behaviour,,
,2024-09,South Wales Police,South Wales Police,-3.581881,51.516298,On or near Quarella,W01001023,Bridgend 014C,Anti-social behaviour,,
,2024-09,South Wales Police,South Wales Police,-3.581881,51.516298,On or near Quarella,W01001023,Bridgend 014C,Anti-social behaviour,,
,2024-09,South Wales Police,South Wales Police,-3.582559,51.513384,On or near Quarella Road,W01001023,Bridgend 014C,Anti-social behaviour,,
,2024-09,South Wales Police,South Wales Police,-3.580229,51.519791,On or near Wildmill,W01001023,Bridgend 014C,Anti-social behaviour,,
,2024-09,South Wales Police,South Wales Police,-3.576253,51.514413,On or near Coity Road,W01001023,Bridgend 014C,Anti-social behaviour,,
,2024-09,South Wales Police,South Wales Police,-3.581881,51.516298,On or near Quarella,W01001023,Bridgend 014C,Anti-social behaviour,,
,2024-09,South Wales Police,South Wales Police,-3.581881,51.516298,On or near Quarella,W01001023,Bridgend 014C,Anti-social behaviour,,
2dacf3c2dac9ae001dfd19f85c22579e11d5e3983011f9cc66f87e462cb01d44,2024-09,South Wales Police,South Wales Police,-3.582355,51.518746,On or near Maes-Y-Felin,W01001023,Bridgend 014C,Criminal damage and arson,Investigation complete; no suspect identified,
144556768bf27f7853c941e3464f2e6793b5ff93beb3ca5ea9a6aa00adf839af,2024-09,South Wales Police,South Wales Police,-3.582355,51.518746,On or near Maes-Y-Felin,W01001023,Bridgend 014C,Criminal damage and arson,Unable to prosecute suspect,
9de09ab488e2c83c09fd0c2eabd0428d16d5d5d6111e21d07749d12c0eb6d8bd,2024-09,South Wales Police,South Wales Police,-3.576253,51.514413,On or near Coity Road,W01001023,Bridgend 014C,Drugs,Under investigation,
e251712d4a6afb6c908c6d4e49ea72f474893152bd9ac4fd3d1f86b5b44e544c,2024-09,South Wales Police,South Wales Police,-3.575767,51.512864,On or near Clos Caeffatri,W01001023,Bridgend 014C,Public order,Unable to prosecute suspect,
31dc7b528609b8f8bd1f16f94ea6eb38b7eb38b6b0864bb884c04662662b32d8,2024-09,South Wales Police,South Wales Police,-3.576253,51.514413,On or near Coity Road,W01001023,Bridgend 014C,Shoplifting,Formal action is not in the public interest,
d59e23ac598c06a4aeb099ee541c4967c7ad3913a56bd07aa41617799f67b8f1,2024-09,South Wales Police,South Wales Police,-3.579099,51.514609,On or near Hayes Terrace,W01001023,Bridgend 014C,Vehicle crime,Investigation complete; no suspect identified,
d5ed4152cb90ee16193a55873f8e36c2427e786ca11baac88dfdd1217157348d,2024-09,South Wales Police,South Wales Police,-3.581881,51.516298,On or near Quarella,W01001023,Bridgend 014C,Violence and sexual offences,Unable to prosecute suspect,
e45cef235242ac53b55a5278cda3c057f023664b0dce17497e92fb287e3de7d5,2024-09,South Wales Police,South Wales Police,-3.582355,51.518746,On or near Maes-Y-Felin,W01001023,Bridgend 014C,Violence and sexual offences,Unable to prosecute suspect,
8f817422136b7fafb980f475923f557e2f1a1d5a8388c171ed90fda49ccc4fe8,2024-09,South Wales Police,South Wales Police,-3.582355,51.518746,On or near Maes-Y-Felin,W01001023,Bridgend 014C,Violence and sexual offences,Unable to prosecute suspect,
014a02563566f02d6471b40e917ea8d4b4381cb27efb0293ae866e490d4473de,2024-09,South Wales Police,South Wales Police,-3.581881,51.516298,On or near Quarella,W01001023,Bridgend 014C,Other crime,Under investigation,
,2024-09,South Wales Police,South Wales Police,-3.583048,51.507973,On or near Newcastle Hill,W01001028,Bridgend 014D,Anti-social behaviour,,
,2024-09,South Wales Police,South Wales Police,-3.582448,51.506857,On or near Cae Dre Street,W01001028,Bridgend 014D,Anti-social behaviour,,
,2024-09,South Wales Police,South Wales Police,-3.583593,51.508730,On or near Parking Area,W01001028,Bridgend 014D,Anti-social behaviour,,
,2024-09,South Wales Police,South Wales Police,-3.583593,51.508730,On or near Parking Area,W01001028,Bridgend 014D,Anti-social behaviour,,
f1cb25da60c29ed62b164eb192b300c8b97b62c8231af358eab3e8b3d521a79b,2024-09,South Wales Police,South Wales Police,-3.583048,51.507973,On or near Newcastle Hill,W01001028,Bridgend 014D,Criminal damage and arson,Investigation complete; no suspect identified,
556503020cc1cd67594708393edf2c7aa963b7188222171f6d633fc0d43ecabe,2024-09,South Wales Police,South Wales Police,-3.582646,51.509678,On or near Parking Area,W01001028,Bridgend 014D,Criminal damage and arson,Investigation complete; no suspect identified,
2623f4040d317bafc0514bddfc6a4a074331625cbdbd2ef9a1b601b04d6b912d,2024-09,South Wales Police,South Wales Police,-3.585928,51.511630,On or near Pascoes Avenue,W01001028,Bridgend 014D,Drugs,Offender given a caution,
277862780c6c56864e0c600fb848a139da87daa7df80588d6e619d03f80d6927,2024-09,South Wales Police,South Wales Police,-3.588121,51.504658,On or near Parkfields Road,W01001028,Bridgend 014D,Other theft,Unable to prosecute suspect,
04dc3db982e8b2f92b0754b16bc53f7a25cc6165b9331b73eb30a176a305c927,2024-09,South Wales Police,South Wales Police,-3.579552,51.505224,On or near Stryd Y Dŵr,W01001028,Bridgend 014D,Public order,Unable to prosecute suspect,
b4a600b6692a4895042b027b520985c64fafb8cf4eed92be51d22e50014c3a1b,2024-09,South Wales Police,South Wales Police,-3.583593,51.508730,On or near Parking Area,W01001028,Bridgend 014D,Violence and sexual offences,Investigation complete; no suspect identified,
9cc562a896e657c52ff5f4eaeb40f6632cca148f1d21e7c500a80ec579f88088,2024-09,South Wales Police,South Wales Police,-3.581556,51.503156,On or near Parking Area,W01001028,Bridgend 014D,Violence and sexual offences,Investigation complete; no suspect identified,
1d05f9548008effe95433a530e279a6c1a3b76d74f0b72c7eb43742615903ae6,2024-09,South Wales Police,South Wales Police,-3.582448,51.506857,On or near Cae Dre Street,W01001028,Bridgend 014D,Violence and sexual offences,Unable to prosecute suspect,
,2024-09,South Wales Police,South Wales Police,-3.575873,51.501730,On or near Parking Area,W01001035,Bridgend 014E,Anti-social behaviour,,
,2024-09,South Wales Police,South Wales Police,-3.574231,51.502175,On or near South Place,W01001035,Bridgend 014E,Anti-social behaviour,,
04c8167341b4889dc74c2264fbad95fe499a9824baf8f11ac8d6edfa73e0342f,2024-09,South Wales Police,South Wales Police,-3.574644,51.503293,On or near Jenkin Street,W01001035,Bridgend 014E,Criminal damage and arson,Investigation complete; no suspect identified,
35ce9efa2ad28a5015c9fd04112401fdfa2e90aa27a7e8f55d10848d96b361e2,2024-09,South Wales Police,South Wales Police,-3.568984,51.506292,On or near Waunscil Avenue,W01001035,Bridgend 014E,Public order,Unable to prosecute suspect,
b1793d3d1c23368c2f9d94bcde3aa3f20793658a988efbbadd0dd880aaf09268,2024-09,South Wales Police,South Wales Police,-3.574143,51.505054,On or near Supermarket,W01001035,Bridgend 014E,Public order,Investigation complete; no suspect identified,
fc5751df24de8a1ad28e2c7c8b1d423031113c3cf00a92a22b1f0f59973ae38a,2024-09,South Wales Police,South Wales Police,-3.575797,51.501614,On or near Five Bells Road,W01001035,Bridgend 014E,Public order,Investigation complete; no suspect identified,
28d653bb05b936a09d1bb9ad2658612cb933188a07997202239202a8084e8b04,2024-09,South Wales Police,South Wales Police,-3.575873,51.501730,On or near Parking Area,W01001035,Bridgend 014E,Public order,Investigation complete; no suspect identified,
c10c43ee8a11a65e1b64309b078a47265923304698f944cb2b8a2f8bd6d8d5fe,2024-09,South Wales Police,South Wales Police,-3.573196,51.503774,On or near Supermarket,W01001035,Bridgend 014E,Public order,Investigation complete; no suspect identified,
27a436a094b360b77b421c61a3a464bdf105a7c269d26bc8f493b118b32b3477,2024-09,South Wales Police,South Wales Police,-3.569359,51.504614,On or near The Crescent,W01001035,Bridgend 014E,Public order,Unable to prosecute suspect,
f7b202f13839a7db8ce4cd4b050df9a13cd099374c4cb4855c07f09cca475120,2024-09,South Wales Police,South Wales Police,-3.573196,51.503774,On or near Supermarket,W01001035,Bridgend 014E,Public order,Unable to prosecute suspect,
bea9c2d011656c825b4daa0e8e8b266826b6b7c096fb247f893f8734fb9f813f,2024-09,South Wales Police,South Wales Police,-3.578317,51.504908,On or near Parking Area,W01001035,Bridgend 014E,Shoplifting,Investigation complete; no suspect identified,
ec12334142daf74fcfce0935cd727dc08c0782d5a05a1363383e9d72b60cbc21,2024-09,South Wales Police,South Wales Police,-3.573196,51.503774,On or near Supermarket,W01001035,Bridgend 014E,Shoplifting,Investigation complete; no suspect identified,
3fc64ea84ef95a81bdcd23dcd2c40ea3dea8dc7fc22213c98f8cf149fe6d8b99,2024-09,South Wales Police,South Wales Police,-3.576329,51.503667,On or near Edward Street,W01001035,Bridgend 014E,Shoplifting,Investigation complete; no suspect identified,
713ffb22074e082b68245af6eac1d12e835a9c939d4470edf73d43b20cfa1a31,2024-09,South Wales Police,South Wales Police,-3.573196,51.503774,On or near Supermarket,W01001035,Bridgend 014E,Shoplifting,Under investigation,
78e12c8c92d00f07dec3efd9afc2e0469b36222b15af76b60e43689ca4df15fe,2024-09,South Wales Police,South Wales Police,-3.568321,51.503360,On or near Haywain Court,W01001035,Bridgend 014E,Vehicle crime,Awaiting court outcome,
6c11132b5ed16bde56735cfa5a4d1f0966414dfae363d4af7be58437cc282daa,2024-09,South Wales Police,South Wales Police,-3.575314,51.500982,On or near Caewallis Street,W01001035,Bridgend 014E,Vehicle crime,Investigation complete; no suspect identified,
b7fe708ca69eaf2a5307e0463a99ef6f6405485d04599b7b99241f0c8f0c6f82,2024-09,South Wales Police,South Wales Police,-3.575873,51.501730,On or near Parking Area,W01001035,Bridgend 014E,Vehicle crime,Under investigation,
40fd35db68ce806b260c63b1d3c4d57da33b35c9ee12d8cbd98e7032af98bf32,2024-09,South Wales Police,South Wales Police,-3.575276,51.504904,On or near Police Station,W01001035,Bridgend 014E,Violence and sexual offences,Investigation complete; no suspect identified,
d11412ff3f7f1af311c2bda907c30453d29b57f21e7cb46d3bb2de05ff2877f0,2024-09,South Wales Police,South Wales Police,-3.578317,51.504908,On or near Parking Area,W01001035,Bridgend 014E,Violence and sexual offences,Investigation complete; no suspect identified,
50a344ad5ae9efe839bd71cb4efb70d7a26ff992e58f80b078a6caba21ae21c5,2024-09,South Wales Police,South Wales Police,-3.575873,51.501730,On or near Parking Area,W01001035,Bridgend 014E,Violence and sexual offences,Unable to prosecute suspect,
7e9fcba28239d0402997b7e68ac24784d5dc2ae118a5fc335c9bc1e319525da9,2024-09,South Wales Police,South Wales Police,-3.574644,51.503293,On or near Jenkin Street,W01001035,Bridgend 014E,Violence and sexual offences,Under investigation,
8fdf73491daa588401d08d3c78478dede6d64eb45123815003e7b3f8cdd23893,2024-09,South Wales Police,South Wales Police,-3.569359,51.504614,On or near The Crescent,W01001035,Bridgend 014E,Violence and sexual offences,Unable to prosecute suspect,
085b8dddf06377851fc4891e14bcbe25c0f1dc1ac9a70749d13ace04cda11118,2024-09,South Wales Police,South Wales Police,-3.568984,51.506292,On or near Waunscil Avenue,W01001035,Bridgend 014E,Violence and sexual offences,Under investigation,
8fae41d6287c7acfa1ad57fe44b20b0657c14cd8e1613ff3276bbe69eb294e30,2024-09,South Wales Police,South Wales Police,-3.576891,51.502841,On or near Nolton Place,W01001035,Bridgend 014E,Violence and sexual offences,Unable to prosecute suspect,
4c317ca79bc21355bef9972ac9bd546720cef3d4c8548bb48ba51a4608a5e36a,2024-09,South Wales Police,South Wales Police,-3.551139,51.508660,On or near Channel View,W01000979,Bridgend 015A,Burglary,Investigation complete; no suspect identified,
cfe7b0db92f396ab48219fa9af67071a7ad8c2d2edf5fff94c2ef007636ae2fe,2024-09,South Wales Police,South Wales Police,-3.558664,51.510440,On or near Nant-Y-Feynnon,W01000979,Bridgend 015A,Other theft,Unable to prosecute suspect,
65b0f3be2b690ef30ef41cc96e386038e1993e7f108713a30b2ec71ff6890036,2024-09,South Wales Police,South Wales Police,-3.547552,51.511226,On or near Mandela Avenue,W01000979,Bridgend 015A,Public order,Unable to prosecute suspect,
cf76bd27a88bab00fbb55f75e77865c0fc30f3143771899b56265e431ea7b555,2024-09,South Wales Police,South Wales Police,-3.547678,51.509857,On or near Lavender Court,W01000979,Bridgend 015A,Vehicle crime,Under investigation,
901ce209653548a6c35c311c7f649e6c567fb5a35fc8477f83e637955c44b86f,2024-09,South Wales Police,South Wales Police,-3.555928,51.510917,On or near Fenwick Drive,W01000979,Bridgend 015A,Violence and sexual offences,Unable to prosecute suspect,
f32fd4a6dde5cdc23c60531dcc180f7a73888e5c43a5102c89dfdc3a7dfc9e66,2024-09,South Wales Police,South Wales Police,-3.547552,51.511226,On or near Mandela Avenue,W01000979,Bridgend 015A,Violence and sexual offences,Unable to prosecute suspect,
addaeb8c1b6596181348194146b4b59bc7d1b5f6a72793580b370ac94e20f02f,2024-09,South Wales Police,South Wales Police,-3.547552,51.511226,On or near Mandela Avenue,W01000979,Bridgend 015A,Violence and sexual offences,Unable to prosecute suspect,
7a6076fae6d2d84b40d5a6c4c1ee755bbf8682f59ddcb41b09526d152e51ad00,2024-09,South Wales Police,South Wales Police,-3.547552,51.511226,On or near Mandela Avenue,W01000979,Bridgend 015A,Violence and sexual offences,Unable to prosecute suspect,
4953c0f4473bf0cf1606093836b8c7fa1501d9ec709a84d145f9fa39a4b28f8b,2024-09,South Wales Police,South Wales Police,-3.552463,51.506907,On or near Maes Tanrallt,W01000979,Bridgend 015A,Violence and sexual offences,Unable to prosecute suspect,
5af66fe5acaea98029dbb43a67c4c29fb42390159a057bc7447a87208860bd4f,2024-09,South Wales Police,South Wales Police,-3.547552,51.511226,On or near Mandela Avenue,W01000979,Bridgend 015A,Violence and sexual offences,Under investigation,
,2024-09,South Wales Police,South Wales Police,-3.538932,51.505602,On or near Heol Llangrallo,W01000983,Bridgend 015B,Anti-social behaviour,,
88de06d285b9a3a115a19e5dab56468c35058fd0158d328c1802c56210d36d7e,2024-09,South Wales Police,South Wales Police,-3.544784,51.510777,On or near Easterly Close,W01000983,Bridgend 015B,Criminal damage and arson,Investigation complete; no suspect identified,
8cc762512d9e7df4a26ade9e1533040460cabdbfb1999a7c5f79ef06ee83dd39,2024-09,South Wales Police,South Wales Police,-3.543790,51.509504,On or near Foxhollows,W01000983,Bridgend 015B,Public order,Under investigation,
cc50f71db73ac9eb6252f0a49cd5f5e4b75cfa2b89b5ae2dc3771e7b7f58f19b,2024-09,South Wales Police,South Wales Police,-3.545853,51.505331,On or near Glasfryn,W01000983,Bridgend 015B,Violence and sexual offences,Under investigation,
2005a86fb5c02638a838f3fa41812d71d76ba27041e7cf85f0e892f042707fde,2024-09,South Wales Police,South Wales Police,-3.543090,51.505853,On or near Ty Gwyn Drive,W01000983,Bridgend 015B,Violence and sexual offences,Under investigation,
5dd8d719687f1afe809f930a3ef819e922bb1ff4bca6bdc827e155a0c5e0bb7f,2024-09,South Wales Police,South Wales Police,-3.547247,51.504791,On or near The Hollies,W01000983,Bridgend 015B,Other crime,Investigation complete; no suspect identified,
9dfe111a011061c0f5411c774421abb58a68ca7c6ad5b61cb722c40d5d9b9fd3,2024-09,South Wales Police,South Wales Police,-3.552633,51.515286,On or near St Maddock'S Close,W01000985,Bridgend 015C,Other theft,Unable to prosecute suspect,
,2024-09,South Wales Police,South Wales Police,-3.535826,51.504078,On or near Willow Close,W01001003,Bridgend 015D,Anti-social behaviour,,
cc4dbe7302c677e83d372c5cfbd40afcbb8555e4297ad76535ca375d1b5d5162,2024-09,South Wales Police,South Wales Police,-3.551135,51.500055,On or near Western Avenue,W01001003,Bridgend 015D,Criminal damage and arson,Awaiting court outcome,
ef3e36501cb6ab338aded95b3e3deae85bab9388807f65b3bc305c1e95932d43,2024-09,South Wales Police,South Wales Police,-3.551135,51.500055,On or near Western Avenue,W01001003,Bridgend 015D,Drugs,Under investigation,
07a146cbc7af4b4d0bd677eeb2d9a126a7a1bc3d4d93bafa3f61c3cd3fd1d3a2,2024-09,South Wales Police,South Wales Police,-3.551135,51.500055,On or near Western Avenue,W01001003,Bridgend 015D,Drugs,Awaiting court outcome,
77ff27b7935fbfb6c7876cf1b7714a37091fc7908286242cb4e28bbe845e7e79,2024-09,South Wales Police,South Wales Police,-3.564092,51.498084,On or near Police Station,W01001003,Bridgend 015D,Drugs,Awaiting court outcome,
88a7abe38a03fa26437ccd58bb1a153c538cbfc28dd6aa2b02ec9ea7bb127869,2024-09,South Wales Police,South Wales Police,-3.551135,51.500055,On or near Western Avenue,W01001003,Bridgend 015D,Possession of weapons,Awaiting court outcome,
43a9bdb30f8cf6c9b5fedf24b29b677ae8361c4b168f442e7bfe9fc02c6de16c,2024-09,South Wales Police,South Wales Police,-3.551135,51.500055,On or near Western Avenue,W01001003,Bridgend 015D,Public order,Awaiting court outcome,
1d28a1982edff25d4dffbc00c8d97688e935d84563b994142cfb64f365402de1,2024-09,South Wales Police,South Wales Police,-3.551135,51.500055,On or near Western Avenue,W01001003,Bridgend 015D,Public order,Local resolution,
667970abf7ef5d14936805ff8aa20d6f15d29c4860a5cd04b7aaa2608ca2ab63,2024-09,South Wales Police,South Wales Police,-3.551135,51.500055,On or near Western Avenue,W01001003,Bridgend 015D,Public order,Under investigation,
cd5aeb0cd3318c46df913d2aaa7dba294eb216d8521b0f50be90b37575571033,2024-09,South Wales Police,South Wales Police,-3.535111,51.502963,On or near By-Ways Court,W01001003,Bridgend 015D,Shoplifting,Investigation complete; no suspect identified,
b5e5ceb29ba1509a1efd4bf6aad4408e5553618205be7f3608321d029fe214a9,2024-09,South Wales Police,South Wales Police,-3.551135,51.500055,On or near Western Avenue,W01001003,Bridgend 015D,Violence and sexual offences,Unable to prosecute suspect,
f3d7be14ef1cfa5ac0120b2df86afeda8c5e21c5fd0f5653e5ba63ad4198e75b,2024-09,South Wales Police,South Wales Police,-3.564092,51.498084,On or near Police Station,W01001003,Bridgend 015D,Violence and sexual offences,Under investigation,
441d6b9ac8cca26f7e8e535bdb2921d33783712c3679509cb300db06d8d58525,2024-09,South Wales Police,South Wales Police,-3.564092,51.498084,On or near Police Station,W01001003,Bridgend 015D,Violence and sexual offences,Unable to prosecute suspect,
1cf21955ac00f465ac7ec76704f1d2f303804f24ede275899d13abd11786b481,2024-09,South Wales Police,South Wales Police,-3.535011,51.505123,On or near Grange Crescent,W01001003,Bridgend 015D,Violence and sexual offences,Unable to prosecute suspect,
3e6b5c755ff4d57a2b14f2980538137f10fccb21ea9bd35f03789e3163e2be4b,2024-09,South Wales Police,South Wales Police,-3.564092,51.498084,On or near Police Station,W01001003,Bridgend 015D,Violence and sexual offences,Under investigation,
3dff47ed70b060024a9a44d830ce5579fb7ccf8020f387569ebbbb5250107dc2,2024-09,South Wales Police,South Wales Police,-3.564092,51.498084,On or near Police Station,W01001003,Bridgend 015D,Other crime,Under investigation,
231e537a12790b2cd2a1bea31799e13e9db98f63d12e9418d3f8c376375cfd1b,2024-09,South Wales Police,South Wales Police,-3.555815,51.511827,On or near Rhiw Las,W01000980,Bridgend 016A,Criminal damage and arson,Unable to prosecute suspect,
763ba20efa2e8aed9ba585956f4db24e32fa6444e04e6c3dea27fdb9a33e4253,2024-09,South Wales Police,South Wales Police,-3.564066,51.511222,On or near Highfields,W01000980,Bridgend 016A,Public order,Unable to prosecute suspect,
6dcbe9560709c7b7aca16342b802dc3d65efc5472a4515a0f60021d2f2305503,2024-09,South Wales Police,South Wales Police,-3.555815,51.511827,On or near Rhiw Las,W01000980,Bridgend 016A,Vehicle crime,Investigation complete; no suspect identified,
fc8b1f0136bca9bbe1ad66ca2b60553c327ee3e3696ff187b4b0c898481fb046,2024-09,South Wales Police,South Wales Police,-3.557814,51.512537,On or near Bryn Bragl,W01000980,Bridgend 016A,Other crime,Unable to prosecute suspect,
53b5a5970e9b436a602d76b06ff5ceac30f89a1303844e88bb50f5ad0e40e197,2024-09,South Wales Police,South Wales Police,-3.570451,51.511227,On or near Clos-Y-Waun,W01000981,Bridgend 016B,Other theft,Investigation complete; no suspect identified,
ece8a4c678e6e21ad3ebf72fb74d046888ad3caabd38faa9b6a0c8d131b2a2f8,2024-09,South Wales Police,South Wales Police,-3.568681,51.510055,On or near Heol-Y-Rhos,W01000981,Bridgend 016B,Violence and sexual offences,Unable to prosecute suspect,
3946d9099111e92c2260660da9dca945e426413300946b20347c0d949e1f4684,2024-09,South Wales Police,South Wales Police,-3.567722,51.511075,On or near Glendower Close,W01000981,Bridgend 016B,Violence and sexual offences,Unable to prosecute suspect,
9274f20de34733ce6a736736d1847d97439e004636a383ffa697ba9941d393fe,2024-09,South Wales Police,South Wales Police,-3.569175,51.509760,On or near Heol-Y-Coed Rise,W01000981,Bridgend 016B,Violence and sexual offences,Unable to prosecute suspect,
54e755fedd7595b9aaf2973b10554ba24346fc560cf355164a0a054a4d1a17c9,2024-09,South Wales Police,South Wales Police,-3.569845,51.510794,On or near Heol Brynglas,W01000981,Bridgend 016B,Violence and sexual offences,Unable to prosecute suspect,
632fb0c4448e14226cb84474b3e69e3179dc0c4e3fa14bf5be8c985a1aef3351,2024-09,South Wales Police,South Wales Police,-3.568743,51.512706,On or near Meadow Rise,W01000981,Bridgend 016B,Violence and sexual offences,Further investigation is not in the public interest,
34a74e52c37b31f880a55d3f5e589f9981cb62e97b5da29c0957aebd9e41e459,2024-09,South Wales Police,South Wales Police,-3.568743,51.512706,On or near Meadow Rise,W01000981,Bridgend 016B,Violence and sexual offences,Unable to prosecute suspect,
c9ca7aa34fbcc23cf69158751c19f53966b9e85d19b714f9e647731e73cbc595,2024-09,South Wales Police,South Wales Police,-3.567722,51.511075,On or near Glendower Close,W01000981,Bridgend 016B,Violence and sexual offences,Unable to prosecute suspect,
,2024-09,South Wales Police,South Wales Police,-3.561261,51.505882,On or near Cae Bron,W01000982,Bridgend 016C,Anti-social behaviour,,
,2024-09,South Wales Police,South Wales Police,-3.561261,51.505882,On or near Cae Bron,W01000982,Bridgend 016C,Anti-social behaviour,,
88111a4087edf054af7395ecb9ab2c7bf41dc96287c4e1575f0ad830cc20e370,2024-09,South Wales Police,South Wales Police,-3.565695,51.503242,On or near Green Court,W01000982,Bridgend 016C,Burglary,Under investigation,
94e36a8678d272d11284fecb6bee4c6bd42b248b51ceff0be591e6e98f1fa011,2024-09,South Wales Police,South Wales Police,-3.559009,51.505768,On or near Cwrt-Y-Coed,W01000982,Bridgend 016C,Public order,Unable to prosecute suspect,
d2c30eba76e2f5ace28e9b7903437c2d55a89e45a2be912245dfb8cc56f3d059,2024-09,South Wales Police,South Wales Police,-3.561261,51.505882,On or near Cae Bron,W01000982,Bridgend 016C,Public order,Unable to prosecute suspect,
f761947274ad09fda81be38cdfc15a30a59ebc427948f44ef33498930563c121,2024-09,South Wales Police,South Wales Police,-3.560068,51.503434,On or near Clos Tan-Y-Cefn,W01000982,Bridgend 016C,Robbery,Under investigation,
a532b115dd32cc619ca562d120869afedab7bfd1fbf6204344c8177badc2f35e,2024-09,South Wales Police,South Wales Police,-3.559801,51.508707,On or near Ashbrook,W01000982,Bridgend 016C,Shoplifting,Investigation complete; no suspect identified,
0951aeb9f55405c0de05ea00563c9421908ff522ef13bb6425bdaf7e1c6166f0,2024-09,South Wales Police,South Wales Police,-3.559801,51.508707,On or near Ashbrook,W01000982,Bridgend 016C,Shoplifting,Awaiting court outcome,
f3221355cd0ebcb505a804beff3e32cebe80d06d64e24eb28bcb4ed4c5d2622d,2024-09,South Wales Police,South Wales Police,-3.559801,51.508707,On or near Ashbrook,W01000982,Bridgend 016C,Shoplifting,Investigation complete; no suspect identified,
9120e0d3126862e57e36b4db0e993253eef96b02413fa1e4354b871acdca540a,2024-09,South Wales Police,South Wales Police,-3.559801,51.508707,On or near Ashbrook,W01000982,Bridgend 016C,Shoplifting,Investigation complete; no suspect identified,
cde42e6de125ddc52d5f440a77a945898c5e513d4e14f0e6e0e0b8fb1da43de5,2024-09,South Wales Police,South Wales Police,-3.559801,51.508707,On or near Ashbrook,W01000982,Bridgend 016C,Shoplifting,Investigation complete; no suspect identified,
cb6dd4e2a0bf479794c8018853497d3d923cd2fe9dedc83d33dc5603619f2d88,2024-09,South Wales Police,South Wales Police,-3.562105,51.509495,On or near Cae Siwsan,W01000982,Bridgend 016C,Violence and sexual offences,Unable to prosecute suspect,
df8bbf3d4bb10fd4e4e037cbbcc47e9141123d8e839dbe96070b67e5fbe9eec1,2024-09,South Wales Police,South Wales Police,-3.561261,51.505882,On or near Cae Bron,W01000982,Bridgend 016C,Violence and sexual offences,Investigation complete; no suspect identified,
bd680c15e9f69cf629c4eee772c7b8bdd84b3430294579f5a4acb9e78f0adeb0,2024-09,South Wales Police,South Wales Police,-3.555546,51.503926,On or near B4181,W01000982,Bridgend 016C,Violence and sexual offences,Unable to prosecute suspect,
7f71491c33bb2a08cb4e4c24b8d22e98391cb499e9ffb00ff0c5b6bc37f6a3d9,2024-09,South Wales Police,South Wales Police,-3.556215,51.507073,On or near Bramble Close,W01000982,Bridgend 016C,Other crime,Investigation complete; no suspect identified,
,2024-09,South Wales Police,South Wales Police,-3.558637,51.505405,On or near Tremains Court,W01000984,Bridgend 016D,Anti-social behaviour,,
df6ef0c2ff9c8dbc88c2f26714326028d53c4eda56a4951c247b1c08b8fc9a68,2024-09,South Wales Police,South Wales Police,-3.552602,51.502940,On or near Tremains Halt,W01000984,Bridgend 016D,Drugs,Unable to prosecute suspect,
f1db185bb4dabfa01b729574b47ce194c84d80123ac20f52b9bc6cca539fc304,2024-09,South Wales Police,South Wales Police,-3.549323,51.503964,On or near Longacre,W01000984,Bridgend 016D,Public order,Unable to prosecute suspect,
daa3080ea0b10f8fb286448e14539d6cc555c92a7bf9ef720687e80cace66531,2024-09,South Wales Police,South Wales Police,-3.549323,51.503964,On or near Longacre,W01000984,Bridgend 016D,Violence and sexual offences,Under investigation,
,2024-09,South Wales Police,South Wales Police,-3.602822,51.511364,On or near Erw Deg,W01000990,Bridgend 017B,Anti-social behaviour,,
,2024-09,South Wales Police,South Wales Police,-3.602822,51.511364,On or near Erw Deg,W01000990,Bridgend 017B,Anti-social behaviour,,
f152f14c9bc0cfcba83530b9ff5cd8ea6980aaf2f6f67b4dbaf3770a59d228e7,2024-09,South Wales Police,South Wales Police,-3.605765,51.508977,On or near Chestnut Way,W01000990,Bridgend 017B,Criminal damage and arson,Unable to prosecute suspect,
f018df9c0224fe0ed6085b1b8c5a308535c42c4588434f49ccb272893baeb166,2024-09,South Wales Police,South Wales Police,-3.607763,51.508842,On or near Broad Oak Way,W01000990,Bridgend 017B,Criminal damage and arson,Investigation complete; no suspect identified,
646b1d2ac103fb500e0cca3202d0952904ee80a463331a0dae71a6a92496c8fb,2024-09,South Wales Police,South Wales Police,-3.600490,51.508968,On or near Beechwood Avenue,W01000990,Bridgend 017B,Drugs,Under investigation,
3251b5f0f4865ff42ef48978469721096a7aca14b89a01c834da5968ba16b87e,2024-09,South Wales Police,South Wales Police,-3.607763,51.508842,On or near Broad Oak Way,W01000990,Bridgend 017B,Shoplifting,Investigation complete; no suspect identified,
04c9f0b2e1d2039c33b8c397f08f3d2ed29bd08d1e55df030ec593df1266e556,2024-09,South Wales Police,South Wales Police,-3.607763,51.508842,On or near Broad Oak Way,W01000990,Bridgend 017B,Shoplifting,Awaiting court outcome,
ccef344eae129b1ac015f2a8f9b7e5def4e755544edb672f89c534f71dcb9104,2024-09,South Wales Police,South Wales Police,-3.607763,51.508842,On or near Broad Oak Way,W01000990,Bridgend 017B,Shoplifting,Investigation complete; no suspect identified,
e525a3b01088280856177012f398b83e555d40e947db24667fd40f8e73926944,2024-09,South Wales Police,South Wales Police,-3.605765,51.508977,On or near Chestnut Way,W01000990,Bridgend 017B,Violence and sexual offences,Unable to prosecute suspect,
098c427274ac168321428104efadcdd6a30bd40b0a6b87fa5196c599391cce9e,2024-09,South Wales Police,South Wales Police,-3.603669,51.510022,On or near Bryn Deri Court,W01000990,Bridgend 017B,Violence and sexual offences,Awaiting court outcome,
41813cc8ad98b63a38b02c121493d7fb18484271c57cc46a1c70a00d0ff53647,2024-09,South Wales Police,South Wales Police,-3.603669,51.510022,On or near Bryn Deri Court,W01000990,Bridgend 017B,Violence and sexual offences,Unable to prosecute suspect,
9e9fc83b43828dd0b780f7c13558994c335627b3bbc4ecb101631e5adb83274d,2024-09,South Wales Police,South Wales Police,-3.606769,51.504755,On or near Acorn Walk,W01000990,Bridgend 017B,Violence and sexual offences,Local resolution,
7268d197f33fda925c7a9bbbcc0b81f7edc47f889d999a8959bd5affb78d642c,2024-09,South Wales Police,South Wales Police,-3.606769,51.504755,On or near Acorn Walk,W01000990,Bridgend 017B,Violence and sexual offences,Local resolution,
5910f80dc00de9223498b8c0e3a8645e8600c11f3c7dae96d635bbdffc2f67d7,2024-09,South Wales Police,South Wales Police,-3.605765,51.508977,On or near Chestnut Way,W01000990,Bridgend 017B,Violence and sexual offences,Unable to prosecute suspect,
12b11cf9de22f0ab50504d4714c1127655d11de56ddb251b6f0ca8b4bc086481,2024-09,South Wales Police,South Wales Police,-3.593467,51.504280,On or near Greenfields Avenue,W01001027,Bridgend 017C,Other theft,Investigation complete; no suspect identified,
9745088dd781fa037970dd31894d57531a733a0c63931ab326aed496e3d27508,2024-09,South Wales Police,South Wales Police,-3.599174,51.508015,On or near Pen Y Bryn,W01001027,Bridgend 017C,Public order,Unable to prosecute suspect,
9b57ebb299d50f796740d1e875bfe12b9ce5fb662b862cd47bcfab037cdc50fd,2024-09,South Wales Police,South Wales Police,-3.601375,51.507491,On or near Heol-Yr-Onnen,W01001027,Bridgend 017C,Shoplifting,Unable to prosecute suspect,
cdd32615a76a582bbc2dae5765d19067ce71c7b2dca94badae6e2fc6c876ee34,2024-09,South Wales Police,South Wales Police,-3.596757,51.505216,On or near Oaklands Road,W01001027,Bridgend 017C,Violence and sexual offences,Under investigation,
,2024-09,South Wales Police,South Wales Police,-3.580665,51.502826,On or near Church Road,W01001036,Bridgend 017D,Anti-social behaviour,,
,2024-09,South Wales Police,South Wales Police,-3.585166,51.496327,On or near The Retreat,W01001036,Bridgend 017D,Anti-social behaviour,,
6a4def4281d4e08cfb13a648201e0199d067aa2913785c76170cf456cf6eebd4,2024-09,South Wales Police,South Wales Police,-3.584482,51.500292,On or near Newbridge Court,W01001036,Bridgend 017D,Criminal damage and arson,Investigation complete; no suspect identified,
adc8cc8172d3dd4e12f2a6ef7b0c1569b3b0aa328ad0d9c324f21303e8b7ad52,2024-09,South Wales Police,South Wales Police,-3.586088,51.499228,On or near Newbridge Gardens,W01001036,Bridgend 017D,Violence and sexual offences,Unable to prosecute suspect,
b857eb3089b20698dcb65342c02b90f1274f51ccff7c6df579763108df55a9a6,2024-09,South Wales Police,South Wales Police,-3.600616,51.501035,On or near Ffordd Tirion,W01001919,Bridgend 017F,Public order,Further investigation is not in the public interest,
6c6f0cb99a1975b4cb33af107c8fd488fcc484b8820177a55c4a4cb9d186acc2,2024-09,South Wales Police,South Wales Police,-3.598852,51.499216,On or near Maes Y Grug,W01001920,Bridgend 017G,Violence and sexual offences,Further investigation is not in the public interest,
,2024-09,South Wales Police,South Wales Police,-3.604733,51.502157,On or near Maelon Road,W01001921,Bridgend 017H,Anti-social behaviour,,
,2024-09,South Wales Police,South Wales Police,-3.604733,51.502157,On or near Maelon Road,W01001921,Bridgend 017H,Anti-social behaviour,,
,2024-09,South Wales Police,South Wales Police,-3.605730,51.502647,On or near Heol Dwynwen,W01001921,Bridgend 017H,Anti-social behaviour,,
ef679dd80c929d2717fd8a96490536b54951c76e04b96303bbffd2a428cc54a4,2024-09,South Wales Police,South Wales Police,-3.597977,51.502609,On or near Llys Eglwys,W01001921,Bridgend 017H,Violence and sexual offences,Unable to prosecute suspect,
c3849231d12fc7de1ef7d5d5f8798e20187859131122c4a3c92a475861eacc48,2024-09,South Wales Police,South Wales Police,-3.604437,51.505219,On or near Blaen Y Ddol,W01001921,Bridgend 017H,Violence and sexual offences,Under investigation,
f3866999688bb37130486e53d0365c72afb6f27830a5ab982ab19690e8f29ac7,2024-09,South Wales Police,South Wales Police,-3.717237,51.492722,On or near Long Acre Court,W01001031,Bridgend 018A,Violence and sexual offences,Unable to prosecute suspect,
734e3a83ac5bbc7f9cd95344529c169e193062cea6211246f9b5378fadfe6d72,2024-09,South Wales Police,South Wales Police,-3.708496,51.494343,On or near Nottage Mead,W01001031,Bridgend 018A,Violence and sexual offences,Unable to prosecute suspect,
,2024-09,South Wales Police,South Wales Police,-3.696085,51.496465,On or near Jubilee Gardens,W01001032,Bridgend 018B,Anti-social behaviour,,
3532b2eff59f1fffb57308852c36442f0875644ec6bdfffd224be63e3d05f87f,2024-09,South Wales Police,South Wales Police,-3.706492,51.493140,On or near Connaught Close,W01001032,Bridgend 018B,Violence and sexual offences,Investigation complete; no suspect identified,
e480fea548a6b84f25f30cac399b438b3339b449d1dcdd4f87fba1bb31ab8f89,2024-09,South Wales Police,South Wales Police,-3.696085,51.496465,On or near Jubilee Gardens,W01001032,Bridgend 018B,Violence and sexual offences,Unable to prosecute suspect,
,2024-09,South Wales Police,South Wales Police,-3.706009,51.476340,On or near Esplanade,W01001046,Bridgend 018C,Anti-social behaviour,,
,2024-09,South Wales Police,South Wales Police,-3.703705,51.480987,On or near Philadelphia Road,W01001046,Bridgend 018C,Anti-social behaviour,,
,2024-09,South Wales Police,South Wales Police,-3.704428,51.476804,On or near Well Street,W01001046,Bridgend 018C,Anti-social behaviour,,
9274c935bc30151529f9b3e1df1060c6bd469a17c02592e0d7e3bde80e4731ee,2024-09,South Wales Police,South Wales Police,-3.705892,51.481701,On or near Suffolk Place,W01001046,Bridgend 018C,Criminal damage and arson,Investigation complete; no suspect identified,
dc3cd565ccf10016cc9b78e185203a570f9880dc8e8a57094227cef76dc8676f,2024-09,South Wales Police,South Wales Police,-3.706164,51.482435,On or near Lewis Place,W01001046,Bridgend 018C,Criminal damage and arson,Local resolution,
4c18f3d7c528435f264ec56bc895732cc2d91cd2c9e6e3ae2ecf935cb7348770,2024-09,South Wales Police,South Wales Police,-3.704146,51.481601,On or near Fenton Place,W01001046,Bridgend 018C,Criminal damage and arson,Investigation complete; no suspect identified,
81f95306361cc04274e79678c8bc38172535944d4cd8acf110a7d9f9fa31af90,2024-09,South Wales Police,South Wales Police,-3.703705,51.480987,On or near Philadelphia Road,W01001046,Bridgend 018C,Public order,Unable to prosecute suspect,
ff48066bc6041c7a44d1a8ffc24b006d161981ca1bc3199d890343adb4311007,2024-09,South Wales Police,South Wales Police,-3.703604,51.476717,On or near Dock Street,W01001046,Bridgend 018C,Public order,Investigation complete; no suspect identified,
52319f2ff9e1cb6c19c38db58a59a68d491f97e9b3cbbb51cd44627b1c2be17e,2024-09,South Wales Police,South Wales Police,-3.703359,51.480596,On or near Reynallt Place,W01001046,Bridgend 018C,Public order,Under investigation,
10896b33dd23a90e22af499a6df12ad3b130f7e1c6b7a8cb1361c1eea4a10aa6,2024-09,South Wales Police,South Wales Police,-3.704807,51.478875,On or near Supermarket,W01001046,Bridgend 018C,Shoplifting,Investigation complete; no suspect identified,
1c693a4e87931de7a539e9db8d3063797a2a4fa1f7a98c09d0577ec5c873777f,2024-09,South Wales Police,South Wales Police,-3.704428,51.476804,On or near Well Street,W01001046,Bridgend 018C,Shoplifting,Unable to prosecute suspect,
c77d4bb05b3abeda43c4e501dcaa50dfccb0a145d8d8af85f68882fd8f86a115,2024-09,South Wales Police,South Wales Police,-3.704807,51.478875,On or near Supermarket,W01001046,Bridgend 018C,Shoplifting,Investigation complete; no suspect identified,
7918b347b7a8b32af74e2467c59f1d0d2c3685084f66ec27824067b31e6e7391,2024-09,South Wales Police,South Wales Police,-3.703701,51.478559,On or near John Street,W01001046,Bridgend 018C,Shoplifting,Investigation complete; no suspect identified,
149fd53446475b3cde5e6640ac34633a0cd188e06d2b25f38b5b84c110f88b24,2024-09,South Wales Police,South Wales Police,-3.704807,51.478875,On or near Supermarket,W01001046,Bridgend 018C,Shoplifting,Local resolution,
fbfe19f0d666ce8c2f7e0dbd798812eaefc8fdcad07aab3dedf744e95b4ca018,2024-09,South Wales Police,South Wales Police,-3.704280,51.479036,On or near Lias Road,W01001046,Bridgend 018C,Shoplifting,Investigation complete; no suspect identified,
a3211d2884908f3b8ce784c9d3ea557d5af62b6070dd6e75a5260693be701408,2024-09,South Wales Police,South Wales Police,-3.704807,51.478875,On or near Supermarket,W01001046,Bridgend 018C,Shoplifting,Investigation complete; no suspect identified,
2438df0ae30f935328e25ee4c53c124e967641d5e8d2bf482275dcb7191e9a2f,2024-09,South Wales Police,South Wales Police,-3.707171,51.478931,On or near Highfield Avenue,W01001046,Bridgend 018C,Vehicle crime,Investigation complete; no suspect identified,
6ca2a61e72f17b5f6d18247cdc43f19dadfc0a970b72194fd2d93be6e655d0d7,2024-09,South Wales Police,South Wales Police,-3.702933,51.475710,On or near The Square,W01001046,Bridgend 018C,Violence and sexual offences,Unable to prosecute suspect,
c07d9f99258b11b98c99f5795050e9b39662650c2e79cfe201cbd8eb28d4cc9b,2024-09,South Wales Police,South Wales Police,-3.707171,51.478931,On or near Highfield Avenue,W01001046,Bridgend 018C,Violence and sexual offences,Unable to prosecute suspect,
a3bf08d1353dc771c7d4c54eadd8613bc0d69e4311540168b369bcf830f9a6ce,2024-09,South Wales Police,South Wales Police,-3.703359,51.480596,On or near Reynallt Place,W01001046,Bridgend 018C,Violence and sexual offences,Unable to prosecute suspect,
76b0ca7351064506b2df4cd96d766a06aaa137f450db2001795ce10c7855d762,2024-09,South Wales Police,South Wales Police,-3.703359,51.480596,On or near Reynallt Place,W01001046,Bridgend 018C,Violence and sexual offences,Under investigation,
9438d8bb11c7b05d4b2972b949180b8667a633f00eaf40a99b403e9134cbe689,2024-09,South Wales Police,South Wales Police,-3.708197,51.479411,On or near Victoria Avenue,W01001046,Bridgend 018C,Violence and sexual offences,Unable to prosecute suspect,
cd4e17578805be4abc44cf6849990810db4eb62639397d8bfc16d3e5ee2afa90,2024-09,South Wales Police,South Wales Police,-3.705241,51.479310,On or near Church Place,W01001047,Bridgend 018D,Public order,Unable to prosecute suspect,
814b9b1b1f1df1422babe1815a57e60c89120dab7e19569a076ef5af5f6ae799,2024-09,South Wales Police,South Wales Police,-3.706395,51.484769,On or near Suffolk Close,W01001047,Bridgend 018D,Public order,Unable to prosecute suspect,
9fa4977b61851e363af75572e9653009094519627b9dd3de2dc0bfbe3d191708,2024-09,South Wales Police,South Wales Police,-3.706395,51.484769,On or near Suffolk Close,W01001047,Bridgend 018D,Violence and sexual offences,Unable to prosecute suspect,
21f42541c80c905e80f39c2b7a8044143419634bdb99e102fe1201e8427d761a,2024-09,South Wales Police,South Wales Police,-3.710645,51.480175,On or near Sports/Recreation Area,W01001047,Bridgend 018D,Violence and sexual offences,Under investigation,
6ccaff5299c38cc55fd3e0e8ad4104bcbd0ad01d30e7babad16b7aa228052bfd,2024-09,South Wales Police,South Wales Police,-3.706395,51.484769,On or near Suffolk Close,W01001047,Bridgend 018D,Violence and sexual offences,Under investigation,
b536352e1f988ef89209f9d1e3835997299d2b2d29ff59a62e7945daa02ca4f0,2024-09,South Wales Police,South Wales Police,-3.706395,51.484769,On or near Suffolk Close,W01001047,Bridgend 018D,Violence and sexual offences,Unable to prosecute suspect,
f52d396a8e345a7602405699b896e4fc7606f42e8b8139e5fba3ad24aa970376,2024-09,South Wales Police,South Wales Police,-3.710645,51.480175,On or near Sports/Recreation Area,W01001047,Bridgend 018D,Other crime,Investigation complete; no suspect identified,
e711e0b8b142d253de976b78c6cc385657b7c8c981770d306b968468c06c36de,2024-09,South Wales Police,South Wales Police,-3.718196,51.489884,On or near Pintail Close,W01001053,Bridgend 018E,Violence and sexual offences,Under investigation,
34d453e08a2aa6a98d04e008a9f49222c7c0d950aeeb56a37227051901286d01,2024-09,South Wales Police,South Wales Police,-3.718196,51.489884,On or near Pintail Close,W01001053,Bridgend 018E,Violence and sexual offences,Unable to prosecute suspect,
1fd7764899a518dad6ede0cf3399adf969b34ac1da4012d43937ca357959b19b,2024-09,South Wales Police,South Wales Police,-3.718196,51.489884,On or near Pintail Close,W01001053,Bridgend 018E,Violence and sexual offences,Unable to prosecute suspect,
,2024-09,South Wales Police,South Wales Police,-3.669142,51.487320,On or near Willow Close,W01001029,Bridgend 019A,Anti-social behaviour,,
93dffb84ac097fd4ff5bc6df33c89207382ee42bd8e9ddfc5bd68bc59cd72376,2024-09,South Wales Police,South Wales Police,-3.672175,51.484399,On or near Beech Grove,W01001029,Bridgend 019A,Violence and sexual offences,Unable to prosecute suspect,
03bcc88ee587ea75ebf094198a5472f380297ffc40eff6ef18586c98b5a1c626,2024-09,South Wales Police,South Wales Police,-3.683316,51.483062,On or near Supermarket,W01001030,Bridgend 019B,Criminal damage and arson,Investigation complete; no suspect identified,
f690d42e7db605deb8b34a38efa612c40f5dafe5ee2b10091f503656e3455855,2024-09,South Wales Police,South Wales Police,-3.683316,51.483062,On or near Supermarket,W01001030,Bridgend 019B,Criminal damage and arson,Unable to prosecute suspect,
3ad1aa7369e68da1d11dce82adf64c8ab5600ff168f06f72cbf870c0b24d9b85,2024-09,South Wales Police,South Wales Police,-3.677805,51.479256,On or near Bay View Road,W01001030,Bridgend 019B,Criminal damage and arson,Investigation complete; no suspect identified,
04f0b1fd8609143655c803dd0be936d4d8c1baa12bcd89024aba7181fdcdda59,2024-09,South Wales Police,South Wales Police,-3.686340,51.483423,On or near St Anne'S Crescent,W01001030,Bridgend 019B,Criminal damage and arson,Unable to prosecute suspect,
54e2c6db23f056d8140d45b2ff0ef2b94107aac9b9dc78cbe5971c2b0c76c600,2024-09,South Wales Police,South Wales Police,-3.681817,51.484972,On or near Petrol Station,W01001030,Bridgend 019B,Other theft,Investigation complete; no suspect identified,
5267cacb438a7cd41c11eeed0c5e023666a8a122f215fbe5c464757e120b2d04,2024-09,South Wales Police,South Wales Police,-3.683316,51.483062,On or near Supermarket,W01001030,Bridgend 019B,Public order,Under investigation,
856c3c1f2cf5570a8df34f528725551566d56fb5f5b05e660a843f8061d08613,2024-09,South Wales Police,South Wales Police,-3.683316,51.483062,On or near Supermarket,W01001030,Bridgend 019B,Public order,Unable to prosecute suspect,
29e8e9198dbedf62c37d90f8e348a214474efd101f50ecc3e744036bc79e99e7,2024-09,South Wales Police,South Wales Police,-3.683316,51.483062,On or near Supermarket,W01001030,Bridgend 019B,Shoplifting,Awaiting court outcome,
03ea4aac5c8196e97bbfa3e8d0ad46247ffbb34dc8239e33879e9983bd1767a4,2024-09,South Wales Police,South Wales Police,-3.683316,51.483062,On or near Supermarket,W01001030,Bridgend 019B,Shoplifting,Investigation complete; no suspect identified,
e03562fe89350b1b379b24b66a00db32b472702382c47a37d5ef04f394765401,2024-09,South Wales Police,South Wales Police,-3.683316,51.483062,On or near Supermarket,W01001030,Bridgend 019B,Shoplifting,Awaiting court outcome,
1985a316ac6ec056783cd678091e2b466aeaf243199e8a5f73df2be2b081082c,2024-09,South Wales Police,South Wales Police,-3.677805,51.479256,On or near Bay View Road,W01001030,Bridgend 019B,Violence and sexual offences,Unable to prosecute suspect,
bcfda625411d14a0ccdfa7fe206e91ffcaabe0fcb6227056cbb85eb80fa05a89,2024-09,South Wales Police,South Wales Police,-3.686340,51.483423,On or near St Anne'S Crescent,W01001030,Bridgend 019B,Violence and sexual offences,Unable to prosecute suspect,
de6e47fd0f885302a484075fcb19434d7d097b0d6016ad29ab724030a0a281be,2024-09,South Wales Police,South Wales Police,-3.686340,51.483423,On or near St Anne'S Crescent,W01001030,Bridgend 019B,Violence and sexual offences,Local resolution,
9933d9f6b2e1df459e69d91b4718343e0061e62a007a5a8efce734913bc77314,2024-09,South Wales Police,South Wales Police,-3.683316,51.483062,On or near Supermarket,W01001030,Bridgend 019B,Violence and sexual offences,Unable to prosecute suspect,
3b189671668b707c2fa15f209f1dd6a72d0cec08fe74eb7ebed3f622febc14ec,2024-09,South Wales Police,South Wales Police,-3.683316,51.483062,On or near Supermarket,W01001030,Bridgend 019B,Violence and sexual offences,Unable to prosecute suspect,
ef0c9b7d0b1adb57fc7fe62e464ea3426fc25570695913ca6fd38c0a8c55f528,2024-09,South Wales Police,South Wales Police,-3.686306,51.485231,On or near Clos Y Mametz,W01001030,Bridgend 019B,Violence and sexual offences,Unable to prosecute suspect,
b18d6a0e3cef8f985369bd5184a0624f3b6b2df1a26502d8b17e3fb13911f3c0,2024-09,South Wales Police,South Wales Police,-3.678859,51.484043,On or near Pine Close,W01001030,Bridgend 019B,Violence and sexual offences,Unable to prosecute suspect,
b23bf8c705aa3b7a0e00ab186472fe170b310158a91f7a6407028dea990c60ab,2024-09,South Wales Police,South Wales Police,-3.686340,51.483423,On or near St Anne'S Crescent,W01001030,Bridgend 019B,Violence and sexual offences,Unable to prosecute suspect,
703924e9208370f283e8cbabbaf9321b0bc3166240cb48920a49c0d2d19ce3ca,2024-09,South Wales Police,South Wales Police,-3.686340,51.483423,On or near St Anne'S Crescent,W01001030,Bridgend 019B,Violence and sexual offences,Unable to prosecute suspect,
cb01f7ec1bcd3bef8edf0985ad499ee32e2f832a5ffe8c6d200a0fff16abe9e0,2024-09,South Wales Police,South Wales Police,-3.686340,51.483423,On or near St Anne'S Crescent,W01001030,Bridgend 019B,Violence and sexual offences,Unable to prosecute suspect,
671eb1f2ad3e2d296b30167ecf4de441c737f7c7119a35b9b330f4463139599d,2024-09,South Wales Police,South Wales Police,-3.686340,51.483423,On or near St Anne'S Crescent,W01001030,Bridgend 019B,Violence and sexual offences,Unable to prosecute suspect,
44da1b0a485f3709ed4d889dbf8f6c3e9b61d2c12354c8a284ae4d8fa7849abf,2024-09,South Wales Police,South Wales Police,-3.686340,51.483423,On or near St Anne'S Crescent,W01001030,Bridgend 019B,Violence and sexual offences,Unable to prosecute suspect,
a7a307a2d0b8f68dcaccb473c4e2db11e79dcf342c24f7c24220d43796485c74,2024-09,South Wales Police,South Wales Police,-3.677269,51.482699,On or near Mayfield Avenue,W01001030,Bridgend 019B,Violence and sexual offences,Investigation complete; no suspect identified,
9e4495fb99c2bfc2aaffe9388e8721d99586f23c0dc65b9944dcbbd939040bf5,2024-09,South Wales Police,South Wales Police,-3.681817,51.484972,On or near Petrol Station,W01001030,Bridgend 019B,Violence and sexual offences,Local resolution,
c88bb63675837fefdf374aae917045d0bd63dbcdb0ff13505ef58adb228f065e,2024-09,South Wales Police,South Wales Police,-3.683316,51.483062,On or near Supermarket,W01001030,Bridgend 019B,Violence and sexual offences,Unable to prosecute suspect,
3c2178a9580faf4836319138ac988d0e1c4d4c35b64736678a1b5d42d6a19c06,2024-09,South Wales Police,South Wales Police,-3.683316,51.483062,On or near Supermarket,W01001030,Bridgend 019B,Violence and sexual offences,Under investigation,
,2024-09,South Wales Police,South Wales Police,-3.691727,51.486924,On or near St David'S Way,W01001044,Bridgend 019C,Anti-social behaviour,,
,2024-09,South Wales Police,South Wales Police,-3.692832,51.485658,On or near Greenways,W01001044,Bridgend 019C,Anti-social behaviour,,
,2024-09,South Wales Police,South Wales Police,-3.691727,51.486924,On or near St David'S Way,W01001044,Bridgend 019C,Anti-social behaviour,,
1e03aa2f81d3dfd2504d3da94fabe42b59298e70792382e4cc504810ff1b2eaf,2024-09,South Wales Police,South Wales Police,-3.692832,51.485658,On or near Greenways,W01001044,Bridgend 019C,Other theft,Investigation complete; no suspect identified,
b65bde72665e77e2c4b574ebc38d2891f4cec8e69021ccfff5640ea2919091a0,2024-09,South Wales Police,South Wales Police,-3.695148,51.485967,On or near Heol-Y-Goedwig,W01001044,Bridgend 019C,Robbery,Under investigation,
9c56218010006d8f9e9bc78858f486bd43061a037ad225e3dfce1484db5d657f,2024-09,South Wales Police,South Wales Police,-3.689360,51.484081,On or near The Mercies,W01001044,Bridgend 019C,Violence and sexual offences,Under investigation,
b5b481beaaf31327db680ecf2f738c1e6ba34005e1cbd55b28f59e59a025e94f,2024-09,South Wales Police,South Wales Police,-3.689360,51.484081,On or near The Mercies,W01001044,Bridgend 019C,Violence and sexual offences,Unable to prosecute suspect,
7d2e2ebe9e0850ca10d0439be8fc45af3683ba67de0a78682fd9d4199e87fce2,2024-09,South Wales Police,South Wales Police,-3.700048,51.483710,On or near Heol-Fair,W01001044,Bridgend 019C,Violence and sexual offences,Unable to prosecute suspect,
57faf0ab9b0335820fac2170a76bd47f47ef2cd66185ce0366059094ac081a00,2024-09,South Wales Police,South Wales Police,-3.700048,51.483710,On or near Heol-Fair,W01001044,Bridgend 019C,Violence and sexual offences,Unable to prosecute suspect,
76fdc005335e1a5d5e8848af69e5217c98cee157d059c167b6b6e79bf5b0eb73,2024-09,South Wales Police,South Wales Police,-3.691099,51.485144,On or near Pant Morfa,W01001044,Bridgend 019C,Other crime,Unable to prosecute suspect,
489d2c2119594908e6ae85384c7fc3fd8a9796339f96bbc8287362be0bd49808,2024-09,South Wales Police,South Wales Police,-3.691099,51.485144,On or near Pant Morfa,W01001044,Bridgend 019C,Other crime,Under investigation,
,2024-09,South Wales Police,South Wales Police,-3.700020,51.477929,On or near Parking Area,W01001045,Bridgend 019D,Anti-social behaviour,,
,2024-09,South Wales Police,South Wales Police,-3.694185,51.481754,On or near Sandy Lane,W01001045,Bridgend 019D,Anti-social behaviour,,
,2024-09,South Wales Police,South Wales Police,-3.691525,51.482629,On or near New Road,W01001045,Bridgend 019D,Anti-social behaviour,,
,2024-09,South Wales Police,South Wales Police,-3.694185,51.481754,On or near Sandy Lane,W01001045,Bridgend 019D,Anti-social behaviour,,
,2024-09,South Wales Police,South Wales Police,-3.695192,51.480948,On or near Mackworth Road,W01001045,Bridgend 019D,Anti-social behaviour,,
cec53c95d76617b30e635ac28312e2d1966fea37f4b6be5640e2c7dc004e3163,2024-09,South Wales Police,South Wales Police,-3.701406,51.481128,On or near Old Station Road,W01001045,Bridgend 019D,Criminal damage and arson,Unable to prosecute suspect,
afd59a1c8b747ddc510d04e1473e44a73afba6c212573e22fa20bc6f28d63556,2024-09,South Wales Police,South Wales Police,-3.700020,51.477929,On or near Parking Area,W01001045,Bridgend 019D,Drugs,Under investigation,
32297c91b2d46ccbb0d52e2a958050555a7aa3526a0b454edacf88d8fc2104a1,2024-09,South Wales Police,South Wales Police,-3.699946,51.481365,On or near Poplar Crescent,W01001045,Bridgend 019D,Other theft,Investigation complete; no suspect identified,
339a5dfe714bc261b825d8b6868951de31a950cd524dd5fd47c5945245f56fac,2024-09,South Wales Police,South Wales Police,-3.697719,51.481892,On or near Poplar Road,W01001045,Bridgend 019D,Possession of weapons,Awaiting court outcome,
7293f87674557875b0c1f82228d1c062e7e2cf18fd3a9959a143c234f734ea32,2024-09,South Wales Police,South Wales Police,-3.700020,51.477929,On or near Parking Area,W01001045,Bridgend 019D,Possession of weapons,Unable to prosecute suspect,
a3d0cb6e49c6726d576fa90e1bc9e45afb62387191c57126631bbfa39da25a49,2024-09,South Wales Police,South Wales Police,-3.695614,51.481823,On or near Maesteg Terrace,W01001045,Bridgend 019D,Public order,Unable to prosecute suspect,
2623de7f98fc43b121a5eb0838f672084fb0f8487667b8bb70a4547f52f2a82e,2024-09,South Wales Police,South Wales Police,-3.694185,51.481754,On or near Sandy Lane,W01001045,Bridgend 019D,Public order,Under investigation,
b9ee98435a1b2aaab06c8581d7b96f20dd83f409de22f6b4d012ed3e218eddf3,2024-09,South Wales Police,South Wales Police,-3.694185,51.481754,On or near Sandy Lane,W01001045,Bridgend 019D,Public order,Unable to prosecute suspect,
3053b8dcd19e265334ca7fd71337387f3e010ea70bde72711411950de919a6f5,2024-09,South Wales Police,South Wales Police,-3.699946,51.481365,On or near Poplar Crescent,W01001045,Bridgend 019D,Shoplifting,Unable to prosecute suspect,
0ee0543bc95f11cebbe32d7febb57656e6e3fd114b2eb4d1aac5fcaa39903bad,2024-09,South Wales Police,South Wales Police,-3.700020,51.477929,On or near Parking Area,W01001045,Bridgend 019D,Shoplifting,Investigation complete; no suspect identified,
ee4e38fea96505e9114ebab630ae84e24cfb3b77ca891111acff0a5275534865,2024-09,South Wales Police,South Wales Police,-3.697404,51.481555,On or near Vintin Lane,W01001045,Bridgend 019D,Shoplifting,Investigation complete; no suspect identified,
a08ecd3f88136dec802f14e72a8626b03b73605d6ac6333678ed0ae2957496b8,2024-09,South Wales Police,South Wales Police,-3.700020,51.477929,On or near Parking Area,W01001045,Bridgend 019D,Shoplifting,Awaiting court outcome,
73411ec86005fd6430ba8f1366b8bcb88cddd5b9ac6fb36e99c3bc129c027ec0,2024-09,South Wales Police,South Wales Police,-3.695192,51.480948,On or near Mackworth Road,W01001045,Bridgend 019D,Violence and sexual offences,Unable to prosecute suspect,
0b348c3092eb527efcda48a114cc44eff2d1e82e4c67204bd95c35b05e1165a8,2024-09,South Wales Police,South Wales Police,-3.693770,51.479107,On or near Parking Area,W01001045,Bridgend 019D,Violence and sexual offences,Offender given a caution,
296fb98e597e1d3a45edee02a6b924ca862d15e12ab7202abe579aaf2c3f65bb,2024-09,South Wales Police,South Wales Police,-3.693226,51.484232,On or near Woodland Avenue,W01001045,Bridgend 019D,Violence and sexual offences,Under investigation,
df8fcb598473348234b5c31109ad6f5b11a28c23c5bfce8ee92c05a6137e2e88,2024-09,South Wales Police,South Wales Police,-3.700399,51.479992,On or near Wellfield Avenue,W01001045,Bridgend 019D,Violence and sexual offences,Unable to prosecute suspect,
af37cffb49adde089a50404931bfa3a84e99f6bd9fd5982af09615b9f73791b4,2024-09,South Wales Police,South Wales Police,-3.697719,51.481892,On or near Poplar Road,W01001045,Bridgend 019D,Violence and sexual offences,Unable to prosecute suspect,
1457094420a3243ff361d8b04081c202a3deff29d756ba0e98248878be49b853,2024-09,South Wales Police,South Wales Police,-3.695192,51.480948,On or near Mackworth Road,W01001045,Bridgend 019D,Violence and sexual offences,Unable to prosecute suspect,
5fd67e9f9ecf24ca5a567145e91504c74a2abd35847b42c077e35316ee9c351a,2024-09,South Wales Police,South Wales Police,-3.695192,51.480948,On or near Mackworth Road,W01001045,Bridgend 019D,Violence and sexual offences,Unable to prosecute suspect,
23cc7b665022c2f0190ef6401e531edfc0c70e8ad423058f8c1b4982010fc616,2024-09,South Wales Police,South Wales Police,-3.693226,51.484232,On or near Woodland Avenue,W01001045,Bridgend 019D,Violence and sexual offences,Unable to prosecute suspect,
d43abac80aa96cfbd46adb1ba745b15ad33b87fa9dfd9ad1120db805f9496fb9,2024-09,South Wales Police,South Wales Police,-3.700516,51.480421,On or near Wellfield Crescent,W01001045,Bridgend 019D,Violence and sexual offences,Unable to prosecute suspect,
e3e3ff53580d907533538063f476eb5f5a1505b1dc10fe874b43a3410c7dcf5c,2024-09,South Wales Police,South Wales Police,-3.694185,51.481754,On or near Sandy Lane,W01001045,Bridgend 019D,Violence and sexual offences,Unable to prosecute suspect,
8ff9fd84b42a2b9d6788eb0da1e5b510fd5c6796e90df3171247c10a6a155602,2024-09,South Wales Police,South Wales Police,-3.694185,51.481754,On or near Sandy Lane,W01001045,Bridgend 019D,Violence and sexual offences,Unable to prosecute suspect,
b29b6c1197ad18d0faf90ea0cff3ef944168eba18a1682db6ef37052c039603e,2024-09,South Wales Police,South Wales Police,-3.700020,51.477929,On or near Parking Area,W01001045,Bridgend 019D,Violence and sexual offences,Unable to prosecute suspect,
1664351c404aaca050ffbaff1568643834bf261f6987d9177f1c7883e65386f3,2024-09,South Wales Police,South Wales Police,-3.694185,51.481754,On or near Sandy Lane,W01001045,Bridgend 019D,Violence and sexual offences,Unable to prosecute suspect,
7ffc9adc68a0da087a2c6c47b7930787f873d363a4c943a6fd1174519607a70e,2024-09,South Wales Police,South Wales Police,-3.695192,51.480948,On or near Mackworth Road,W01001045,Bridgend 019D,Violence and sexual offences,Unable to prosecute suspect,
086ca5333ff88cf5b09bb596f2d6a1a41320292575e420d112e8bbf30de422c9,2024-09,South Wales Police,South Wales Police,-3.286660,51.761868,On or near High Street,W01001375,Caerphilly 001B,Violence and sexual offences,Unable to prosecute suspect,
649968e0525f36b69028dd7c81acd102be0d7318de35ed4da82f34d8773dbf28,2024-09,South Wales Police,South Wales Police,-3.289858,51.766778,On or near Oakland Terrace,W01001429,Caerphilly 001F,Vehicle crime,Under investigation,
b057f53ffd3df451c43e08e6b8fc500fec64958989a52f794ac95b64b50dfb26,2024-09,South Wales Police,South Wales Police,-3.260894,51.706606,On or near New Road,W01001360,Caerphilly 002A,Violence and sexual offences,Under investigation,
6772d923695a698cc59a23f28bd9bb54d02d6696c37a85932179be79f22482f9,2024-09,South Wales Police,South Wales Police,-3.201241,51.656428,On or near Heath Road,W01001402,Caerphilly 011B,Public order,Under investigation,
25a065a7424f025134feb1ceefe4a310dc1c36e4d3a72d0c9c1bba31563441e2,2024-09,South Wales Police,South Wales Police,-3.236121,51.581363,On or near Heol Fach,W01001395,Caerphilly 023C,Other crime,Under investigation,
96c41896e9bb63af054aa1af13be42375542ea0e5aa4120ea52fd4bcf70a3f73,2024-09,South Wales Police,South Wales Police,-3.235110,51.578676,On or near Second Avenue,W01001396,Caerphilly 023D,Criminal damage and arson,Under investigation,
,2024-09,South Wales Police,South Wales Police,-3.166226,51.542011,On or near Cefn Mably Road,W01001777,Cardiff 001A,Anti-social behaviour,,
934d0285624a09205206d04f86a647d84faaf8bdf93e6f297212adf5563a5dda,2024-09,South Wales Police,South Wales Police,-3.167549,51.540712,On or near Church Road,W01001777,Cardiff 001A,Burglary,Investigation complete; no suspect identified,
ca0aa9958bfb238d8e7b565f2bcb238e8efcf54872b248bc627e14ccdbf41a03,2024-09,South Wales Police,South Wales Police,-3.176186,51.544609,On or near Mount St Denys,W01001777,Cardiff 001A,Criminal damage and arson,Investigation complete; no suspect identified,
6185ba8001293b284f95a7c55bd346eadd6a2f83a33fb9434dda1d163e680138,2024-09,South Wales Police,South Wales Police,-3.175663,51.538895,On or near The Woodlands,W01001777,Cardiff 001A,Vehicle crime,Investigation complete; no suspect identified,
aad6516044f5a0a930d5bda5c3419a21f50941d14b1e3c1f031e0c83cbac2d89,2024-09,South Wales Police,South Wales Police,-3.159189,51.534051,On or near Heol Nant Glandulas,W01001777,Cardiff 001A,Violence and sexual offences,Unable to prosecute suspect,
01a58e08da606df5ebba416111e16ae4aac029d9604f38b9f571ef3e2afeae63,2024-09,South Wales Police,South Wales Police,-3.172722,51.542836,On or near Llwyn Y Pia Road,W01001777,Cardiff 001A,Violence and sexual offences,Under investigation,
54eddb05559f556239eb668912c84f18f6673ad91060d8235b40c6b210c59f37,2024-09,South Wales Police,South Wales Police,-3.160611,51.535548,On or near Y Deri Duon,W01001777,Cardiff 001A,Violence and sexual offences,Under investigation,
954d8322bd3c9ae2ef0a21bab97189b4abd954c2b676bc86738555fc2794742b,2024-09,South Wales Police,South Wales Police,-3.160611,51.535548,On or near Y Deri Duon,W01001777,Cardiff 001A,Violence and sexual offences,Under investigation,
,2024-09,South Wales Police,South Wales Police,-3.187120,51.545272,On or near Cherry Orchard Road,W01001778,Cardiff 001B,Anti-social behaviour,,
609e192d48b97aae22c3e49292be7834858687ddb721ad01cb7fc361e9037975,2024-09,South Wales Police,South Wales Police,-3.182536,51.545930,On or near Churchill Close,W01001778,Cardiff 001B,Criminal damage and arson,Investigation complete; no suspect identified,
cbe39080d203129306adc3899ed159a270e19c4c086a600967c48c8798e80746,2024-09,South Wales Police,South Wales Police,-3.180759,51.544140,On or near The Paddock,W01001778,Cardiff 001B,Vehicle crime,Investigation complete; no suspect identified,
11a7b854db69b5c3929c1e8c4bf17edc5b15318543662ce29ee643ca8a0eb4c8,2024-09,South Wales Police,South Wales Police,-3.182132,51.538138,On or near Millrace Close,W01001778,Cardiff 001B,Other crime,Further investigation is not in the public interest,
ae5acf5ab2d0587a066a4f2fb8ac6bbeaf9a47cc018723f58ac603b77e3cc080,2024-09,South Wales Police,South Wales Police,-3.188561,51.543585,On or near Brenig Close,W01001794,Cardiff 001C,Violence and sexual offences,Unable to prosecute suspect,
,2024-09,South Wales Police,South Wales Police,-3.181190,51.537383,On or near Clos Melin Ddwr,W01001799,Cardiff 001D,Anti-social behaviour,,
e04f6448ebf8d01372d79bf92381ab171cf7fce4e5fe474aaae51d0e37d99a58,2024-09,South Wales Police,South Wales Police,-3.178034,51.532991,On or near Marion Court,W01001799,Cardiff 001D,Burglary,Investigation complete; no suspect identified,
7bad5f25d03ab44d88d6d79ad1eb437472f4fe7d323834ffa95bf2ffdd1762c3,2024-09,South Wales Police,South Wales Police,-3.183208,51.531239,On or near Newlands Court,W01001799,Cardiff 001D,Criminal damage and arson,Unable to prosecute suspect,
0c3e54d87d4bf9a44e3028c6459706d1e4bb71ab57008c32dc91fc96febc1089,2024-09,South Wales Police,South Wales Police,-3.180705,51.530330,On or near West Rise,W01001799,Cardiff 001D,Violence and sexual offences,Under investigation,
542c01368d906b0e12ae3aaa78af561708dc103f9a7ac68527c5e5f6d64b72ac,2024-09,South Wales Police,South Wales Police,-3.180705,51.530330,On or near West Rise,W01001799,Cardiff 001D,Violence and sexual offences,Under investigation,
3611a8937353a372fbf843d390b16491c46d0964aa0e0b492d332414de4f1971,2024-09,South Wales Police,South Wales Police,-3.200346,51.544247,On or near Clos-Y-Carlwm,W01001793,Cardiff 002A,Violence and sexual offences,Unable to prosecute suspect,
,2024-09,South Wales Police,South Wales Police,-3.204042,51.538419,On or near Bryn Glas,W01001795,Cardiff 002B,Anti-social behaviour,,
9e54f63a139aa8307c5c03e5ed5badc9ac5b2a236a919beea1c56c8e053a8379,2024-09,South Wales Police,South Wales Police,-3.194976,51.537999,On or near Petrol Station,W01001795,Cardiff 002B,Other theft,Investigation complete; no suspect identified,
5a9d59443c2b68927902e7560ae5ee54dec59173339f57845c7748c8ea2d1bf2,2024-09,South Wales Police,South Wales Police,-3.191674,51.539112,On or near Cavendish Close,W01001796,Cardiff 002C,Shoplifting,Investigation complete; no suspect identified,
072122bee753a2e8fb3f0ee84583be65e6a411dd8ef6a68be984022ef444bf01,2024-09,South Wales Police,South Wales Police,-3.205972,51.533975,On or near Thornhill Road,W01001798,Cardiff 002D,Other theft,Investigation complete; no suspect identified,
30ff4f208e02bb458702c72dff9f42dbf5bafaa31de21fa362e4dc48882f049c,2024-09,South Wales Police,South Wales Police,-3.201819,51.538334,On or near Avonridge,W01001798,Cardiff 002D,Violence and sexual offences,Unable to prosecute suspect,
,2024-09,South Wales Police,South Wales Police,-3.149922,51.534196,On or near Leacroft Place,W01001841,Cardiff 003A,Anti-social behaviour,,
,2024-09,South Wales Police,South Wales Police,-3.152525,51.532210,On or near Tarragon Way,W01001841,Cardiff 003A,Anti-social behaviour,,
,2024-09,South Wales Police,South Wales Police,-3.149736,51.533101,On or near Chamomile Close,W01001841,Cardiff 003A,Anti-social behaviour,,
4784c00753e27e9ce4833f5079c8e794c66f46b67d1ba1e6de9eb365aeec3415,2024-09,South Wales Police,South Wales Police,-3.147579,51.535055,On or near Clos Nant Coslech,W01001841,Cardiff 003A,Public order,Investigation complete; no suspect identified,
5eeaaf0dfeb4255360e9603a029c4a750bc6dcbc7c36680e56e271289f960209,2024-09,South Wales Police,South Wales Police,-3.148761,51.533893,On or near Claverton Way,W01001841,Cardiff 003A,Violence and sexual offences,Unable to prosecute suspect,
,2024-09,South Wales Police,South Wales Police,-3.140339,51.536691,On or near Sports/Recreation Area,W01001842,Cardiff 003B,Anti-social behaviour,,
3a262419d678e3a256d935c437d8332d51a8c6ac47e85005bbffb5a9c5e6f33a,2024-09,South Wales Police,South Wales Police,-3.141687,51.534645,On or near Clos Alyn,W01001842,Cardiff 003B,Burglary,Investigation complete; no suspect identified,
b2b3ae83774a69128925c0fead64d0cc939e30bc4767be923152d7f7f3922f9f,2024-09,South Wales Police,South Wales Police,-3.136964,51.537209,On or near Clonakilty Way,W01001842,Cardiff 003B,Criminal damage and arson,Investigation complete; no suspect identified,
da1035a03a4697a40bdce83623c83f6e712ca2bd8435e8020657332af55cbe86,2024-09,South Wales Police,South Wales Police,-3.131028,51.538543,On or near Beck Court,W01001842,Cardiff 003B,Drugs,Awaiting court outcome,
840c717896039698b17f270a1c07eaa165f45cafa654136d5f4da9c9b58fcacf,2024-09,South Wales Police,South Wales Police,-3.131028,51.538543,On or near Beck Court,W01001842,Cardiff 003B,Public order,Investigation complete; no suspect identified,
e0eb8cb5c40c951f20a7c60c96a0252fd0d0375027f6c6f6191c8672ce425c91,2024-09,South Wales Police,South Wales Police,-3.131028,51.538543,On or near Beck Court,W01001842,Cardiff 003B,Public order,Under investigation,
a506cc7270dd6fca4996035ec753ef5257365705275500257ee19157f4ba8450,2024-09,South Wales Police,South Wales Police,-3.131028,51.538543,On or near Beck Court,W01001842,Cardiff 003B,Shoplifting,Investigation complete; no suspect identified,
be17bde17cfb48a5624accfa4aa501113ba4287d1ad5544096bc19b90dc6d0df,2024-09,South Wales Police,South Wales Police,-3.129206,51.536655,On or near Shopping Area,W01001842,Cardiff 003B,Shoplifting,Investigation complete; no suspect identified,
f0dbdd0edd870f8ed9d20c4207f4495c74986ce2bc63b101a09db818f22c2580,2024-09,South Wales Police,South Wales Police,-3.132119,51.536608,On or near High Bank,W01001842,Cardiff 003B,Vehicle crime,Awaiting court outcome,
f60f1bb194273feed66e6a0c221643997f1f11f1f71b97517f6848eac33bc3f5,2024-09,South Wales Police,South Wales Police,-3.134807,51.536870,On or near Wexford Court,W01001842,Cardiff 003B,Violence and sexual offences,Under investigation,
1ab5b1bd0f7574d443b939b89ed9e257915281baef18463a412526082b3b87b7,2024-09,South Wales Police,South Wales Police,-3.129206,51.536655,On or near Shopping Area,W01001842,Cardiff 003B,Other crime,Investigation complete; no suspect identified,
38ec5c44a041c4be35aeb32d4595091ba7cc5185497346a5cee5b7d08619fd9f,2024-09,South Wales Police,South Wales Police,-3.131028,51.538543,On or near Beck Court,W01001842,Cardiff 003B,Other crime,Investigation complete; no suspect identified,
,2024-09,South Wales Police,South Wales Police,-3.146827,51.532077,On or near Ambrooke Close,W01001844,Cardiff 003D,Anti-social behaviour,,
,2024-09,South Wales Police,South Wales Police,-3.139592,51.532741,On or near Enbourne Drive,W01001844,Cardiff 003D,Anti-social behaviour,,
8706e7efab71d68bbbd08ec33c371dbd1f36307329e1f5512bbf65d984108114,2024-09,South Wales Police,South Wales Police,-3.137915,51.530297,On or near Supermarket,W01001844,Cardiff 003D,Shoplifting,Awaiting court outcome,
acb0286be5dfee574f5dd67aeb3d86be956372615e4bbedc41f65abd181e9a4c,2024-09,South Wales Police,South Wales Police,-3.137915,51.530297,On or near Supermarket,W01001844,Cardiff 003D,Shoplifting,Under investigation,
89f2aea2943adcdf322f2b16a2f1b7b36be4184b0097d26aedca476216e716d8,2024-09,South Wales Police,South Wales Police,-3.139592,51.532741,On or near Enbourne Drive,W01001844,Cardiff 003D,Violence and sexual offences,Unable to prosecute suspect,
,2024-09,South Wales Police,South Wales Police,-3.121357,51.538141,On or near Clos Thomas,W01002016,Cardiff 003E,Anti-social behaviour,,
30bab243631cade7936879967da5fe89603ad957c9923ee1f9ea3c8dc70b89ec,2024-09,South Wales Police,South Wales Police,-3.120733,51.533876,On or near Bridge Road,W01002016,Cardiff 003E,Public order,Local resolution,
a602f4ec2137585b5a44aa0f59a3607b278cf0c651edda73590acb31dc01f90c,2024-09,South Wales Police,South Wales Police,-3.124000,51.536570,On or near Potter Street,W01002016,Cardiff 003E,Public order,Further investigation is not in the public interest,
2883d57ae8b6fdcf91efd7e4b023e5404dc9341132d8b6c904ee048a15611d40,2024-09,South Wales Police,South Wales Police,-3.127129,51.536557,On or near Pentwyn Link Road,W01002017,Cardiff 003F,Bicycle theft,Investigation complete; no suspect identified,
cea7a1ec98665880e739e6cf26f4285e0b7d3b884372d8bf42f5815e55bc3260,2024-09,South Wales Police,South Wales Police,-3.127129,51.536557,On or near Pentwyn Link Road,W01002017,Cardiff 003F,Burglary,Investigation complete; no suspect identified,
787ff2be630df6e185e9da67a93221f379a3343ca0919f81fad714b07deff805,2024-09,South Wales Police,South Wales Police,-3.127129,51.536557,On or near Pentwyn Link Road,W01002017,Cardiff 003F,Other theft,Investigation complete; no suspect identified,
1184c065b829c2acc0da153f6b2e93dad6be5d2f5f691da4b8cc937ce1272b23,2024-09,South Wales Police,South Wales Police,-3.127655,51.531589,On or near Heol Bennett,W01002017,Cardiff 003F,Violence and sexual offences,Under investigation,
61673076996e7b57a3c76e4073e7d76bdef1685f719e935138c514f019510475,2024-09,South Wales Police,South Wales Police,-3.121516,51.533473,On or near Ffordd Williamson,W01002017,Cardiff 003F,Violence and sexual offences,Local resolution,
c866a554949f8306cc782d7d773c8ec89d30e1754068f2b11ecb448b2c0ec10d,2024-09,South Wales Police,South Wales Police,-3.121516,51.533473,On or near Ffordd Williamson,W01002017,Cardiff 003F,Violence and sexual offences,Under investigation,
a0117d0e00d1440dd55b0bb1822d47e78b211558480f173df2cf9eb1a5a5b752,2024-09,South Wales Police,South Wales Police,-3.123884,51.531868,On or near Boyce Way,W01002017,Cardiff 003F,Violence and sexual offences,Awaiting court outcome,
89748dbc992cd6be4905e00da17d77473993f15e353a5eb66bc091a7322e131c,2024-09,South Wales Police,South Wales Police,-3.131491,51.529906,On or near Clos Nanteos,W01002018,Cardiff 003G,Drugs,Local resolution,
cdbcfe87c5d1c83b2987023a85ed486dabca6ddd18a8b4732d5e4de2816135e7,2024-09,South Wales Police,South Wales Police,-3.128066,51.534822,On or near Supermarket,W01002018,Cardiff 003G,Shoplifting,Investigation complete; no suspect identified,
c46097a448b4506c592ad937a3c677853bfb4431ad64c80a868fba554a348a29,2024-09,South Wales Police,South Wales Police,-3.129766,51.535912,On or near Dering Road,W01002018,Cardiff 003G,Shoplifting,Investigation complete; no suspect identified,
572ef2c258a58f0dd3714b410b311b7a37d30f1da2a233fa4490a30469bc4ff3,2024-09,South Wales Police,South Wales Police,-3.128066,51.534822,On or near Supermarket,W01002018,Cardiff 003G,Shoplifting,Awaiting court outcome,
46cda77904be96b2d59611710f9b53938ae8a4f501a0380036442950e5b0d0db,2024-09,South Wales Police,South Wales Police,-3.128066,51.534822,On or near Supermarket,W01002018,Cardiff 003G,Shoplifting,Unable to prosecute suspect,
5e2259694b36193807efcea07feed69d7f9c49464180210e8c29b2f4f2241472,2024-09,South Wales Police,South Wales Police,-3.128066,51.534822,On or near Supermarket,W01002018,Cardiff 003G,Shoplifting,Unable to prosecute suspect,
7f4d526931fd94644a853beb36fa13f8d1bbc1637b7ffb9cba01ae07a18d72e4,2024-09,South Wales Police,South Wales Police,-3.132377,51.531346,On or near Speedwell Close,W01002018,Cardiff 003G,Violence and sexual offences,Unable to prosecute suspect,
2eb0db2de6fd523265b51d815ac516c35c86815a0e0df6b41887b7ab880469ec,2024-09,South Wales Police,South Wales Police,-3.220166,51.525601,On or near Heol-Y-Bryn,W01001849,Cardiff 004A,Burglary,Investigation complete; no suspect identified,
459cfa927d103346f2a1123471e941cb74842ddbea5f6a8113ee14b640138bef,2024-09,South Wales Police,South Wales Police,-3.229539,51.526789,On or near Lisnagarvey Court,W01001849,Cardiff 004A,Vehicle crime,Investigation complete; no suspect identified,
04a9bd89916c49ecd96b34ac3afe52ab6a5e0c0c07249f95a8a03e0f993e4eb8,2024-09,South Wales Police,South Wales Police,-3.213469,51.532324,On or near Heol Uchaf,W01001852,Cardiff 004B,Vehicle crime,Investigation complete; no suspect identified,
647f945c33596d85898e828eb9da170d3571674c1d17c778935b75c3d35e5716,2024-09,South Wales Police,South Wales Police,-3.215835,51.551335,On or near Wenallt Road,W01001852,Cardiff 004B,Vehicle crime,Investigation complete; no suspect identified,
d7063a14d8fdf256fa54c89ca67d26ed3d0ad709d1ca25845de4f49f5b8ff5ce,2024-09,South Wales Police,South Wales Police,-3.218743,51.527396,On or near Lon-Y-Winci,W01001852,Cardiff 004B,Violence and sexual offences,Under investigation,
b8a9562bb221a5f4acfd1b7dc4ba5bf2bbe948957853b69de7453504d80b8af2,2024-09,South Wales Police,South Wales Police,-3.217409,51.533030,On or near Cefn Nant,W01001852,Cardiff 004B,Violence and sexual offences,Under investigation,
22c810c670c73011ea65bb693138bee581bae5bcf56f880c858b3c0387f38acb,2024-09,South Wales Police,South Wales Police,-3.214302,51.534402,On or near Heol Ifor Bach,W01001852,Cardiff 004B,Violence and sexual offences,Unable to prosecute suspect,
53d9eb6fca3a2aafe103b9e79cec8d63719d0fbf06f4bfa7357cdcdda4fe4ee5,2024-09,South Wales Police,South Wales Police,-3.223829,51.531038,On or near Brooklyn Close,W01001852,Cardiff 004B,Violence and sexual offences,Under investigation,
4f97a7b1d13a1d7c2369b68ba13d9ceb40d6869c559bc5859c4279062dce8311,2024-09,South Wales Police,South Wales Police,-3.206439,51.530922,On or near Clos Ton Mawr,W01001853,Cardiff 004C,Public order,Unable to prosecute suspect,
85acf9939c02ec4875f7f7bead92b834df37ae2d13ea154f53af4c800fac22fd,2024-09,South Wales Police,South Wales Police,-3.206439,51.530922,On or near Clos Ton Mawr,W01001853,Cardiff 004C,Shoplifting,Investigation complete; no suspect identified,
e0b436b1f5ef2b18e4b5b879da2ef9eddca61856caa3507c2b4993be8df0050b,2024-09,South Wales Police,South Wales Police,-3.206439,51.530922,On or near Clos Ton Mawr,W01001853,Cardiff 004C,Shoplifting,Unable to prosecute suspect,
7b5158babd43d22168f0dc014b7d8761e996fc600bef9964207c757e26449b10,2024-09,South Wales Police,South Wales Police,-3.206439,51.530922,On or near Clos Ton Mawr,W01001853,Cardiff 004C,Shoplifting,Investigation complete; no suspect identified,
bcdfd45f20e230b0dcc1238ba13ae905e1a2e885f39d1e2d3438274f957598c7,2024-09,South Wales Police,South Wales Police,-3.212068,51.529524,On or near Heol Mabon,W01001853,Cardiff 004C,Violence and sexual offences,Unable to prosecute suspect,
f34702c47246ab796da953a84bc79b9f0b4b3f78557c7a489f324729dc9cdd2f,2024-09,South Wales Police,South Wales Police,-3.206400,51.527245,On or near Heol Aer,W01001854,Cardiff 004D,Vehicle crime,Investigation complete; no suspect identified,
93bff3d300a6c188657e8cdd41f81156f89dbe991e9232f2f1c5b9a976bc812b,2024-09,South Wales Police,South Wales Police,-3.211598,51.527029,On or near Llwyn Rhosyn,W01001854,Cardiff 004D,Violence and sexual offences,Unable to prosecute suspect,
,2024-09,South Wales Police,South Wales Police,-3.178602,51.526484,On or near Towy Road,W01001791,Cardiff 005A,Anti-social behaviour,,
,2024-09,South Wales Police,South Wales Police,-3.190967,51.527492,On or near Sports/Recreation Area,W01001791,Cardiff 005A,Anti-social behaviour,,
,2024-09,South Wales Police,South Wales Police,-3.188649,51.527597,On or near Kimberley Terrace,W01001791,Cardiff 005A,Anti-social behaviour,,
263c0631996478a457b019a081c9f66adf82851d05159b7ec2693d96975bc223,2024-09,South Wales Police,South Wales Police,-3.190311,51.527751,On or near Ilex Close,W01001791,Cardiff 005A,Burglary,Investigation complete; no suspect identified,
0de9ca420bd0d499a3928c99d9a021100ec2f9a6f077356d98c7fa590b813d39,2024-09,South Wales Police,South Wales Police,-3.190967,51.527492,On or near Sports/Recreation Area,W01001791,Cardiff 005A,Burglary,Investigation complete; no suspect identified,
cf30eaf9710840591ec07a90e0a98ec2b4ffffeacb11f59aaad00fc9c9412850,2024-09,South Wales Police,South Wales Police,-3.193707,51.526572,On or near Shopping Area,W01001791,Cardiff 005A,Burglary,Investigation complete; no suspect identified,
542dc2909f20d983016925a58d9e2cef871cd33b1dacbbea6e614855282d4f0a,2024-09,South Wales Police,South Wales Police,-3.187776,51.528945,On or near Supermarket,W01001791,Cardiff 005A,Criminal damage and arson,Investigation complete; no suspect identified,
e2d5909638f607d1cc7589e63775b85f6a3cdb892a10ae3e4a2423303fe5447c,2024-09,South Wales Police,South Wales Police,-3.193707,51.526572,On or near Shopping Area,W01001791,Cardiff 005A,Public order,Unable to prosecute suspect,
66e1a6e648dcf737907b4cad23d47f9884c781ab604f7a094b3de64b7c66e89f,2024-09,South Wales Police,South Wales Police,-3.187776,51.528945,On or near Supermarket,W01001791,Cardiff 005A,Public order,Unable to prosecute suspect,
d8cc2c3b08e363d8ea61c7fdfa4babd43fcbf0f7040164d4fa906057bcda8fea,2024-09,South Wales Police,South Wales Police,-3.193707,51.526572,On or near Shopping Area,W01001791,Cardiff 005A,Public order,Investigation complete; no suspect identified,
a2f8d7b660fd6a5ed536137fac856b788a7a2dd4efb3a3441bd64a1b1a4a5acc,2024-09,South Wales Police,South Wales Police,-3.188649,51.527597,On or near Kimberley Terrace,W01001791,Cardiff 005A,Robbery,Under investigation,
a511d180309d97d05014ac0b49c118fb3704fbc765b50dff812bfab8f2a13fa0,2024-09,South Wales Police,South Wales Police,-3.193707,51.526572,On or near Shopping Area,W01001791,Cardiff 005A,Shoplifting,Investigation complete; no suspect identified,
2054ded28b76a0b20c23775c406420e34588efb477c61168ea5370394fca11e4,2024-09,South Wales Police,South Wales Police,-3.193707,51.526572,On or near Shopping Area,W01001791,Cardiff 005A,Shoplifting,Investigation complete; no suspect identified,
7a05d83751432d3ecac0a2d3a5762096187d6f663747252e4c9924133e9a44be,2024-09,South Wales Police,South Wales Police,-3.187776,51.528945,On or near Supermarket,W01001791,Cardiff 005A,Shoplifting,Awaiting court outcome,
95e88e24fde2a15657be68c4a0b6653848f4734410af4ae059728cecd4dcf8cd,2024-09,South Wales Police,South Wales Police,-3.193707,51.526572,On or near Shopping Area,W01001791,Cardiff 005A,Shoplifting,Investigation complete; no suspect identified,
63995f475c4b5de9dd8246d2d13fe730a4303f0c125b6b5da4ac6aaa397e080b,2024-09,South Wales Police,South Wales Police,-3.187776,51.528945,On or near Supermarket,W01001791,Cardiff 005A,Shoplifting,Investigation complete; no suspect identified,
49ad77f5e11b9e214db17ffbf991404ecf190783115df05a794418ab6bac7a1b,2024-09,South Wales Police,South Wales Police,-3.179758,51.526050,On or near Elan Road,W01001791,Cardiff 005A,Vehicle crime,Investigation complete; no suspect identified,
c90ee4e44bc1886baab61512b6c18b114a4370f819a35a351e5a700af8d1724f,2024-09,South Wales Police,South Wales Police,-3.186175,51.526129,On or near Crundale Crescent,W01001791,Cardiff 005A,Violence and sexual offences,Unable to prosecute suspect,
05082bd1cfe5c9704a0ecbdeffe2228fd57f08807df748b5023f3951c9fd27a7,2024-09,South Wales Police,South Wales Police,-3.187776,51.528945,On or near Supermarket,W01001791,Cardiff 005A,Violence and sexual offences,Investigation complete; no suspect identified,
1928d4fec7e9fd6fd477633f12c496e34a20147061da1516861e08b18be48cda,2024-09,South Wales Police,South Wales Police,-3.189398,51.527005,On or near Ty-Glas Avenue,W01001791,Cardiff 005A,Violence and sexual offences,Unable to prosecute suspect,
f7d7ef5ac27974ab9835a83f3a2d8f53d2b4cd9ce7034cae3814b98a13c7eb5e,2024-09,South Wales Police,South Wales Police,-3.178602,51.526484,On or near Towy Road,W01001791,Cardiff 005A,Other crime,Awaiting court outcome,
832068dd8cf180fc7c259b12bf3a370387ccd6f514bffd07a2b518320ce71832,2024-09,South Wales Police,South Wales Police,-3.178602,51.526484,On or near Towy Road,W01001791,Cardiff 005A,Other crime,Awaiting court outcome,
24108b95f26277a063762a50ca3cb85cc55e76474b6099e97fd055790fd46b72,2024-09,South Wales Police,South Wales Police,-3.178602,51.526484,On or near Towy Road,W01001791,Cardiff 005A,Other crime,Awaiting court outcome,
81d14a9271e1d2ce1b2d8c79dd6504cd04d8993773b29465e65a020d0556616f,2024-09,South Wales Police,South Wales Police,-3.178602,51.526484,On or near Towy Road,W01001791,Cardiff 005A,Other crime,Awaiting court outcome,
,2024-09,South Wales Police,South Wales Police,-3.184062,51.520818,On or near Wavell Close,W01001792,Cardiff 005B,Anti-social behaviour,,
,2024-09,South Wales Police,South Wales Police,-3.185348,51.523701,On or near Heol Merlin,W01001792,Cardiff 005B,Anti-social behaviour,,
a87a9c6eef3a1c3026d65cf92b384e165b0544af7e80bdd4a806bcaa5277eeb7,2024-09,South Wales Police,South Wales Police,-3.184664,51.523483,On or near Portfield Crescent,W01001792,Cardiff 005B,Criminal damage and arson,Awaiting court outcome,
c81a8ebb3e73c9b1b2c76834769b4bb1d1f27b3244b408b8ffd4225cb31bb894,2024-09,South Wales Police,South Wales Police,-3.185242,51.520734,On or near Cheshire Close,W01001792,Cardiff 005B,Criminal damage and arson,Unable to prosecute suspect,
fafd42f86d8e320eb0ea256826454c0e5816d94fda0b9fd9d1d2173aa1293165,2024-09,South Wales Police,South Wales Police,-3.188441,51.522393,On or near Tedder Close,W01001792,Cardiff 005B,Public order,Under investigation,
90c5bbba8a2edd44203b368f1c1cd3a54366326707d4e5d08647297ee9a71479,2024-09,South Wales Police,South Wales Police,-3.186391,51.521703,On or near Trenchard Drive,W01001792,Cardiff 005B,Public order,Unable to prosecute suspect,
824fba2efac09a5d6090f9bd8efd85455291b23496d70714836d0ff90f07730f,2024-09,South Wales Police,South Wales Police,-3.195570,51.522698,On or near Pennine Close,W01001792,Cardiff 005B,Shoplifting,Investigation complete; no suspect identified,
1c3ecac609a81aa0162dbf9b9f91467bfbf489eb6eed76feab987735e89ec4cc,2024-09,South Wales Police,South Wales Police,-3.185348,51.523701,On or near Heol Merlin,W01001792,Cardiff 005B,Vehicle crime,Investigation complete; no suspect identified,
e5b5b99a878cb52220083d9833217eb98173fea25c362bdc407a84171f578005,2024-09,South Wales Police,South Wales Police,-3.188441,51.522393,On or near Tedder Close,W01001792,Cardiff 005B,Violence and sexual offences,Unable to prosecute suspect,
d72abc0e204d56c5cb604be2cde3efafec7124bebac23150798da0a7ea4c339c,2024-09,South Wales Police,South Wales Police,-3.184053,51.524928,On or near Fishguard Road,W01001792,Cardiff 005B,Violence and sexual offences,Under investigation,
a624a08072efbb996d94e088a4b3f8bc2f364e9494c9df6e0994f1996da63dd2,2024-09,South Wales Police,South Wales Police,-3.184664,51.523483,On or near Portfield Crescent,W01001792,Cardiff 005B,Violence and sexual offences,Awaiting court outcome,
994f6084d05981ec485bbb5670b1948485c5223c05eff2ae15d081010b353b5a,2024-09,South Wales Police,South Wales Police,-3.188441,51.522393,On or near Tedder Close,W01001792,Cardiff 005B,Violence and sexual offences,Under investigation,
a511498297fa28ea8be85e69171959bcfcb7b5c8876ad8203ad5c9cbd87526de,2024-09,South Wales Police,South Wales Police,-3.185348,51.523701,On or near Heol Merlin,W01001792,Cardiff 005B,Violence and sexual offences,Awaiting court outcome,
4dafcf2f85db9b0b7dab223aebdacef81235c9d1e83f91808e58813bfc04d960,2024-09,South Wales Police,South Wales Police,-3.184053,51.524928,On or near Fishguard Road,W01001792,Cardiff 005B,Violence and sexual offences,Unable to prosecute suspect,
2912dd52bf8f09bf14153d7778b3e0ba94a608c124953c22224ef739c840979a,2024-09,South Wales Police,South Wales Police,-3.193001,51.534710,On or near Llanon Road,W01001797,Cardiff 005C,Criminal damage and arson,Investigation complete; no suspect identified,
0f4a76679492dfb86467874bfa257f5100c73e9b30438dfa9f016c829664774e,2024-09,South Wales Police,South Wales Police,-3.188560,51.530250,On or near Parking Area,W01001797,Cardiff 005C,Other theft,Investigation complete; no suspect identified,
1f7d5cd7185eb1330968ee0390e85ea3162111cf26ab2d9e19bcfbb095a45eaa,2024-09,South Wales Police,South Wales Police,-3.191375,51.537037,On or near Drury Close,W01001797,Cardiff 005C,Violence and sexual offences,Unable to prosecute suspect,
55b001e36adb20cdfb45e091f3b86e335b576d70eaf58d570a635191412e2636,2024-09,South Wales Police,South Wales Police,-3.188560,51.530250,On or near Parking Area,W01001797,Cardiff 005C,Violence and sexual offences,Unable to prosecute suspect,
f306a977c96eb28a53b000a5509a7f3a7d38c487e055d4a6c43b0a7ea9d1b4ef,2024-09,South Wales Police,South Wales Police,-3.190716,51.530561,On or near Cheam Place,W01001800,Cardiff 005D,Burglary,Investigation complete; no suspect identified,
091697664c11ccaed366f6cefead9225dff191ebe41b2f4911a2b50ba62bf68a,2024-09,South Wales Police,South Wales Police,-3.197122,51.533517,On or near Templeton Avenue,W01001800,Cardiff 005D,Criminal damage and arson,Unable to prosecute suspect,
4e16cb58e0d53f706d921110400fa6962f3ca2d9dcb3f044264d2ce1004fdfd4,2024-09,South Wales Police,South Wales Police,-3.197122,51.533517,On or near Templeton Avenue,W01001800,Cardiff 005D,Criminal damage and arson,Unable to prosecute suspect,
0f375858dde5b13664cb235a47b4325dd71b4dc879706b2810141bf0c737e9b5,2024-09,South Wales Police,South Wales Police,-3.190716,51.530561,On or near Cheam Place,W01001800,Cardiff 005D,Public order,Unable to prosecute suspect,
e76f5f0d7f21fd3b7bd1e12ac1189740116336edb033d59acef701ee75281436,2024-09,South Wales Police,South Wales Police,-3.191732,51.534147,On or near Gilwern Crescent,W01001800,Cardiff 005D,Violence and sexual offences,Unable to prosecute suspect,
7fccd538f3bc21139f417ceaff987a68e5d344429ba284e4c66bf4dcd78c1d0d,2024-09,South Wales Police,South Wales Police,-3.200830,51.533048,On or near Angle Place,W01001800,Cardiff 005D,Violence and sexual offences,Under investigation,
858b842a9856f4743f89407c683e89986ab48d7104bf5bdb165a29b23666a124,2024-09,South Wales Police,South Wales Police,-3.194254,51.531352,On or near Coed Cochwyn Avenue,W01001800,Cardiff 005D,Violence and sexual offences,Unable to prosecute suspect,
694be6b92e5c555b82fc061b0d981e4d01bb6b4419ea3c6672ba7d226ae99e96,2024-09,South Wales Police,South Wales Police,-3.192703,51.529911,On or near Watton Close,W01001800,Cardiff 005D,Other crime,Further investigation is not in the public interest,
,2024-09,South Wales Police,South Wales Police,-3.198570,51.522757,On or near Smith Road,W01001949,Cardiff 005F,Anti-social behaviour,,
95bee7e7c9f4b332aad443cf97db54f4da4c8bfaf13ae34dff441fdd23345f96,2024-09,South Wales Police,South Wales Police,-3.197710,51.522397,On or near Pentland Close,W01001949,Cardiff 005F,Bicycle theft,Investigation complete; no suspect identified,
8c9d2ea9387707c389f0a35a16106e43c39a3c0cfd332a066b937fbaf68f1d57,2024-09,South Wales Police,South Wales Police,-3.197710,51.522397,On or near Pentland Close,W01001949,Cardiff 005F,Bicycle theft,Investigation complete; no suspect identified,
ae45c6347838f84fce62ba098e7ab17fe1f3678982584519281bb22d5d5f8edc,2024-09,South Wales Police,South Wales Police,-3.201382,51.523906,On or near Watkins Square,W01001949,Cardiff 005F,Burglary,Investigation complete; no suspect identified,
6580712f93bf686111abe5cfb7cd174dd0832be60a869e3681ba7de4cd975856,2024-09,South Wales Police,South Wales Police,-3.198337,51.524333,On or near Mostyn Square,W01001949,Cardiff 005F,Burglary,Unable to prosecute suspect,
d7b788c209e9d8900fd42f519ee6274c16ae8c40c23de1bb781f91ee09f945bd,2024-09,South Wales Police,South Wales Police,-3.201382,51.523906,On or near Watkins Square,W01001949,Cardiff 005F,Criminal damage and arson,Investigation complete; no suspect identified,
e6fbfe02fadd905b140fa01bbfe643c54a2472139cf58cb1c3d4f4725d5c0e0f,2024-09,South Wales Police,South Wales Police,-3.199799,51.522367,On or near Tasker Drive,W01001949,Cardiff 005F,Other theft,Investigation complete; no suspect identified,
7d582344e4263c62ba828fb787d804717feb2c3194c4a006b9cb4350ae818cba,2024-09,South Wales Police,South Wales Police,-3.197640,51.521939,On or near Ty Glas,W01001949,Cardiff 005F,Other theft,Under investigation,
db141a350d537e5670e46febe5c0de2b1e1361ad1ea1f928b1361963c29b956a,2024-09,South Wales Police,South Wales Police,-3.198570,51.522757,On or near Smith Road,W01001949,Cardiff 005F,Other theft,Local resolution,
e6c896e86ffad5d7807b099d59689384f2d4d6be3418100e4cc4923c63df531c,2024-09,South Wales Police,South Wales Police,-3.198570,51.522757,On or near Smith Road,W01001949,Cardiff 005F,Other crime,Awaiting court outcome,
,2024-09,South Wales Police,South Wales Police,-3.202721,51.530960,On or near Cadnant Close,W01001953,Cardiff 005G,Anti-social behaviour,,
,2024-09,South Wales Police,South Wales Police,-3.198203,51.531285,On or near Bethel Place,W01001953,Cardiff 005G,Anti-social behaviour,,
,2024-09,South Wales Police,South Wales Police,-3.200765,51.527293,On or near Coed Glas Road,W01001953,Cardiff 005G,Anti-social behaviour,,
,2024-09,South Wales Police,South Wales Police,-3.198203,51.531285,On or near Bethel Place,W01001953,Cardiff 005G,Anti-social behaviour,,
8c086fd0835bcbcda2bd6c12449ce9efa27ae8e1653104bc01be1ea7fd2bdd73,2024-09,South Wales Police,South Wales Police,-3.199510,51.528358,On or near Gaerwen Close,W01001953,Cardiff 005G,Bicycle theft,Investigation complete; no suspect identified,
3a60d242e12847eabf0f8b0f702713bf89f7766e53ac95ba0ff1ca9ef2dd5273,2024-09,South Wales Police,South Wales Police,-3.199552,51.525579,On or near Supermarket,W01001953,Cardiff 005G,Shoplifting,Investigation complete; no suspect identified,
60c5775a56733e8c7b8a4d21f9c463fe498646eb3fe825bd6bce22d4bfbcab96,2024-09,South Wales Police,South Wales Police,-3.199552,51.525579,On or near Supermarket,W01001953,Cardiff 005G,Shoplifting,Investigation complete; no suspect identified,
537a109b2f9a74f73c97aae32aee5a6b26be0be8d3f380322489c5cbd6945064,2024-09,South Wales Police,South Wales Police,-3.199552,51.525579,On or near Supermarket,W01001953,Cardiff 005G,Shoplifting,Investigation complete; no suspect identified,
8b1d08dbb89fbaca1a9b372821fe78bc3bd5cdf436c24af1facde2bb8ca0c2ed,2024-09,South Wales Police,South Wales Police,-3.199552,51.525579,On or near Supermarket,W01001953,Cardiff 005G,Shoplifting,Investigation complete; no suspect identified,
5200e49387a9e83ee20795e764cfc2b405854fdc02ea71e5d0a6373ef9e6fe6f,2024-09,South Wales Police,South Wales Police,-3.199552,51.525579,On or near Supermarket,W01001953,Cardiff 005G,Shoplifting,Investigation complete; no suspect identified,
47eac3b353d84e3b93f66eace564b5291504b9b8a7e63ae53e021fa96d51d0c8,2024-09,South Wales Police,South Wales Police,-3.200768,51.525783,On or near Petrol Station,W01001953,Cardiff 005G,Shoplifting,Investigation complete; no suspect identified,
c224e3ad9a39b41ce22d21220edc8f62b79f268e632d71952c1451b645552d57,2024-09,South Wales Police,South Wales Police,-3.200768,51.525783,On or near Petrol Station,W01001953,Cardiff 005G,Shoplifting,Unable to prosecute suspect,
456742862105137996b5f5dbc8e67457479d3e4a01a3dd1b85b0f7b69bf08eee,2024-09,South Wales Police,South Wales Police,-3.199552,51.525579,On or near Supermarket,W01001953,Cardiff 005G,Shoplifting,Investigation complete; no suspect identified,
e8245980edadbd61c5559fd032d684acf7f2c972cc512060b97e28d78c00fdab,2024-09,South Wales Police,South Wales Police,-3.199552,51.525579,On or near Supermarket,W01001953,Cardiff 005G,Shoplifting,Investigation complete; no suspect identified,
e11aea93b8e138f0ee7e0103bcc10e51a44a84a14ef5cd167e0890c31bf0f2d2,2024-09,South Wales Police,South Wales Police,-3.199552,51.525579,On or near Supermarket,W01001953,Cardiff 005G,Shoplifting,Investigation complete; no suspect identified,
e13755bc39b15b8431f9fce22882ed2504a6d7e9c733bead9ba65b86b6e4c448,2024-09,South Wales Police,South Wales Police,-3.199552,51.525579,On or near Supermarket,W01001953,Cardiff 005G,Shoplifting,Unable to prosecute suspect,
ae67a82ba0b522495031a1fba33a60d10807a58c5f1bbbb0af1dc33c5e763097,2024-09,South Wales Police,South Wales Police,-3.200768,51.525783,On or near Petrol Station,W01001953,Cardiff 005G,Shoplifting,Investigation complete; no suspect identified,
fdab63e750fd5a2d8d2528ec361956d00d9623d4fad5486eb09fd00da0d5712a,2024-09,South Wales Police,South Wales Police,-3.199552,51.525579,On or near Supermarket,W01001953,Cardiff 005G,Shoplifting,Investigation complete; no suspect identified,
070ed01a6da9622bcbb4deb9ede67036078d1a36b209202345a54abd733605c6,2024-09,South Wales Police,South Wales Police,-3.200768,51.525783,On or near Petrol Station,W01001953,Cardiff 005G,Shoplifting,Investigation complete; no suspect identified,
5533db2ad797674d1315f40a5c0e93e564dca65231ab001310cd7a60f77a5db4,2024-09,South Wales Police,South Wales Police,-3.200768,51.525783,On or near Petrol Station,W01001953,Cardiff 005G,Shoplifting,Investigation complete; no suspect identified,
799042c1b762fad97bab7cb25f12fc5f7c59aa2fe61b5fdbea8a9e33e399e579,2024-09,South Wales Police,South Wales Police,-3.199552,51.525579,On or near Supermarket,W01001953,Cardiff 005G,Shoplifting,Investigation complete; no suspect identified,
64a392e1fac303e35c5e41fe8e554875d713d38c264428c61186759f73edf9bf,2024-09,South Wales Police,South Wales Police,-3.199552,51.525579,On or near Supermarket,W01001953,Cardiff 005G,Shoplifting,Investigation complete; no suspect identified,
152db6bb7b1f9027b198e492a8050cb87390c73c4f8049bd03af34b4298a17ae,2024-09,South Wales Police,South Wales Police,-3.203599,51.532570,On or near Whitesands Road,W01001953,Cardiff 005G,Vehicle crime,Unable to prosecute suspect,
064a182ffe51553db45d57c40a5d06250939637c30d0bd2dff622cd9744c9d8d,2024-09,South Wales Police,South Wales Police,-3.199552,51.525579,On or near Supermarket,W01001953,Cardiff 005G,Vehicle crime,Investigation complete; no suspect identified,
1485b69cf200ab8045e1922dde1c8d3327c84394de760e2c79f9bcaebcc6afa6,2024-09,South Wales Police,South Wales Police,-3.197121,51.524696,On or near Ashbourn Way,W01001953,Cardiff 005G,Vehicle crime,Investigation complete; no suspect identified,
7168a14bc7a3794efd4ffafc1b1243a8f71af03c00c9ea5a7bdf9346e9bfdce6,2024-09,South Wales Police,South Wales Police,-3.199558,51.531829,On or near Llangranog Place,W01001953,Cardiff 005G,Violence and sexual offences,Unable to prosecute suspect,
de4d29bee7b4b25a24f98fcf82d68cc14d2728ecf1dd15c43de3292738985de1,2024-09,South Wales Police,South Wales Police,-3.199552,51.525579,On or near Supermarket,W01001953,Cardiff 005G,Violence and sexual offences,Investigation complete; no suspect identified,
64ed3b620474ee0e0890539b4a052966de7b03b2948baab3f03479ba79fb88f2,2024-09,South Wales Police,South Wales Police,-3.202721,51.530960,On or near Cadnant Close,W01001953,Cardiff 005G,Violence and sexual offences,Unable to prosecute suspect,
cde3da8a5de2fad878bd182fa96da6d18057abe448c26b3bf95dbdfea06baa12,2024-09,South Wales Police,South Wales Police,-3.199558,51.531829,On or near Llangranog Place,W01001953,Cardiff 005G,Other crime,Unable to prosecute suspect,
fce40498b71219e6075f5729aad09e5a43ed9b597473095f32acad01f0c488f6,2024-09,South Wales Police,South Wales Police,-3.268204,51.540386,On or near Llys Tripp,W01001820,Cardiff 006A,Public order,Investigation complete; no suspect identified,
fd525710847088dbb2572acdaa8b191d2b9f2899e79a301beb0da85fd338ea1d,2024-09,South Wales Police,South Wales Police,-3.269649,51.542043,On or near Miles Court,W01001820,Cardiff 006A,Violence and sexual offences,Investigation complete; no suspect identified,
fbf3499e0b4f6b1b73be8d86be8e38985f01c2c34da1526ee3f645a47ef91a7d,2024-09,South Wales Police,South Wales Police,-3.270355,51.543060,On or near George Close,W01001820,Cardiff 006A,Other crime,Under investigation,
2a16d9a5d8ffd662d38166a336483320a53b967f0808646ee6c7076dc1b30618,2024-09,South Wales Police,South Wales Police,-3.269292,51.525070,On or near Maes Y Gwair,W01001846,Cardiff 006C,Violence and sexual offences,Unable to prosecute suspect,
597a3f233feb55d470c48a7f364d5d7f9e2b02e08da98974171aac345c876ba6,2024-09,South Wales Police,South Wales Police,-3.260693,51.528463,On or near Garth Close,W01001846,Cardiff 006C,Violence and sexual offences,Unable to prosecute suspect,
fcbdf6eb2a8cc197ab23414c3ed7f00f762c141ddacc744aeed23f4a6c2a98a7,2024-09,South Wales Police,South Wales Police,-3.269277,51.519873,On or near Hazel Tree Close,W01001847,Cardiff 006D,Violence and sexual offences,Investigation complete; no suspect identified,
,2024-09,South Wales Police,South Wales Police,-3.254072,51.508896,On or near Burges Close,W01001948,Cardiff 006E,Anti-social behaviour,,
,2024-09,South Wales Police,South Wales Police,-3.244918,51.511376,On or near Goetre Fawr,W01001948,Cardiff 006E,Anti-social behaviour,,
,2024-09,South Wales Police,South Wales Police,-3.243225,51.511133,On or near Arudur Hen,W01001948,Cardiff 006E,Anti-social behaviour,,
,2024-09,South Wales Police,South Wales Police,-3.244918,51.511376,On or near Goetre Fawr,W01001948,Cardiff 006E,Anti-social behaviour,,
b2391218105643ae8aece73ee0b5d6596db854730327b72732c6f21f29598cbb,2024-09,South Wales Police,South Wales Police,-3.243225,51.511133,On or near Arudur Hen,W01001948,Cardiff 006E,Burglary,Investigation complete; no suspect identified,
6eb8979cb8c0cb3b346d16a7d27527d46c605de896f7812deb9c32aa0e744a86,2024-09,South Wales Police,South Wales Police,-3.258481,51.512544,On or near Pilgrim Close,W01001948,Cardiff 006E,Other theft,Unable to prosecute suspect,
6dffc7e1797430ab8f4f7459053a859bc2b2fedbae85fb22ab228507be020af6,2024-09,South Wales Police,South Wales Police,-3.246836,51.513550,On or near Nicholas Court,W01001948,Cardiff 006E,Public order,Unable to prosecute suspect,
3f3516a8e3bf4c7d7254634555eb1666d1251eb303a2476e5822fdb476f6358c,2024-09,South Wales Police,South Wales Police,-3.243225,51.511133,On or near Arudur Hen,W01001948,Cardiff 006E,Violence and sexual offences,Under investigation,
2aedfdc82e324b079323714c9e37c6f734414ea84c3c7b6ee1ca085891d5278d,2024-09,South Wales Police,South Wales Police,-3.243225,51.511133,On or near Arudur Hen,W01001948,Cardiff 006E,Violence and sexual offences,Under investigation,
f66e989a42b6eccc185a7e58140ffc9d3ca79af2304a247f9e053d5e0153beea,2024-09,South Wales Police,South Wales Police,-3.242877,51.512126,On or near Maes Y Llech,W01001948,Cardiff 006E,Violence and sexual offences,Unable to prosecute suspect,
4ba052632158e7f5d0def304d6c1d7d49920bc3690f4694e96fb67e0680c13e1,2024-09,South Wales Police,South Wales Police,-3.252901,51.509286,On or near Heol Roald Dahl,W01001948,Cardiff 006E,Violence and sexual offences,Unable to prosecute suspect,
33d5d7ef7e758b9618a643e9cea691fbcf17485136792c8c16453be7f9b6e433,2024-09,South Wales Police,South Wales Police,-3.251238,51.515382,On or near Supermarket,W01001954,Cardiff 006F,Possession of weapons,Investigation complete; no suspect identified,
a17c54835790fc21255ad4ad9fe14ab0bd591fba4b86941a963d10e0f1733ce1,2024-09,South Wales Police,South Wales Police,-3.251238,51.515382,On or near Supermarket,W01001954,Cardiff 006F,Shoplifting,Investigation complete; no suspect identified,
94ffb42747afce5405394d90bde5ed5008bca2183b175ceb4c5ef94ac1547ef6,2024-09,South Wales Police,South Wales Police,-3.251238,51.515382,On or near Supermarket,W01001954,Cardiff 006F,Shoplifting,Investigation complete; no suspect identified,
a3e99506ef11533c9cc7ae1cc62075e9fcc2cbed983236e2bfb692a4e7bdbee2,2024-09,South Wales Police,South Wales Police,-3.249947,51.515612,On or near Station Road,W01001954,Cardiff 006F,Vehicle crime,Investigation complete; no suspect identified,
99c38d1042ba7a8deee663a4f956633e8d36ff831551e4f7d0a9502e9cc14796,2024-09,South Wales Police,South Wales Police,-3.251659,51.515468,On or near Ty Nant Road,W01001954,Cardiff 006F,Violence and sexual offences,Unable to prosecute suspect,
e1c318b99b2d8a59ee7612aaa4aad5858adc60010335911aec7e1cb6716002cc,2024-09,South Wales Police,South Wales Police,-3.258506,51.520762,On or near Cwrt-Ty-Mynydd,W01001954,Cardiff 006F,Violence and sexual offences,Unable to prosecute suspect,
,2024-09,South Wales Police,South Wales Police,-3.119519,51.520238,On or near Mount Pleasant Lane,W01001802,Cardiff 007A,Anti-social behaviour,,
,2024-09,South Wales Police,South Wales Police,-3.116692,51.526047,On or near Coates Place,W01001802,Cardiff 007A,Anti-social behaviour,,
,2024-09,South Wales Police,South Wales Police,-3.115700,51.525580,On or near Elgar Crescent,W01001802,Cardiff 007A,Anti-social behaviour,,
,2024-09,South Wales Police,South Wales Police,-3.116692,51.526047,On or near Coates Place,W01001802,Cardiff 007A,Anti-social behaviour,,
,2024-09,South Wales Police,South Wales Police,-3.119519,51.520238,On or near Mount Pleasant Lane,W01001802,Cardiff 007A,Anti-social behaviour,,
,2024-09,South Wales Police,South Wales Police,-3.116692,51.526047,On or near Coates Place,W01001802,Cardiff 007A,Anti-social behaviour,,
,2024-09,South Wales Police,South Wales Police,-3.118804,51.522241,On or near Blackmoor Place,W01001802,Cardiff 007A,Anti-social behaviour,,
,2024-09,South Wales Police,South Wales Police,-3.120362,51.524627,On or near Washford Avenue,W01001802,Cardiff 007A,Anti-social behaviour,,
,2024-09,South Wales Police,South Wales Police,-3.116692,51.526047,On or near Coates Place,W01001802,Cardiff 007A,Anti-social behaviour,,
,2024-09,South Wales Police,South Wales Police,-3.115944,51.520794,On or near Axbridge Crescent,W01001802,Cardiff 007A,Anti-social behaviour,,
,2024-09,South Wales Police,South Wales Police,-3.116692,51.526047,On or near Coates Place,W01001802,Cardiff 007A,Anti-social behaviour,,
82980056ad42aa28f81c8fb093b5b2310868ea38422135aac6faacd1c86b9c62,2024-09,South Wales Police,South Wales Police,-3.117780,51.523968,On or near Porlock Road,W01001802,Cardiff 007A,Other theft,Investigation complete; no suspect identified,
5f9dd5f1a128546fdbd0be0bc5ed96d7bc9f3b4c1efe6cb80c6f534e5aa9f9a6,2024-09,South Wales Police,South Wales Police,-3.116692,51.526047,On or near Coates Place,W01001802,Cardiff 007A,Other theft,Under investigation,
152720e8ebdda9b604c537ae99e240ef66259cbf07bf7764e63578eddfb09741,2024-09,South Wales Police,South Wales Police,-3.119519,51.520238,On or near Mount Pleasant Lane,W01001802,Cardiff 007A,Other theft,Investigation complete; no suspect identified,
ceb767f49fc23635e3ca18667f84298d1105838179f817da0ee08480c86f748a,2024-09,South Wales Police,South Wales Police,-3.118804,51.522241,On or near Blackmoor Place,W01001802,Cardiff 007A,Public order,Unable to prosecute suspect,
361b9fc8bbaeaf945e1ad9da6e65d49017b8500d47d2e2beff1c7148b2768aaa,2024-09,South Wales Police,South Wales Police,-3.119690,51.524283,On or near Milverton Road,W01001802,Cardiff 007A,Public order,Investigation complete; no suspect identified,
1b94becce947c068995bee2b3e7ab89f6acbeaf2a8527fe91ebfac2860af4ee8,2024-09,South Wales Police,South Wales Police,-3.119519,51.520238,On or near Mount Pleasant Lane,W01001802,Cardiff 007A,Vehicle crime,Under investigation,
19921ff0cf81246bfacfe3e43800a90cb3bc19de1a4bacd90f12cc795051f319,2024-09,South Wales Police,South Wales Police,-3.116692,51.526047,On or near Coates Place,W01001802,Cardiff 007A,Violence and sexual offences,Unable to prosecute suspect,
a9ee8d7ca87f66e361bbe34dcd0768c93b177960a36c527da317dfffada35612,2024-09,South Wales Police,South Wales Police,-3.119690,51.524283,On or near Milverton Road,W01001802,Cardiff 007A,Violence and sexual offences,Investigation complete; no suspect identified,
cc301977874c82041f2f152016ee6920c294d74ddc9e9873d230ad8b1f41baae,2024-09,South Wales Police,South Wales Police,-3.120362,51.524627,On or near Washford Avenue,W01001802,Cardiff 007A,Other crime,Under investigation,
,2024-09,South Wales Police,South Wales Police,-3.122081,51.525969,On or near Malmsmead Road,W01001807,Cardiff 007B,Anti-social behaviour,,
a5abede4ebe8c0e154a3c67d85600d94f68b9a576a306e1058346c2c71feaa92,2024-09,South Wales Police,South Wales Police,-3.123253,51.527297,On or near Ashburton Avenue,W01001807,Cardiff 007B,Criminal damage and arson,Investigation complete; no suspect identified,
e3f59922a8006fa2d990e58ee2cd03ed23c3f1afaec4dee4a75f11c38aa25dfb,2024-09,South Wales Police,South Wales Police,-3.119048,51.528084,On or near Okehampton Avenue,W01001807,Cardiff 007B,Public order,Unable to prosecute suspect,
4d4018c6799bc5529f9d717f63ec99678042e8e491a4ffecbc5f1929ed6cc7db,2024-09,South Wales Police,South Wales Police,-3.122081,51.525969,On or near Malmsmead Road,W01001807,Cardiff 007B,Violence and sexual offences,Unable to prosecute suspect,
,2024-09,South Wales Police,South Wales Police,-3.130302,51.524954,On or near Kipling Close,W01001808,Cardiff 007C,Anti-social behaviour,,
,2024-09,South Wales Police,South Wales Police,-3.125757,51.527111,On or near Boswell Close,W01001808,Cardiff 007C,Anti-social behaviour,,
,2024-09,South Wales Police,South Wales Police,-3.124093,51.523935,On or near Durleigh Close,W01001808,Cardiff 007C,Anti-social behaviour,,
,2024-09,South Wales Police,South Wales Police,-3.125738,51.526347,On or near Shaw Close,W01001808,Cardiff 007C,Anti-social behaviour,,
1aadfef22a2a01c33409c064706cf26c3742d7f3c947096bf1de962adef6d16d,2024-09,South Wales Police,South Wales Police,-3.127371,51.524173,On or near Dickens Avenue,W01001808,Cardiff 007C,Criminal damage and arson,Unable to prosecute suspect,
4062a09061380f9ef2b3dd699b85e547c3b1641b86ec90e7f841c6a3c6b0ef74,2024-09,South Wales Police,South Wales Police,-3.121722,51.527186,On or near Honiton Road,W01001808,Cardiff 007C,Violence and sexual offences,Unable to prosecute suspect,
455c5551112e13409c172d2e0d01ccc5f931ef79b1aec6278482129e295938f0,2024-09,South Wales Police,South Wales Police,-3.124893,51.525420,On or near Somerset Court,W01001808,Cardiff 007C,Violence and sexual offences,Under investigation,
58b1dc2b55ef20939a5da251414edb8c70d9c48b07dd6915791f6538aacf0430,2024-09,South Wales Police,South Wales Police,-3.128343,51.526178,On or near Macaulay Avenue,W01001808,Cardiff 007C,Violence and sexual offences,Unable to prosecute suspect,
e62211d8a627cb35fffb0a2b415d517a5cb513f770ebe78aa2d6aedf68c927af,2024-09,South Wales Police,South Wales Police,-3.129331,51.525908,On or near Browning Close,W01001808,Cardiff 007C,Violence and sexual offences,Under investigation,
dae1ec546f2334110d8e37c553fb51476ca555dcf06ee77aeaa3427bd212a03c,2024-09,South Wales Police,South Wales Police,-3.124893,51.525420,On or near Somerset Court,W01001808,Cardiff 007C,Violence and sexual offences,Unable to prosecute suspect,
bb4e210039900d0950b14849078669149d825507f49406a52e0211fcedd87714,2024-09,South Wales Police,South Wales Police,-3.123188,51.524088,On or near Burnham Avenue,W01001808,Cardiff 007C,Violence and sexual offences,Unable to prosecute suspect,
93b2d288989af42db62fff6d1a6de88fc55ca7b82aada0bb6c0008bd63824b1b,2024-09,South Wales Police,South Wales Police,-3.128343,51.526178,On or near Macaulay Avenue,W01001808,Cardiff 007C,Violence and sexual offences,Unable to prosecute suspect,
e4995e566aa54b6c2b06c52e8ef2a63fb04f887351d2ed5c8f4600a3a7b39fec,2024-09,South Wales Police,South Wales Police,-3.124093,51.523935,On or near Durleigh Close,W01001808,Cardiff 007C,Violence and sexual offences,Unable to prosecute suspect,
f0e48919c19038aa06ea14b1c2d4db033b3d3db34369ab4dff91aad0ceb51415,2024-09,South Wales Police,South Wales Police,-3.124893,51.525420,On or near Somerset Court,W01001808,Cardiff 007C,Violence and sexual offences,Further investigation is not in the public interest,
50f762e4c96760c730692f368f697ef4e796a8a903e859c5eb7e749d1b64604c,2024-09,South Wales Police,South Wales Police,-3.124893,51.525420,On or near Somerset Court,W01001808,Cardiff 007C,Violence and sexual offences,Unable to prosecute suspect,
9770dafb2c88c435a053e8fcb00395ab52a0c867577b5e51c51e7461b1804618,2024-09,South Wales Police,South Wales Police,-3.125148,51.527585,On or near Hazlitt Close,W01001808,Cardiff 007C,Other crime,Unable to prosecute suspect,
2a1f5c2b4c3ea6316032f0c9670b0f0dff396a709c4b9ae19750e8bd5a3adc70,2024-09,South Wales Police,South Wales Police,-3.128343,51.526178,On or near Macaulay Avenue,W01001808,Cardiff 007C,Other crime,Under investigation,
,2024-09,South Wales Police,South Wales Police,-3.112579,51.525852,On or near The Ton,W01001840,Cardiff 007D,Anti-social behaviour,,
,2024-09,South Wales Police,South Wales Police,-3.115367,51.530223,On or near Eastern Close,W01001840,Cardiff 007D,Anti-social behaviour,,
,2024-09,South Wales Police,South Wales Police,-3.113584,51.528037,On or near Eurwg Crescent,W01001840,Cardiff 007D,Anti-social behaviour,,
,2024-09,South Wales Police,South Wales Police,-3.112579,51.525852,On or near The Ton,W01001840,Cardiff 007D,Anti-social behaviour,,
53324ecefb125ea7894ca76f9614999847b47f827ed4530721aa763820b3cda3,2024-09,South Wales Police,South Wales Police,-3.114540,51.529997,On or near Blackbirds Way,W01001840,Cardiff 007D,Criminal damage and arson,Unable to prosecute suspect,
a035ee46220e016a1df80d28d57fe276c45fd99afe4272a0ca9b38e1a2c80963,2024-09,South Wales Police,South Wales Police,-3.114540,51.529997,On or near Blackbirds Way,W01001840,Cardiff 007D,Criminal damage and arson,Investigation complete; no suspect identified,
d85d4022b3ec00b654c194087c1c58c87d6f2ec7edc255a3a641e15f3b8b2fc7,2024-09,South Wales Police,South Wales Police,-3.113435,51.521951,On or near Canopus Close,W01001840,Cardiff 007D,Criminal damage and arson,Investigation complete; no suspect identified,
00b3e4fa4751e91311a9c6d02961b1b597dd29cecc533e69b03ee4c79099e1e4,2024-09,South Wales Police,South Wales Police,-3.113435,51.521951,On or near Canopus Close,W01001840,Cardiff 007D,Drugs,Local resolution,
e771cb46a3f85c6d225c3e9ba4632bb3e62206c8962faaa634781443eb87f3dc,2024-09,South Wales Police,South Wales Police,-3.114540,51.529997,On or near Blackbirds Way,W01001840,Cardiff 007D,Public order,Unable to prosecute suspect,
3c4f25d5a1d364a0ef75db03ec019c71deb593191e2bd46ff172d3ea6fcb433f,2024-09,South Wales Police,South Wales Police,-3.114540,51.529997,On or near Blackbirds Way,W01001840,Cardiff 007D,Public order,Unable to prosecute suspect,
94b4c5070e64f9367915f48ea7676cfc0a5573817081eb97250ff7a410e8acc3,2024-09,South Wales Police,South Wales Police,-3.114540,51.529997,On or near Blackbirds Way,W01001840,Cardiff 007D,Public order,Unable to prosecute suspect,
814587e5ccbf7a473bd60d937de60b566149ac75ec53ca4a2b316a3880d6aa32,2024-09,South Wales Police,South Wales Police,-3.106726,51.528812,On or near Parkstone Avenue,W01001840,Cardiff 007D,Vehicle crime,Investigation complete; no suspect identified,
aaa68776780c1c44bcc1728b9ba0c8e62a26c7d8f44f3c8dc346d9742a835408,2024-09,South Wales Police,South Wales Police,-3.113221,51.525594,On or near Courtenay Close,W01001840,Cardiff 007D,Violence and sexual offences,Investigation complete; no suspect identified,
a827272ee31dea1290856abfb926614e49cb928c38cd67f1445cf9a87077c22d,2024-09,South Wales Police,South Wales Police,-3.116385,51.529997,On or near Drawlings Close,W01001840,Cardiff 007D,Violence and sexual offences,Under investigation,
4ef336676504faa7d8a5acbdd1b4cb155109f3484e8c6881a63a17697e623e09,2024-09,South Wales Police,South Wales Police,-3.113435,51.521951,On or near Canopus Close,W01001840,Cardiff 007D,Violence and sexual offences,Further investigation is not in the public interest,
8add95f23cb26bbc075f9736781b91a24b93ea44559a6bb71675d9e382c6cef4,2024-09,South Wales Police,South Wales Police,-3.111048,51.530471,On or near White Oaks Drive,W01001840,Cardiff 007D,Violence and sexual offences,Investigation complete; no suspect identified,
976fea64c334775a0be83cf064ba0f3a0ce1bfc8d90c86d8883860d4f95041b8,2024-09,South Wales Police,South Wales Police,-3.162730,51.524215,On or near Westminster Crescent,W01001730,Cardiff 008A,Vehicle crime,Unable to prosecute suspect,
7c955ca78cf4e1e25300ba7daa47706b7d02ac54cc50133e08e30f502d43f91e,2024-09,South Wales Police,South Wales Police,-3.162057,51.518710,On or near Cyncoed Avenue,W01001730,Cardiff 008A,Violence and sexual offences,Investigation complete; no suspect identified,
62cc02975c1b27454aa84a658dc7911bb021b87262be8a2cdbdccef69688f244,2024-09,South Wales Police,South Wales Police,-3.180595,51.518636,On or near Petrol Station,W01001731,Cardiff 008B,Public order,Under investigation,
28b1112494e64b88f0dffbc91104b27bcfb8f10235db76587bfbcbfd31ca8c99,2024-09,South Wales Police,South Wales Police,-3.180479,51.520504,On or near Three Arches Avenue,W01001731,Cardiff 008B,Public order,Unable to prosecute suspect,
f7e3a1db1d4ad4fdc9c2c8ab8f3192dde0efeb533c0560580af860918dd475aa,2024-09,South Wales Police,South Wales Police,-3.178459,51.521513,On or near Rhyd-Y-Penau Close,W01001731,Cardiff 008B,Other crime,Further investigation is not in the public interest,
88c772b57e5f90c610d9dd4fcb3b75f4a76b8ad6246634bc8950c3a60ab515df,2024-09,South Wales Police,South Wales Police,-3.178459,51.521513,On or near Rhyd-Y-Penau Close,W01001731,Cardiff 008B,Other crime,Unable to prosecute suspect,
,2024-09,South Wales Police,South Wales Police,-3.166867,51.529848,On or near Black Oak Road,W01001736,Cardiff 008C,Anti-social behaviour,,
039e5f6502b69b6914d7bae9852643d6edf812e7d625311d445b027a4c853eeb,2024-09,South Wales Police,South Wales Police,-3.159371,51.530992,On or near Meadow Close,W01001736,Cardiff 008C,Other theft,Unable to prosecute suspect,
197b9bbb9167beda30e39b765e717685e934933ec51f09737c18909893f9e56f,2024-09,South Wales Police,South Wales Police,-3.165698,51.526982,On or near Derwen Road,W01001736,Cardiff 008C,Public order,Investigation complete; no suspect identified,
43876600b6f2bffeeed17c9ac65ac852c5ba7a603db5336e48709f671c00582c,2024-09,South Wales Police,South Wales Police,-3.165165,51.525297,On or near Supermarket,W01001736,Cardiff 008C,Shoplifting,Investigation complete; no suspect identified,
bf39263eee83245129f7532e53f67a273fe7bdf31cb69029bb980bbd322b85c3,2024-09,South Wales Police,South Wales Police,-3.161152,51.531883,On or near Hampton Crescent East,W01001736,Cardiff 008C,Vehicle crime,Awaiting court outcome,
5f05228fc210a5d46f3350cbc8e808048d14afbc4de145c538797f3626c2f210,2024-09,South Wales Police,South Wales Police,-3.165165,51.525297,On or near Supermarket,W01001736,Cardiff 008C,Vehicle crime,Investigation complete; no suspect identified,
35fcf23008389a8a1b93c6d860debf22a5c47e0ba3ba7d0ad1abac4c02c60206,2024-09,South Wales Police,South Wales Police,-3.153101,51.529912,On or near Ty Cerrig,W01001815,Cardiff 008D,Public order,Unable to prosecute suspect,
,2024-09,South Wales Police,South Wales Police,-3.139342,51.523219,On or near Shopping Area,W01001811,Cardiff 009A,Anti-social behaviour,,
,2024-09,South Wales Police,South Wales Police,-3.137612,51.525603,On or near Pant Glas,W01001811,Cardiff 009A,Anti-social behaviour,,
,2024-09,South Wales Police,South Wales Police,-3.139342,51.523219,On or near Shopping Area,W01001811,Cardiff 009A,Anti-social behaviour,,
,2024-09,South Wales Police,South Wales Police,-3.144297,51.521474,On or near Bryn Celyn Road,W01001811,Cardiff 009A,Anti-social behaviour,,
,2024-09,South Wales Police,South Wales Police,-3.147047,51.523038,On or near Heddfaen South,W01001811,Cardiff 009A,Anti-social behaviour,,
,2024-09,South Wales Police,South Wales Police,-3.146475,51.523799,On or near Heddfaen North,W01001811,Cardiff 009A,Anti-social behaviour,,
90ab637a8ecf45938bc5375c1c7601e723c761bb65a315bd8a6b65ef63b52b06,2024-09,South Wales Police,South Wales Police,-3.147047,51.523038,On or near Heddfaen South,W01001811,Cardiff 009A,Criminal damage and arson,Unable to prosecute suspect,
3bd90fd9a309901bfa405cd80a43d175f6ffff9f2696fafb893a6ba48a64012b,2024-09,South Wales Police,South Wales Police,-3.137612,51.525603,On or near Pant Glas,W01001811,Cardiff 009A,Drugs,Offender given a drugs possession warning,
564063b1f67dc1bcd05ba94f63d43a71f5e3369e5e43954435421a583eed7ef5,2024-09,South Wales Police,South Wales Police,-3.139806,51.522866,On or near Petrol Station,W01001811,Cardiff 009A,Other theft,Investigation complete; no suspect identified,
273d935423d03b993811212676de8617234cd2cfda01a378b9190724dd39a1e5,2024-09,South Wales Police,South Wales Police,-3.137612,51.525603,On or near Pant Glas,W01001811,Cardiff 009A,Possession of weapons,Under investigation,
b2ec2e0e23b11ed5276ce132e5f9f45abde1c2f495d27481ee57778587ff6884,2024-09,South Wales Police,South Wales Police,-3.139342,51.523219,On or near Shopping Area,W01001811,Cardiff 009A,Public order,Unable to prosecute suspect,
bea935f7af0c0e495f69d64bb642939e8c0c61f718fd53859ab82f6ecbd65e6d,2024-09,South Wales Police,South Wales Police,-3.147440,51.509729,On or near Sports/Recreation Area,W01001811,Cardiff 009A,Theft from the person,Unable to prosecute suspect,
aa6c5d1896408cbdd46e743a6cd8770556ab98f8612823d9dfcd847ba0fa8472,2024-09,South Wales Police,South Wales Police,-3.144400,51.512922,On or near Circle Way East,W01001811,Cardiff 009A,Vehicle crime,Investigation complete; no suspect identified,
90db4db7f310d58edfc451d93276c908ad27cd4d59fa1086542a9565a8370bef,2024-09,South Wales Police,South Wales Police,-3.147440,51.509729,On or near Sports/Recreation Area,W01001811,Cardiff 009A,Vehicle crime,Investigation complete; no suspect identified,
d8383113ab9ec76c801ba9bf2174718cc1dda18cbf2c27af1466c9e0008ef13d,2024-09,South Wales Police,South Wales Police,-3.143593,51.522695,On or near Bryn Celyn,W01001811,Cardiff 009A,Violence and sexual offences,Under investigation,
534859a78b560f9a8e3e29fb9386801f6583d6e75ac7390f822852d9a4de0057,2024-09,South Wales Police,South Wales Police,-3.146475,51.523799,On or near Heddfaen North,W01001811,Cardiff 009A,Violence and sexual offences,Unable to prosecute suspect,
df04f28775249f8fa667573fa3c9a00137ca459fec7d4f0fa0b1b87d7c295b0c,2024-09,South Wales Police,South Wales Police,-3.144400,51.512922,On or near Circle Way East,W01001811,Cardiff 009A,Violence and sexual offences,Unable to prosecute suspect,
3ca6bd28caa7419fc51e83e38d92fd9f6c7ebd4cceb855c4d0b8b6453c1b6e17,2024-09,South Wales Police,South Wales Police,-3.144400,51.512922,On or near Circle Way East,W01001811,Cardiff 009A,Violence and sexual offences,Unable to prosecute suspect,
0305c8eb58e3a5e646d68528dcd84716cea8720d3daefef02a2296b8565502aa,2024-09,South Wales Police,South Wales Police,-3.144297,51.521474,On or near Bryn Celyn Road,W01001811,Cardiff 009A,Violence and sexual offences,Under investigation,
,2024-09,South Wales Police,South Wales Police,-3.143567,51.524538,On or near Bryn Haidd,W01001816,Cardiff 009B,Anti-social behaviour,,
,2024-09,South Wales Police,South Wales Police,-3.139345,51.527484,On or near Wyncliffe Gardens,W01001816,Cardiff 009B,Anti-social behaviour,,
,2024-09,South Wales Police,South Wales Police,-3.140379,51.525010,On or near Clos Y Gelyn,W01001816,Cardiff 009B,Anti-social behaviour,,
,2024-09,South Wales Police,South Wales Police,-3.139345,51.527484,On or near Wyncliffe Gardens,W01001816,Cardiff 009B,Anti-social behaviour,,
,2024-09,South Wales Police,South Wales Police,-3.143567,51.524538,On or near Bryn Haidd,W01001816,Cardiff 009B,Anti-social behaviour,,
b3cbbf24fd563a08815f3fcfabca8766cc1740178f61fa09227533faa6e239c9,2024-09,South Wales Police,South Wales Police,-3.135723,51.528490,On or near Caxton Place,W01001816,Cardiff 009B,Burglary,Investigation complete; no suspect identified,
bdbec77d4ac22244a85bec6d33a5bb2b712cddefed34abddcca41202f1299d6c,2024-09,South Wales Police,South Wales Police,-3.139345,51.527484,On or near Wyncliffe Gardens,W01001816,Cardiff 009B,Other theft,Investigation complete; no suspect identified,
5053d7daadc12aefdc16837f47f7b9f7237d80812c29f8deb7fa64c7403dcd7e,2024-09,South Wales Police,South Wales Police,-3.135723,51.528490,On or near Caxton Place,W01001816,Cardiff 009B,Public order,Unable to prosecute suspect,
dd6c6bdd721737c9af7b83ff629e3f0946e2849bc437537fd3821b3c308404d3,2024-09,South Wales Police,South Wales Police,-3.140379,51.525010,On or near Clos Y Gelyn,W01001816,Cardiff 009B,Public order,Unable to prosecute suspect,
46576d597e6b1de4b3be548620a4484921009a8dbd0f49ceba3125f6edfc60b1,2024-09,South Wales Police,South Wales Police,-3.137516,51.529526,On or near Supermarket,W01001816,Cardiff 009B,Public order,Investigation complete; no suspect identified,
71d3197dc4afaf654bd8f57e1e458a4844b5d6514ad5e57b886d77d10a894bed,2024-09,South Wales Police,South Wales Police,-3.137516,51.529526,On or near Supermarket,W01001816,Cardiff 009B,Shoplifting,Investigation complete; no suspect identified,
4906875362257eeea2873f5cc37617551f4a8d51c19280e9480cef9cd6d73b7b,2024-09,South Wales Police,South Wales Police,-3.146813,51.524659,On or near Pentwyn Drive,W01001816,Cardiff 009B,Shoplifting,Awaiting court outcome,
9201a5d4463f26600885c09097b386fe40f2c9c533d443eeea4b303030b9b984,2024-09,South Wales Police,South Wales Police,-3.137516,51.529526,On or near Supermarket,W01001816,Cardiff 009B,Shoplifting,Investigation complete; no suspect identified,
3d76ecec96194a5a9fb748743198a8258b46b3de4ab7f0779a1b48ab748d91b8,2024-09,South Wales Police,South Wales Police,-3.137516,51.529526,On or near Supermarket,W01001816,Cardiff 009B,Shoplifting,Investigation complete; no suspect identified,
110e630dadcd9093a73947cb0d734c684cdd710f4b2af0b016e68da6dc9ba364,2024-09,South Wales Police,South Wales Police,-3.146813,51.524659,On or near Pentwyn Drive,W01001816,Cardiff 009B,Shoplifting,Investigation complete; no suspect identified,
fbefd6a2a6e34e1c0b0e5bd0763c539b08c27dc93031453cfa75b563691a068e,2024-09,South Wales Police,South Wales Police,-3.143567,51.524538,On or near Bryn Haidd,W01001816,Cardiff 009B,Vehicle crime,Investigation complete; no suspect identified,
3053cc9e44153a053ae0ae77834a925cec8c45242905f9387d3d1fb364cc1c9a,2024-09,South Wales Police,South Wales Police,-3.140379,51.525010,On or near Clos Y Gelyn,W01001816,Cardiff 009B,Violence and sexual offences,Under investigation,
0c283a84e575a5940a032e343f58df088d3ada5a750c36d40b0bd7b0fc6a5bd2,2024-09,South Wales Police,South Wales Police,-3.139345,51.527484,On or near Wyncliffe Gardens,W01001816,Cardiff 009B,Violence and sexual offences,Under investigation,
ee575cb365ffa5d1e8166423291cc27bc20e083aa582090e71bff692ea3dcf62,2024-09,South Wales Police,South Wales Police,-3.137516,51.529526,On or near Supermarket,W01001816,Cardiff 009B,Violence and sexual offences,Investigation complete; no suspect identified,
7d3e687b4ef55bf6851096e56d98cc21fa572084e5443920f60eb0e2aec6ff68,2024-09,South Wales Police,South Wales Police,-3.135723,51.528490,On or near Caxton Place,W01001816,Cardiff 009B,Violence and sexual offences,Unable to prosecute suspect,
63f52952a75459d8cef0796ad838298953d07b3f7db474013953f4ef096d2c35,2024-09,South Wales Police,South Wales Police,-3.140379,51.525010,On or near Clos Y Gelyn,W01001816,Cardiff 009B,Violence and sexual offences,Under investigation,
821b29c54f3c30f170a05042ae9686388366d17aeeb4d5f5b89be7762ca52203,2024-09,South Wales Police,South Wales Police,-3.135723,51.528490,On or near Caxton Place,W01001816,Cardiff 009B,Violence and sexual offences,Unable to prosecute suspect,
c873ea65a1d56936455dafc2094736d3bef874165547f6525e68ca983f67fd29,2024-09,South Wales Police,South Wales Police,-3.139345,51.527484,On or near Wyncliffe Gardens,W01001816,Cardiff 009B,Violence and sexual offences,Investigation complete; no suspect identified,
3b59ea410fcf6a81f47c2d24c4ac79e748da1f0d52751f7a77bacefb8cc04c22,2024-09,South Wales Police,South Wales Police,-3.139345,51.527484,On or near Wyncliffe Gardens,W01001816,Cardiff 009B,Violence and sexual offences,Unable to prosecute suspect,
25320accc26df1ece3d81936df24e6c11d5e397c2e4b41bb8f7308b44b579293,2024-09,South Wales Police,South Wales Police,-3.135723,51.528490,On or near Caxton Place,W01001816,Cardiff 009B,Violence and sexual offences,Unable to prosecute suspect,
d8f4c76f99a52000955e1568829474941f4089e2018911666466eb3dcbcc3503,2024-09,South Wales Police,South Wales Police,-3.140379,51.525010,On or near Clos Y Gelyn,W01001816,Cardiff 009B,Violence and sexual offences,Unable to prosecute suspect,
0a17597dac5346968cd65b5e00663df58a8d2370a2264fe3530c311773438384,2024-09,South Wales Police,South Wales Police,-3.147069,51.526797,On or near Bryncyn,W01001816,Cardiff 009B,Violence and sexual offences,Under investigation,
398d56e5957cde5863cb85c6aec472507c492dd82c7b3dab8173d08f61e942e6,2024-09,South Wales Police,South Wales Police,-3.135723,51.528490,On or near Caxton Place,W01001816,Cardiff 009B,Violence and sexual offences,Unable to prosecute suspect,
985aaacb24173777854f0c3c9bb45b0e49e2a5a3d33604fdf2902115c5fd3555,2024-09,South Wales Police,South Wales Police,-3.144181,51.525449,On or near Brynheulog Court,W01001816,Cardiff 009B,Violence and sexual offences,Under investigation,
7230b4e563cf3f7c11660ac9fa4a08506172624dc0bb33667660299728bef741,2024-09,South Wales Police,South Wales Police,-3.147069,51.526797,On or near Bryncyn,W01001816,Cardiff 009B,Violence and sexual offences,Investigation complete; no suspect identified,
5665eb4f6947058c23937cbadf11d4f1ea0bfba0fedb4744da130ecf4b08a7f5,2024-09,South Wales Police,South Wales Police,-3.147069,51.526797,On or near Bryncyn,W01001816,Cardiff 009B,Violence and sexual offences,Under investigation,
8549bf73791132bc527654edc9c2a319bde41e7d7b78033cd7c9bc3e017f3e9b,2024-09,South Wales Police,South Wales Police,-3.137516,51.529526,On or near Supermarket,W01001816,Cardiff 009B,Violence and sexual offences,Investigation complete; no suspect identified,
9aaa0f9167ab0a01dffdda2da3b44ec7a63dbf6b0de0960b5cbc36487883b1f6,2024-09,South Wales Police,South Wales Police,-3.140379,51.525010,On or near Clos Y Gelyn,W01001816,Cardiff 009B,Violence and sexual offences,Unable to prosecute suspect,
1fcafe83c0fef18589cc4a6478c8c93b376aafc3038e013e78096a97769097f2,2024-09,South Wales Police,South Wales Police,-3.146757,51.528724,On or near Glyn Eiddew,W01001817,Cardiff 009C,Criminal damage and arson,Investigation complete; no suspect identified,
7b51a50f238e70e9d4bffb9275bd74b4d9612f7b42f0a2b667092f44370d02ff,2024-09,South Wales Police,South Wales Police,-3.146757,51.528724,On or near Glyn Eiddew,W01001817,Cardiff 009C,Criminal damage and arson,Investigation complete; no suspect identified,
c1480883749a341fa07cbf214be411a047e5a903b75d77a6ed929ac9575b23c8,2024-09,South Wales Police,South Wales Police,-3.151141,51.527647,On or near Bryn Pinwydden,W01001817,Cardiff 009C,Public order,Investigation complete; no suspect identified,
63da8211ae802ea751efb2b168de815d8e8c530285f57c21842853ed8b2feb38,2024-09,South Wales Police,South Wales Police,-3.150776,51.529179,On or near Coeden Dal,W01001817,Cardiff 009C,Violence and sexual offences,Investigation complete; no suspect identified,
d5e807f65a85154e3590eb65edfccc719f8b841136f9a7e81b269a34dbc718dd,2024-09,South Wales Police,South Wales Police,-3.158975,51.523335,On or near Robin Close,W01001818,Cardiff 009D,Other theft,Unable to prosecute suspect,
6ad42ad39b331dfc35d4c82c41841e39c0b57af6d4256a0455c798305259f2c0,2024-09,South Wales Police,South Wales Police,-3.151993,51.523143,On or near The Hawthorns,W01001818,Cardiff 009D,Violence and sexual offences,Unable to prosecute suspect,
cb7b8963f82dda3b4b3a83e7791604019b082c99fea3101d7dbd25e2d898e030,2024-09,South Wales Police,South Wales Police,-3.151993,51.523143,On or near The Hawthorns,W01001818,Cardiff 009D,Violence and sexual offences,Unable to prosecute suspect,
53cefff421d4968f90a6ad68d1505c980c3382b37491afb0f8d3975676cfad03,2024-09,South Wales Police,South Wales Police,-3.156939,51.523796,On or near Rhododendron Close,W01001818,Cardiff 009D,Violence and sexual offences,Unable to prosecute suspect,
,2024-09,South Wales Police,South Wales Police,-3.234237,51.509682,On or near Clos Ystum Taf,W01001888,Cardiff 010A,Anti-social behaviour,,
,2024-09,South Wales Police,South Wales Police,-3.234237,51.509682,On or near Clos Ystum Taf,W01001888,Cardiff 010A,Anti-social behaviour,,
f5b1b69fe959a3f7ad60970c0ebbe097100cec8cef34483f2b769ae55a572e4c,2024-09,South Wales Police,South Wales Police,-3.234237,51.509682,On or near Clos Ystum Taf,W01001888,Cardiff 010A,Criminal damage and arson,Investigation complete; no suspect identified,
3b818e1427275a1da738e1301fcb0d6762c174e340d179e10b7fde4fe1b64b97,2024-09,South Wales Police,South Wales Police,-3.240794,51.516590,On or near Forest Farm Road,W01001888,Cardiff 010A,Criminal damage and arson,Investigation complete; no suspect identified,
1a1d5ecf3025a7734efd56bfdb565db32bcf7ff05391c073c15a546700f7b6fe,2024-09,South Wales Police,South Wales Police,-3.231011,51.511900,On or near Westbourne Road,W01001888,Cardiff 010A,Criminal damage and arson,Unable to prosecute suspect,
4e44460586c1a136e666636023f88283814b41863a5ad6aa537bc9859944bcf8,2024-09,South Wales Police,South Wales Police,-3.240794,51.516590,On or near Forest Farm Road,W01001888,Cardiff 010A,Criminal damage and arson,Investigation complete; no suspect identified,
46a15ae65791858c87bae034976ae76f2a2d7c8d043eff83d23d10364575a30d,2024-09,South Wales Police,South Wales Police,-3.234237,51.509682,On or near Clos Ystum Taf,W01001888,Cardiff 010A,Violence and sexual offences,Unable to prosecute suspect,
f5c949ecf8c66cda9450cb5cbd7c78c541be5e485390e4ea36bc75e00e192fab,2024-09,South Wales Police,South Wales Police,-3.231257,51.512455,On or near Heol Blakemore,W01001888,Cardiff 010A,Violence and sexual offences,Unable to prosecute suspect,
76bd3622da4d7dbbc8b9f817fa6f3f9334db0391aca541740f5d6bfbfccab411,2024-09,South Wales Police,South Wales Police,-3.251953,51.532495,On or near Parking Area,W01001893,Cardiff 010B,Criminal damage and arson,Unable to prosecute suspect,
28e15500699850db58454a35c9a6d1f0bdecdf7a0460a0da5dab07bd0264290d,2024-09,South Wales Police,South Wales Police,-3.251953,51.532495,On or near Parking Area,W01001893,Cardiff 010B,Other theft,Investigation complete; no suspect identified,
edcde259cff385a48e9b9d22600ccafefcd07ffcb395b654c92764c6b67d5496,2024-09,South Wales Police,South Wales Police,-3.252434,51.531654,On or near Market Street,W01001893,Cardiff 010B,Other theft,Investigation complete; no suspect identified,
34811ac56ffd1e463b27551c9b414fc5005154733867b0400be1a64d6c5cd445,2024-09,South Wales Police,South Wales Police,-3.246559,51.530340,On or near Pantgwynlais,W01001893,Cardiff 010B,Public order,Unable to prosecute suspect,
9cb6bf01cbc116d6a247ecca2b2bfa074cef34da96f9514ffea494dd2487614b,2024-09,South Wales Police,South Wales Police,-3.244102,51.530097,On or near Greenmeadow Drive,W01001893,Cardiff 010B,Public order,Unable to prosecute suspect,
9f576b45088d4eb8e66a60eeef2b2dbaa8ce371bd7812228cf9a8a945829eb81,2024-09,South Wales Police,South Wales Police,-3.241398,51.525401,On or near Parking Area,W01001893,Cardiff 010B,Public order,Investigation complete; no suspect identified,
7efd7321732a64ed77b5a1dbc3876d7f08d701080889eb3eff20a7d141fa31fc,2024-09,South Wales Police,South Wales Police,-3.247577,51.535392,On or near Catherine Drive,W01001893,Cardiff 010B,Violence and sexual offences,Unable to prosecute suspect,
15366fd812fdd0ea43e0bb453d45ba45b3b16160159e0459792da41c977a7547,2024-09,South Wales Police,South Wales Police,-3.251953,51.532495,On or near Parking Area,W01001893,Cardiff 010B,Violence and sexual offences,Unable to prosecute suspect,
4e95da0ff4dc28479685b77c09d6828d900667addec67421e8b13405b1155506,2024-09,South Wales Police,South Wales Police,-3.246559,51.530340,On or near Pantgwynlais,W01001893,Cardiff 010B,Violence and sexual offences,Unable to prosecute suspect,
7d1c791cc793be8a15f511f7e99e081f3bc8a4df158b3910834fa7686bf429c8,2024-09,South Wales Police,South Wales Police,-3.244506,51.529058,On or near Castle View,W01001893,Cardiff 010B,Violence and sexual offences,Awaiting court outcome,
7a1c68aab184d99ee37c7227f74da35353d19408c81138a3fdd6d206688c4dd2,2024-09,South Wales Police,South Wales Police,-3.247653,51.534996,On or near Birch Court,W01001893,Cardiff 010B,Violence and sexual offences,Under investigation,
2ed98fcd25f26fa1ee3fa1f603b27fc80d62bd1b064ac905432bbb40d50b5be3,2024-09,South Wales Police,South Wales Police,-3.247715,51.534626,On or near Pine Court,W01001893,Cardiff 010B,Violence and sexual offences,Unable to prosecute suspect,
32678a7f5ba541430ad5976ef5b2aa83e840ff262f8bdfe5cc8e23a6382cb9a9,2024-09,South Wales Police,South Wales Police,-3.248057,51.531341,On or near Cae Lewis,W01001893,Cardiff 010B,Violence and sexual offences,Unable to prosecute suspect,
2bbf8d37cd5aa40d418771f7c8460c43af1a8758738e1e747621696f72850905,2024-09,South Wales Police,South Wales Police,-3.233120,51.524881,On or near Coryton Close,W01001894,Cardiff 010C,Other theft,Investigation complete; no suspect identified,
c09d5e57d4c90e9ff77d6b9bd132a4d548e2a6081de65fae879e2702cdf1c9d2,2024-09,South Wales Police,South Wales Police,-3.232090,51.520360,On or near Coryton,W01001894,Cardiff 010C,Other theft,Investigation complete; no suspect identified,
37aef4620b7fd168d8c24a9bd96a2d5cdba7b7799dd56320add004c69bb708f4,2024-09,South Wales Police,South Wales Police,-3.232090,51.520360,On or near Coryton,W01001894,Cardiff 010C,Public order,Unable to prosecute suspect,
4f15f46e542d2f729cb83bb417b04750173a8413e2e8aadf4609ef32c64cc1a6,2024-09,South Wales Police,South Wales Police,-3.230618,51.519764,On or near Park Crescent,W01001894,Cardiff 010C,Shoplifting,Investigation complete; no suspect identified,
9170641428df6d8436bef4d5d38ac45766b7154c53c236f33d1cdd1feeaff6cf,2024-09,South Wales Police,South Wales Police,-3.229253,51.521001,On or near Lon-Y-Celyn,W01001894,Cardiff 010C,Violence and sexual offences,Unable to prosecute suspect,
04852bf57ae456a05844ee3c7b16b6a1813a2b1ecf971498c6035a946571a3ea,2024-09,South Wales Police,South Wales Police,-3.230618,51.519764,On or near Park Crescent,W01001894,Cardiff 010C,Violence and sexual offences,Unable to prosecute suspect,
,2024-09,South Wales Police,South Wales Police,-3.234450,51.518954,On or near Sports/Recreation Area,W01001895,Cardiff 010D,Anti-social behaviour,,
,2024-09,South Wales Police,South Wales Police,-3.228443,51.518213,On or near Park Road,W01001895,Cardiff 010D,Anti-social behaviour,,
,2024-09,South Wales Police,South Wales Police,-3.234450,51.518954,On or near Sports/Recreation Area,W01001895,Cardiff 010D,Anti-social behaviour,,
,2024-09,South Wales Police,South Wales Police,-3.228443,51.518213,On or near Park Road,W01001895,Cardiff 010D,Anti-social behaviour,,
b951c5739f5626fc16216879ce310b189797741f303b5adc567364b5add1ad35,2024-09,South Wales Police,South Wales Police,-3.235978,51.521317,On or near Hollybush Estate,W01001895,Cardiff 010D,Burglary,Under investigation,
32230da5924118af002dc6f26d6401f1b9f675c3d4be55bd6267527502ba5a18,2024-09,South Wales Police,South Wales Police,-3.244281,51.520795,On or near Park/Open Space,W01001895,Cardiff 010D,Other theft,Investigation complete; no suspect identified,
7d585a828df21dd6fdcddd877c94e3a4218d111d51c2360662c2056abf0b830b,2024-09,South Wales Police,South Wales Police,-3.244281,51.520795,On or near Park/Open Space,W01001895,Cardiff 010D,Other theft,Investigation complete; no suspect identified,
a89aeabc050657535257dc620c1913180feb164cb97be5fe0f65f8cdaef46141,2024-09,South Wales Police,South Wales Police,-3.241884,51.524346,On or near Supermarket,W01001895,Cardiff 010D,Public order,Unable to prosecute suspect,
2ae83c1aeb941209135fc5ce12881e4b23c304fc77f19f9fcfd7c79952587019,2024-09,South Wales Police,South Wales Police,-3.225673,51.517028,On or near Park View Court,W01001895,Cardiff 010D,Public order,Under investigation,
02a2891976dd5b1479d819303b52e34d9488907a8e86ff21d7e7a30ba0bb0ff2,2024-09,South Wales Police,South Wales Police,-3.237945,51.523130,On or near Whitworth Square,W01001895,Cardiff 010D,Public order,Unable to prosecute suspect,
842896c32db9b4b3ce2e29d3cd40160ed2a642dc93e05544b575440299a19b35,2024-09,South Wales Police,South Wales Police,-3.225673,51.517028,On or near Park View Court,W01001895,Cardiff 010D,Shoplifting,Awaiting court outcome,
373661528c4473b7dc53505786769923689aee6d00dbced31ed4335fb30c59b4,2024-09,South Wales Police,South Wales Police,-3.225673,51.517028,On or near Park View Court,W01001895,Cardiff 010D,Shoplifting,Awaiting court outcome,
fedffffe7800086642fb3912678d7f091f75d8c6856bb275a0e9e5a255c41405,2024-09,South Wales Police,South Wales Police,-3.225673,51.517028,On or near Park View Court,W01001895,Cardiff 010D,Shoplifting,Investigation complete; no suspect identified,
07f498ea9fb9e9c944c6602875bfdaa5263711b04bc32267894c31d92019d485,2024-09,South Wales Police,South Wales Police,-3.225673,51.517028,On or near Park View Court,W01001895,Cardiff 010D,Shoplifting,Awaiting court outcome,
93c68582c54a79c49c698fee57d4b655d92fcae4b3d59a51b51437f2d3a22111,2024-09,South Wales Police,South Wales Police,-3.225673,51.517028,On or near Park View Court,W01001895,Cardiff 010D,Shoplifting,Awaiting court outcome,
b354f2fe6f117309f54f9407822eea9209086af93e92cbe367fc049f04c7580a,2024-09,South Wales Police,South Wales Police,-3.225673,51.517028,On or near Park View Court,W01001895,Cardiff 010D,Shoplifting,Unable to prosecute suspect,
b52cfad5f4c16f6ced1bdf2b25b65cb63f13aa218b3c95d53e75f1044ed5713b,2024-09,South Wales Police,South Wales Police,-3.237945,51.523130,On or near Whitworth Square,W01001895,Cardiff 010D,Vehicle crime,Investigation complete; no suspect identified,
d98e9a91460598e099db32625b755387c1bb90e893143e6cd73298513feb20f9,2024-09,South Wales Police,South Wales Police,-3.237945,51.523130,On or near Whitworth Square,W01001895,Cardiff 010D,Violence and sexual offences,Awaiting court outcome,
0541087df17ae9701b0461222a82372b94e7188a983d656d8128e646a3fafc3b,2024-09,South Wales Police,South Wales Police,-3.235978,51.521317,On or near Hollybush Estate,W01001895,Cardiff 010D,Violence and sexual offences,Unable to prosecute suspect,
270b87c1cadc1890bda4bb1f052ebdb31e02e12aa4a5bceab28a33a558493694,2024-09,South Wales Police,South Wales Police,-3.235978,51.521317,On or near Hollybush Estate,W01001895,Cardiff 010D,Violence and sexual offences,Unable to prosecute suspect,
6ef55e55b4f366896857d3d91a86baca9d78bbcf614f2133e0092bc9b3de5f4d,2024-09,South Wales Police,South Wales Police,-3.235978,51.521317,On or near Hollybush Estate,W01001895,Cardiff 010D,Violence and sexual offences,Unable to prosecute suspect,
f89c6bd7d02e94fde2c9b11d926e38e138c68fa5c6fe8e821f48d889ee51aafb,2024-09,South Wales Police,South Wales Police,-3.237945,51.523130,On or near Whitworth Square,W01001895,Cardiff 010D,Violence and sexual offences,Unable to prosecute suspect,
66674725e1965e4aeb34985bdec00f39b304d3b369b8948947ea5c7d98d3a579,2024-09,South Wales Police,South Wales Police,-3.230302,51.515532,On or near Velindre Road,W01001895,Cardiff 010D,Violence and sexual offences,Investigation complete; no suspect identified,
9303263f3e909176bf843c8fd69d62d3752c32fb9e4973995bedf5800a99f4a5,2024-09,South Wales Police,South Wales Police,-3.235978,51.521317,On or near Hollybush Estate,W01001895,Cardiff 010D,Violence and sexual offences,Unable to prosecute suspect,
391d23737b6f5c939344ac80a736d91ca704095e038a606137e4ee94105508ff,2024-09,South Wales Police,South Wales Police,-3.228364,51.519553,On or near Park Lane,W01001895,Cardiff 010D,Violence and sexual offences,Unable to prosecute suspect,
a67ba32eaba2ba506a946ff92cd211419e7a56e04ce55efa2a08cb0e19448135,2024-09,South Wales Police,South Wales Police,-3.244485,51.525018,On or near Petrol Station,W01001895,Cardiff 010D,Other crime,Investigation complete; no suspect identified,
e744b9e6f1590144b2aedb9495d16b9c0568d79c967c18d2db24e094b4b9fe6d,2024-09,South Wales Police,South Wales Police,-3.228443,51.518213,On or near Park Road,W01001895,Cardiff 010D,Other crime,Investigation complete; no suspect identified,
,2024-09,South Wales Police,South Wales Police,-3.095070,51.528454,On or near Willow Grove,W01001877,Cardiff 011A,Anti-social behaviour,,
480c2da0accc349030a7512456aa3275eb1e256612620c6dc62472f045fef781,2024-09,South Wales Police,South Wales Police,-3.089493,51.524918,On or near Clos Tyla Bach,W01001877,Cardiff 011A,Public order,Unable to prosecute suspect,
722ff2f34c609102e2247ddcb021bc1e6427486be830a538c9d29967925041dd,2024-09,South Wales Police,South Wales Police,-3.090037,51.530182,On or near Clos Padrig,W01001877,Cardiff 011A,Vehicle crime,Investigation complete; no suspect identified,
,2024-09,South Wales Police,South Wales Police,-3.103436,51.524426,On or near Supermarket,W01001878,Cardiff 011B,Anti-social behaviour,,
,2024-09,South Wales Police,South Wales Police,-3.100972,51.525135,On or near St Arvans Crescent,W01001878,Cardiff 011B,Anti-social behaviour,,
,2024-09,South Wales Police,South Wales Police,-3.103436,51.524426,On or near Supermarket,W01001878,Cardiff 011B,Anti-social behaviour,,
,2024-09,South Wales Police,South Wales Police,-3.096668,51.525984,On or near Machen Close,W01001878,Cardiff 011B,Anti-social behaviour,,
,2024-09,South Wales Police,South Wales Police,-3.096008,51.526116,On or near Crumlin Drive,W01001878,Cardiff 011B,Anti-social behaviour,,
,2024-09,South Wales Police,South Wales Police,-3.103436,51.524426,On or near Supermarket,W01001878,Cardiff 011B,Anti-social behaviour,,
,2024-09,South Wales Police,South Wales Police,-3.103436,51.524426,On or near Supermarket,W01001878,Cardiff 011B,Anti-social behaviour,,
f855ca27cc7ca0dd1ea11086559511b6ca8d00f819c961b459450d179c014944,2024-09,South Wales Police,South Wales Police,-3.103436,51.524426,On or near Supermarket,W01001878,Cardiff 011B,Burglary,Investigation complete; no suspect identified,
104801ee48789319b8b4ab4c4eb2d39ee74c7837a39509e153cf904f798956d5,2024-09,South Wales Police,South Wales Police,-3.099027,51.529370,On or near Heritage Park,W01001878,Cardiff 011B,Burglary,Investigation complete; no suspect identified,
8975a32cc66e23145ff53f9f743c94588afd9b747f277b95287a9fa56577f127,2024-09,South Wales Police,South Wales Police,-3.103436,51.524426,On or near Supermarket,W01001878,Cardiff 011B,Criminal damage and arson,Investigation complete; no suspect identified,
05a4575f8aa408ecb96be749e1d68478fc0a39c833b8e3dce87e8b550c46e0d4,2024-09,South Wales Police,South Wales Police,-3.099027,51.529370,On or near Heritage Park,W01001878,Cardiff 011B,Other theft,Further investigation is not in the public interest,
f38a5952bf1f56a6825ce32924c567192f2d8e0736ada05ad60aa6d07f0ef5a8,2024-09,South Wales Police,South Wales Police,-3.104350,51.526532,On or near Sheerwater Close,W01001878,Cardiff 011B,Public order,Unable to prosecute suspect,
f44b8fefdf9ff9d63fe7a7d7b7bbc1aa4b7f932e57468fc7a77d847d3bf5f22a,2024-09,South Wales Police,South Wales Police,-3.096607,51.525229,On or near Coity Close,W01001878,Cardiff 011B,Public order,Unable to prosecute suspect,
a3609ae113ca7185402874cb547497ec3b28e7590c067799efc2d87e1dfc4ee8,2024-09,South Wales Police,South Wales Police,-3.103436,51.524426,On or near Supermarket,W01001878,Cardiff 011B,Public order,Unable to prosecute suspect,
078b50b43b44128b549e95c09003fe3b009daa5cd6d490b5bc2b482d33d3a578,2024-09,South Wales Police,South Wales Police,-3.101850,51.525657,On or near Llandogo Road,W01001878,Cardiff 011B,Public order,Under investigation,
4f1018a045a769d25dbe688a86cf0f45e82cafcd2cc2f9d126ccb97dc35789ce,2024-09,South Wales Police,South Wales Police,-3.101850,51.525657,On or near Llandogo Road,W01001878,Cardiff 011B,Public order,Investigation complete; no suspect identified,
91bbf249c9c5fe78484900d868ec2fbdfed71cc5dad449323cf4809049eafec9,2024-09,South Wales Police,South Wales Police,-3.100972,51.525135,On or near St Arvans Crescent,W01001878,Cardiff 011B,Shoplifting,Investigation complete; no suspect identified,
7565ed99bdd7cedd8ebf4e426151afd3b06b8c4728348cda96197eea1edb929f,2024-09,South Wales Police,South Wales Police,-3.103436,51.524426,On or near Supermarket,W01001878,Cardiff 011B,Shoplifting,Under investigation,
c7efaf9786e76816fe1950d554b4ad9fa1759bf62fb763b40fa832d9a4a708f1,2024-09,South Wales Police,South Wales Police,-3.100972,51.525135,On or near St Arvans Crescent,W01001878,Cardiff 011B,Shoplifting,Unable to prosecute suspect,
00a1b67ebf8637b3513a5cccaa5e686e4cb953c91c999cbbf773deaa7aba0987,2024-09,South Wales Police,South Wales Police,-3.103436,51.524426,On or near Supermarket,W01001878,Cardiff 011B,Shoplifting,Unable to prosecute suspect,
b99188395b7bfcd2fefd2d289b869d701a038dc24c9ba9307b38d9af00cae909,2024-09,South Wales Police,South Wales Police,-3.103436,51.524426,On or near Supermarket,W01001878,Cardiff 011B,Theft from the person,Investigation complete; no suspect identified,
d9234ca15d6bfe124b700b335c76a4ef457c990302448ff0afc5cc8a789819a9,2024-09,South Wales Police,South Wales Police,-3.103436,51.524426,On or near Supermarket,W01001878,Cardiff 011B,Violence and sexual offences,Investigation complete; no suspect identified,
41d552400f1e93c74bf0f65af7cc747d4c1e81d2830380d2fe25ac39b6e3ffa0,2024-09,South Wales Police,South Wales Police,-3.103436,51.524426,On or near Supermarket,W01001878,Cardiff 011B,Violence and sexual offences,Unable to prosecute suspect,
,2024-09,South Wales Police,South Wales Police,-3.095643,51.517487,On or near Harrison Drive,W01001882,Cardiff 011C,Anti-social behaviour,,
13ebd094f9ed5ea3cb8fcbaa6adb2e20988fca2faff725285082dbbefe809df7,2024-09,South Wales Police,South Wales Police,-3.089944,51.523295,On or near Abernethy Close,W01001882,Cardiff 011C,Vehicle crime,Investigation complete; no suspect identified,
352323270934f984148fc05043dc4e7e7ed5a1adbf3f0d3b8fe9ed723aa065e1,2024-09,South Wales Police,South Wales Police,-3.097813,51.516667,On or near Soarel Close,W01001882,Cardiff 011C,Violence and sexual offences,Unable to prosecute suspect,
932d923dbceca84bb20148f13d8e1477259e0ba4fc83041095ff2651f8892f1f,2024-09,South Wales Police,South Wales Police,-3.092425,51.522751,On or near Thrush Close,W01001882,Cardiff 011C,Violence and sexual offences,Under investigation,
1846257c0a4dd0f62164f466298b5c464da15740a335564cbb383cc014637304,2024-09,South Wales Police,South Wales Police,-3.088933,51.519573,On or near Burreed Close,W01001882,Cardiff 011C,Violence and sexual offences,Investigation complete; no suspect identified,
bb79da04e6b4261d801bad2ba8a4bbc33b5e61eeab6000a641382ab595af82b3,2024-09,South Wales Police,South Wales Police,-3.095643,51.517487,On or near Harrison Drive,W01001882,Cardiff 011C,Violence and sexual offences,Unable to prosecute suspect,
,2024-09,South Wales Police,South Wales Police,-3.096188,51.508994,On or near Park/Open Space,W01001885,Cardiff 011D,Anti-social behaviour,,
,2024-09,South Wales Police,South Wales Police,-3.096188,51.508994,On or near Park/Open Space,W01001885,Cardiff 011D,Anti-social behaviour,,
862ca7fce4596d7792a8b065787428a4615ade02254d5226f5b8eceab64e36ef,2024-09,South Wales Police,South Wales Police,-3.120685,51.503718,On or near The Avenue,W01001885,Cardiff 011D,Other theft,Investigation complete; no suspect identified,
d8560b6f3c91ef2c7df90cf992b977f8008f6bd941545f81954e686a51923d20,2024-09,South Wales Police,South Wales Police,-3.106740,51.514506,On or near Cemaes Crescent,W01001885,Cardiff 011D,Public order,Unable to prosecute suspect,
8dc456287385544d48810c5154746bf01e959d476be70efcba0355b9845c5d41,2024-09,South Wales Police,South Wales Police,-3.106740,51.514506,On or near Cemaes Crescent,W01001885,Cardiff 011D,Public order,Investigation complete; no suspect identified,
d6934fc96231bb7513ad9751490f8652ae04e1b8f390ea46de2767c25d5b6f6a,2024-09,South Wales Police,South Wales Police,-3.106740,51.514506,On or near Cemaes Crescent,W01001885,Cardiff 011D,Public order,Unable to prosecute suspect,
09483a10a8c90b921e8ab735fb821ea98bd5487050adfc8b0d923937a059068f,2024-09,South Wales Police,South Wales Police,-3.105427,51.517441,On or near Trebanog Crescent,W01001885,Cardiff 011D,Public order,Investigation complete; no suspect identified,
1e0b4c9c42a5162d817e5b4faf0ead411b5ca1aa33144ea20f1c7898ab59e9b3,2024-09,South Wales Police,South Wales Police,-3.106740,51.514506,On or near Cemaes Crescent,W01001885,Cardiff 011D,Public order,Unable to prosecute suspect,
0749c88f203f3721e5d2a51f550460c3e7d206c50acbf6b68c50803e4c655183,2024-09,South Wales Police,South Wales Police,-3.106740,51.514506,On or near Cemaes Crescent,W01001885,Cardiff 011D,Public order,Unable to prosecute suspect,
8d2c7e1c8aa67f274cfbf98368b66b2ef89f05410db72e9318a2a72755744fad,2024-09,South Wales Police,South Wales Police,-3.120685,51.503718,On or near The Avenue,W01001885,Cardiff 011D,Vehicle crime,Investigation complete; no suspect identified,
d83878a60f5250dbb89e495314983787a06f2056b21cb6691fdd9185b01fa3cd,2024-09,South Wales Police,South Wales Police,-3.103783,51.519174,On or near Pen Lasgan,W01001885,Cardiff 011D,Vehicle crime,Unable to prosecute suspect,
9eef93cfef1443966ff2957a917a0102afc521c42350cc0930093da5cf81bfd6,2024-09,South Wales Police,South Wales Police,-3.092380,51.517869,On or near Lodwick Rise,W01001885,Cardiff 011D,Violence and sexual offences,Unable to prosecute suspect,
bb64088a4587eaed3da4e899e9a77787d7ea14b2187f2c16198b5145ff994031,2024-09,South Wales Police,South Wales Police,-3.102523,51.515957,On or near Trecinon Road,W01001885,Cardiff 011D,Violence and sexual offences,Unable to prosecute suspect,
1aecce269815e9c449f37bbfe82b6641e59b8a1a5507570ab3ebaa420b08c314,2024-09,South Wales Police,South Wales Police,-3.105427,51.517441,On or near Trebanog Crescent,W01001885,Cardiff 011D,Violence and sexual offences,Unable to prosecute suspect,
a26d110f145ef83c3229d7e23f6041425dda1f024637b7643505789d3bfe0af2,2024-09,South Wales Police,South Wales Police,-3.106740,51.514506,On or near Cemaes Crescent,W01001885,Cardiff 011D,Violence and sexual offences,Investigation complete; no suspect identified,
d32380dad297ae24cc587b8c09ee9b211a714fd940883c96e4eb3cf062353047,2024-09,South Wales Police,South Wales Police,-3.105427,51.517441,On or near Trebanog Crescent,W01001885,Cardiff 011D,Violence and sexual offences,Unable to prosecute suspect,
293117b9461c979d967030317721fa9076121b95455d822a4748a890a67d493d,2024-09,South Wales Police,South Wales Police,-3.103844,51.515154,On or near Green Meadows,W01001885,Cardiff 011D,Violence and sexual offences,Under investigation,
dd8e8e940af3c0ac96b4b33ae12c842950a57a46f3d29994376a0e5b55f6f90e,2024-09,South Wales Police,South Wales Police,-3.102523,51.515957,On or near Trecinon Road,W01001885,Cardiff 011D,Violence and sexual offences,Under investigation,
d535246b26c27d63514656a826cdf779b8fbd08b70d2debd54438adb015eb465,2024-09,South Wales Police,South Wales Police,-3.102523,51.515957,On or near Trecinon Road,W01001885,Cardiff 011D,Violence and sexual offences,Under investigation,
e0a396be5e52700b09d033e14101ab4d45f99cc3ed518a24c8b90d488bf007ab,2024-09,South Wales Police,South Wales Police,-3.103844,51.515154,On or near Green Meadows,W01001885,Cardiff 011D,Violence and sexual offences,Unable to prosecute suspect,
8f1b1d5b44ae239785e70a631148b2323dc27649a9a47b89438cd0cda9f7f8e7,2024-09,South Wales Police,South Wales Police,-3.096642,51.515275,On or near Walwyn Place,W01001885,Cardiff 011D,Violence and sexual offences,Under investigation,
85c7055e45e634ab4d0178c7e5525f1fa2ac9709af99133844ac144539b16218,2024-09,South Wales Police,South Wales Police,-3.092380,51.517869,On or near Lodwick Rise,W01001885,Cardiff 011D,Violence and sexual offences,Awaiting court outcome,
dc7e99fb05b7590265fd1e77517b8179584d67aba047992af126a4d539095db9,2024-09,South Wales Police,South Wales Police,-3.104335,51.515787,On or near Hendre Road,W01001885,Cardiff 011D,Violence and sexual offences,Investigation complete; no suspect identified,
ae17911f01d1569cd1d1e3ed8fa7d618278872386858a2cd7a409d883009f9ba,2024-09,South Wales Police,South Wales Police,-3.105427,51.517441,On or near Trebanog Crescent,W01001885,Cardiff 011D,Violence and sexual offences,Local resolution,
,2024-09,South Wales Police,South Wales Police,-3.202825,51.517426,On or near Waun Ddyfal,W01001773,Cardiff 012A,Anti-social behaviour,,
,2024-09,South Wales Police,South Wales Police,-3.201773,51.517899,On or near Supermarket,W01001773,Cardiff 012A,Anti-social behaviour,,
9d3f1cb7ed40ddbc20c547b87a136663e36f0bb1c978f40c9e7fd54141530431,2024-09,South Wales Police,South Wales Police,-3.207260,51.516715,On or near Pant-Bach Road,W01001773,Cardiff 012A,Criminal damage and arson,Investigation complete; no suspect identified,
16e921b04b5505feabe9c962deb735a45cbda3b0ccae380476a9f176551737ae,2024-09,South Wales Police,South Wales Police,-3.197364,51.519101,On or near Jubilee Gardens,W01001773,Cardiff 012A,Public order,Unable to prosecute suspect,
d4109e95f277f30cf4688233dcf55d48f27e431dba18187b7fc9288f3687e356,2024-09,South Wales Police,South Wales Police,-3.202222,51.516938,On or near Phoenix Way,W01001773,Cardiff 012A,Public order,Further investigation is not in the public interest,
bd33626b4a30b6ed7bd8d2c98498bdfbf7c7d900dba7c6cd727e5d8292a2c28f,2024-09,South Wales Police,South Wales Police,-3.205573,51.514512,On or near St Thomas Close,W01001773,Cardiff 012A,Shoplifting,Unable to prosecute suspect,
e975312565f7c25fc75b4acd8f9c0094f59f2ad5117e868413b2b38527942a22,2024-09,South Wales Police,South Wales Police,-3.202222,51.516938,On or near Phoenix Way,W01001773,Cardiff 012A,Shoplifting,Further investigation is not in the public interest,
4e7650726b6c4db7eb42355299b4a60a1b62778e75fcb88f7d779ce27f2ab74f,2024-09,South Wales Police,South Wales Police,-3.205573,51.514512,On or near St Thomas Close,W01001773,Cardiff 012A,Shoplifting,Awaiting court outcome,
cfd80736a1ceb923d1a730ba1a8527e492a5893652db97b67fcbf35b8f4bd1c0,2024-09,South Wales Police,South Wales Police,-3.202825,51.517426,On or near Waun Ddyfal,W01001773,Cardiff 012A,Violence and sexual offences,Unable to prosecute suspect,
dc7c1392e49c19c8927a96d181f8a1ca2c57c22864f4c65db142fec502e2624a,2024-09,South Wales Police,South Wales Police,-3.198665,51.519249,On or near Heol Dewi Sant,W01001773,Cardiff 012A,Violence and sexual offences,Unable to prosecute suspect,
01d0f87f4414c18b73e07e448ef7a4e294041386560810754e57b80a4108af0e,2024-09,South Wales Police,South Wales Police,-3.202170,51.519339,On or near Fairfax Road,W01001848,Cardiff 012B,Criminal damage and arson,Unable to prosecute suspect,
e1ac6fea2d999a33dc982807bf97d56c610813b9ab03029a3dffb2b9e84df37b,2024-09,South Wales Police,South Wales Police,-3.212872,51.524516,On or near Maes-Y-Deri,W01001850,Cardiff 012C,Burglary,Suspect charged as part of another case,
c83118e91ca195fc32255e005bee3860f6e5b490b323eb6e2800a3868f82a39d,2024-09,South Wales Police,South Wales Police,-3.215639,51.524506,On or near Lon Ucha,W01001850,Cardiff 012C,Burglary,Awaiting court outcome,
31ba14ac3864630749fadf47f60d3dc6a70bea63c45a72ab941a2ba7b982f583,2024-09,South Wales Police,South Wales Police,-3.212209,51.522914,On or near Supermarket,W01001850,Cardiff 012C,Shoplifting,Investigation complete; no suspect identified,
291296e23625c938d82dec1818e82c7281cd7b3379cb16cd19b9996d12feac4e,2024-09,South Wales Police,South Wales Police,-3.212209,51.522914,On or near Supermarket,W01001850,Cardiff 012C,Shoplifting,Awaiting court outcome,
7eda8cd1fb350ac9d6fbfdef1a239eb53f04b067b0eaf2553d734a9717fcff00,2024-09,South Wales Police,South Wales Police,-3.212209,51.522914,On or near Supermarket,W01001850,Cardiff 012C,Shoplifting,Investigation complete; no suspect identified,
d61a682116197c5d2a6c8e183867907464ef70df3ab59684b69fc2d859d1b6a8,2024-09,South Wales Police,South Wales Police,-3.212209,51.522914,On or near Supermarket,W01001850,Cardiff 012C,Shoplifting,Investigation complete; no suspect identified,
a64aa0ed2e0256cb95e514de01a8a6643e2f1d9f6af40b3749992b62fd982292,2024-09,South Wales Police,South Wales Police,-3.212209,51.522914,On or near Supermarket,W01001850,Cardiff 012C,Shoplifting,Awaiting court outcome,
68af09c3a1f45297f1a23faf8162089fe27d833a81b8ce1cc4c2f6fc26591b6a,2024-09,South Wales Police,South Wales Police,-3.212209,51.522914,On or near Supermarket,W01001850,Cardiff 012C,Shoplifting,Awaiting court outcome,
46fd21c19bcfcc467bbb4d7dde0c7b2f8d0f06064777331994fd4bbe72528097,2024-09,South Wales Police,South Wales Police,-3.212209,51.522914,On or near Supermarket,W01001850,Cardiff 012C,Shoplifting,Awaiting court outcome,
1344ade3bf6a4eabe8657e3c5514abc5dc6678a8171888c1095c07a5dc859ad2,2024-09,South Wales Police,South Wales Police,-3.212209,51.522914,On or near Supermarket,W01001850,Cardiff 012C,Shoplifting,Awaiting court outcome,
905081306a489a0b3b36377b325e4c71d467fee5858de2917945a4a95bd6be16,2024-09,South Wales Police,South Wales Police,-3.212209,51.522914,On or near Supermarket,W01001850,Cardiff 012C,Shoplifting,Investigation complete; no suspect identified,
cca6e07ce779b45900ba7858a6a17c1c0aa17500e6ed61a6c576a2b635e486ea,2024-09,South Wales Police,South Wales Police,-3.212209,51.522914,On or near Supermarket,W01001850,Cardiff 012C,Shoplifting,Investigation complete; no suspect identified,
e33b3b2736b59897dcb6099d584a7ba5ccaf6491b256c7ec6572be5b9d45e336,2024-09,South Wales Police,South Wales Police,-3.212209,51.522914,On or near Supermarket,W01001850,Cardiff 012C,Violence and sexual offences,Investigation complete; no suspect identified,
,2024-09,South Wales Police,South Wales Police,-3.212119,51.522222,On or near Lon Fach,W01001851,Cardiff 012D,Anti-social behaviour,,
,2024-09,South Wales Police,South Wales Police,-3.212119,51.522222,On or near Lon Fach,W01001851,Cardiff 012D,Anti-social behaviour,,
1739dfa9cf5141810add34bdf9aa3cc9e00cc8a88a62e3b35e721d6441f4d3f8,2024-09,South Wales Police,South Wales Police,-3.214573,51.519095,On or near Heol-Y-Nant,W01001851,Cardiff 012D,Other theft,Under investigation,
d591c60f1a9dfd0f4d5852644dc313fa05472891fdc1186956b9233d38f29edc,2024-09,South Wales Police,South Wales Police,-3.220985,51.520116,On or near Caedelyn Road,W01001851,Cardiff 012D,Vehicle crime,Investigation complete; no suspect identified,
dab064061fd55db149b8adbc216b9606c258d276668db63145eb3c0ea89a8683,2024-09,South Wales Police,South Wales Police,-3.220985,51.520116,On or near Caedelyn Road,W01001851,Cardiff 012D,Vehicle crime,Investigation complete; no suspect identified,
43f3f876ce018192299429fdf66d2cf9ae3269850828cdf58f9e96efec8da1f1,2024-09,South Wales Police,South Wales Police,-3.222489,51.520829,On or near Whitchurch,W01001851,Cardiff 012D,Violence and sexual offences,Unable to prosecute suspect,
,2024-09,South Wales Police,South Wales Police,-3.100976,51.522914,On or near Ashdown Close,W01001879,Cardiff 013A,Anti-social behaviour,,
,2024-09,South Wales Police,South Wales Police,-3.100976,51.522914,On or near Ashdown Close,W01001879,Cardiff 013A,Anti-social behaviour,,
12cba22aa095a2f17a17e4848e5180570ef939b85bdec105e10aa5afb0c5068b,2024-09,South Wales Police,South Wales Police,-3.098046,51.522743,On or near Lingholm Close,W01001879,Cardiff 013A,Burglary,Investigation complete; no suspect identified,
72f6a8cbbbd66866df734b88f11ddb46d4ca3da649e0f81559b3a0d4f47b88ae,2024-09,South Wales Police,South Wales Police,-3.101947,51.521942,On or near James Court,W01001879,Cardiff 013A,Criminal damage and arson,Investigation complete; no suspect identified,
0af0e03931e0094e2bfb25c8fcba0245d612ef0dfacc1ce631bf4cb162872788,2024-09,South Wales Police,South Wales Police,-3.097915,51.522079,On or near Ellwood Close,W01001879,Cardiff 013A,Criminal damage and arson,Investigation complete; no suspect identified,
d9c006c8456d961e139d136293059872fbce78cad921f619f978b0ac3f356a1e,2024-09,South Wales Police,South Wales Police,-3.098046,51.522743,On or near Lingholm Close,W01001879,Cardiff 013A,Drugs,Local resolution,
497aa6aa3c4d1303a553bda7608c2f145f170e68724a7efafd964a43c56aa41f,2024-09,South Wales Police,South Wales Police,-3.106887,51.518812,On or near Tresigin Road,W01001879,Cardiff 013A,Other theft,Investigation complete; no suspect identified,
98bd41a84a3d9e7feb2e1e20cf892ab0bdae717d92122546f52fe98e14d0a77f,2024-09,South Wales Police,South Wales Police,-3.106887,51.518812,On or near Tresigin Road,W01001879,Cardiff 013A,Other theft,Unable to prosecute suspect,
ec50946a36007a9af7119a536d2f29149460ab00fb3056c8ed410de8422f62fb,2024-09,South Wales Police,South Wales Police,-3.100976,51.522914,On or near Ashdown Close,W01001879,Cardiff 013A,Public order,Investigation complete; no suspect identified,
79a20a6c74e7b59d09e3ded854d4907f30624083f92e49fb29d3f384aea49b71,2024-09,South Wales Police,South Wales Police,-3.098046,51.522743,On or near Lingholm Close,W01001879,Cardiff 013A,Public order,Unable to prosecute suspect,
bcc2fb40f822cc8b1f2ad37a665e7343f58f458a4bd9ecfe02589423a4816363,2024-09,South Wales Police,South Wales Police,-3.099432,51.524645,On or near Rogerstone Close,W01001879,Cardiff 013A,Violence and sexual offences,Unable to prosecute suspect,
213dc46fb31167af073e19a8558aec835711dfa9f1c4c0e9dc16705dd36e7897,2024-09,South Wales Police,South Wales Police,-3.097720,51.524751,On or near Cwmcarn Close,W01001879,Cardiff 013A,Violence and sexual offences,Unable to prosecute suspect,
2eabda1bc7917a123539f2f29481fbea8944adb3ef8c9145c05ae6d3cbc4b1df,2024-09,South Wales Police,South Wales Police,-3.099742,51.522529,On or near Cragside Close,W01001879,Cardiff 013A,Violence and sexual offences,Unable to prosecute suspect,
ebd7a7c1adcdc3159a20a02bea88d3661491e6ec73f123481f50156b8220c829,2024-09,South Wales Police,South Wales Police,-3.100976,51.522914,On or near Ashdown Close,W01001879,Cardiff 013A,Other crime,Investigation complete; no suspect identified,
,2024-09,South Wales Police,South Wales Police,-3.092576,51.524251,On or near Hornbeam Close,W01001880,Cardiff 013B,Anti-social behaviour,,
7172c930e9bb23770152806c0bfeff999183b10f4dbac7936137dad7f23b82df,2024-09,South Wales Police,South Wales Police,-3.096947,51.519588,On or near Clos Gwern-Y-Mor,W01001880,Cardiff 013B,Criminal damage and arson,Investigation complete; no suspect identified,
a2dd690ace59a0347d789b6d16befa374d6adb92c992308ad08dae4e58d38c5a,2024-09,South Wales Police,South Wales Police,-3.093845,51.519446,On or near Kember Close,W01001880,Cardiff 013B,Drugs,Formal action is not in the public interest,
85a85fda925facbb1eba5864b67433f7966e99270d73c63c69969abd863d9680,2024-09,South Wales Police,South Wales Police,-3.095160,51.525000,On or near Bassaleg Close,W01001880,Cardiff 013B,Other theft,Investigation complete; no suspect identified,
dacfb9b5964808e42b47d4e186d81b43355195f6e980c13bc81b6ceb7c0fd55a,2024-09,South Wales Police,South Wales Police,-3.094813,51.524949,On or near Caerleon Close,W01001880,Cardiff 013B,Possession of weapons,Unable to prosecute suspect,
6b01db45864c6cee5f3b617ea718378ad994198c347efb52889455a25d5d39e6,2024-09,South Wales Police,South Wales Police,-3.093895,51.525165,On or near Blaenavon Close,W01001880,Cardiff 013B,Public order,Investigation complete; no suspect identified,
23ab929181512019b8dab5a4d7884ebc223d1a0add06bac1feb0739762b8db27,2024-09,South Wales Police,South Wales Police,-3.094822,51.518143,On or near Pearce Close,W01001880,Cardiff 013B,Violence and sexual offences,Investigation complete; no suspect identified,
91120dfe2f4b09c254d4caf279f694ee19be6c51b663cbd9fe2ad9effea5e37f,2024-09,South Wales Police,South Wales Police,-3.096159,51.519173,On or near Clos Gwlad-Yr-Haf,W01001880,Cardiff 013B,Violence and sexual offences,Unable to prosecute suspect,
fc6e1b55f70669a4072f0b183dae2917294b415148448b003670c147b192799f,2024-09,South Wales Police,South Wales Police,-3.095800,51.522234,On or near Clos Y Berllan,W01001880,Cardiff 013B,Other crime,Unable to prosecute suspect,
,2024-09,South Wales Police,South Wales Police,-3.110254,51.523914,On or near Ashfield Court,W01001881,Cardiff 013C,Anti-social behaviour,,
,2024-09,South Wales Police,South Wales Police,-3.110247,51.523015,On or near Cath Cob Close,W01001881,Cardiff 013C,Anti-social behaviour,,
304d5c5b73dfc124fea0ac9ec8e191383d6a4a0cd50343ca3848919f75bfca6a,2024-09,South Wales Police,South Wales Police,-3.108299,51.524697,On or near Meadowlark Close,W01001881,Cardiff 013C,Criminal damage and arson,Investigation complete; no suspect identified,
9cb5d5b1808defdc630a72f453b97689466ffb33f1d83cbcdb998cb753a6b5bb,2024-09,South Wales Police,South Wales Police,-3.111179,51.522233,On or near Tarwick Drive,W01001881,Cardiff 013C,Criminal damage and arson,Investigation complete; no suspect identified,
861616d5eb2eff7f05d5051b07ad420849e004930d3da5f16871a579aa69a924,2024-09,South Wales Police,South Wales Police,-3.108203,51.525525,On or near Llanewrwg Way,W01001881,Cardiff 013C,Public order,Investigation complete; no suspect identified,
5044b40a6fe7b854eaaab2d5f70839c6f4dc5f89f5e8a9c5eb2860f6ebc810ec,2024-09,South Wales Police,South Wales Police,-3.110247,51.523015,On or near Cath Cob Close,W01001881,Cardiff 013C,Public order,Further investigation is not in the public interest,
bec249d7cca46f02d1c7b63342b205969b5dcd59164281a78e7a85da8a910add,2024-09,South Wales Police,South Wales Police,-3.110254,51.523914,On or near Ashfield Court,W01001881,Cardiff 013C,Public order,Unable to prosecute suspect,
c5bdaef465fc461bd552dff92e9d76500d48a558198c7dd87c7823f4e592809f,2024-09,South Wales Police,South Wales Police,-3.109122,51.523592,On or near Oaklands Close,W01001881,Cardiff 013C,Violence and sexual offences,Unable to prosecute suspect,
3ecb916362140fcb5a4615473695bfefbbe1a5bec1cdb226c08ec6f11c3d8f1b,2024-09,South Wales Police,South Wales Police,-3.109122,51.523592,On or near Oaklands Close,W01001881,Cardiff 013C,Violence and sexual offences,Unable to prosecute suspect,
a33aa3219b52b4cb36f00eb55265a6c0bf5bd09c4d1502b2b102dc025fdc51a8,2024-09,South Wales Police,South Wales Police,-3.108299,51.524697,On or near Meadowlark Close,W01001881,Cardiff 013C,Violence and sexual offences,Investigation complete; no suspect identified,
6b8b60eaa397196d4280011adb2786b2788c4c1aba8c57fb5d53bfb9842d1aac,2024-09,South Wales Police,South Wales Police,-3.108055,51.525922,On or near Alderwood Close,W01001881,Cardiff 013C,Violence and sexual offences,Unable to prosecute suspect,
01387d1ae98fe26eb55a5be21a52a32cfc0a039716bfbbb484b631e7a2f154cb,2024-09,South Wales Police,South Wales Police,-3.100037,51.518633,On or near Clos Maerun,W01001884,Cardiff 013D,Criminal damage and arson,Unable to prosecute suspect,
5b0500bf94ec20de0298984a56fec72542bcb3478b7b19fc046ec1de3c744bde,2024-09,South Wales Police,South Wales Police,-3.096435,51.521059,On or near Clos Y Gornant,W01001884,Cardiff 013D,Violence and sexual offences,Unable to prosecute suspect,
518da85498c003f6a05aefd72211ab9e9bf1ee90ecc2afbb358721b644ffd771,2024-09,South Wales Police,South Wales Police,-3.099459,51.519763,On or near Lanhydrock Close,W01001884,Cardiff 013D,Violence and sexual offences,Unable to prosecute suspect,
c963c1970c93c9e4ea7f2987a46578d350d6dccf681cf881df4fa89cb989ddab,2024-09,South Wales Police,South Wales Police,-3.101926,51.519847,On or near Bodnant Close,W01001884,Cardiff 013D,Violence and sexual offences,Further investigation is not in the public interest,
0a933cd9ddf56f557881fd5306a5facf1c6cae1d7f3469462ed6afc8673c766d,2024-09,South Wales Police,South Wales Police,-3.100474,51.518225,On or near Clos Glas Llwch,W01001884,Cardiff 013D,Violence and sexual offences,Unable to prosecute suspect,
ea0b7efbeddaa5ba1afcac9519833ca4e94d903980500dfaddbe36364c97fd20,2024-09,South Wales Police,South Wales Police,-3.101212,51.520735,On or near Clos Pen Y Clawdd,W01001884,Cardiff 013D,Violence and sexual offences,Unable to prosecute suspect,
8578dc453c45a6baad9f4b09a4b57a111470d792d1e9e22ca7eb52fcdfb72faa,2024-09,South Wales Police,South Wales Police,-3.100037,51.518633,On or near Clos Maerun,W01001884,Cardiff 013D,Other crime,Investigation complete; no suspect identified,
,2024-09,South Wales Police,South Wales Police,-3.326019,51.526726,On or near Parc-Y-Fro,W01001727,Cardiff 014A,Anti-social behaviour,,
a0f9e8097228c2d690e2aa4a6e9efb3b9f645e14d39b4216a00aab5c7cd1da36,2024-09,South Wales Police,South Wales Police,-3.315702,51.516358,On or near Bryn Briallu,W01001727,Cardiff 014A,Burglary,Investigation complete; no suspect identified,
d726ebb0c8e08d5bcc95edefe82fc18dd85ff300b0bc79694d7bcc218c0ef83d,2024-09,South Wales Police,South Wales Police,-3.328605,51.523442,On or near Parc-Y-Felin,W01001727,Cardiff 014A,Burglary,Investigation complete; no suspect identified,
1f0b632458c12377ef580388ff617161af00883df3a6f48cab32da6e595ae3e4,2024-09,South Wales Police,South Wales Police,-3.312615,51.513281,On or near Llys Illtern,W01001727,Cardiff 014A,Criminal damage and arson,Investigation complete; no suspect identified,
2c979953b11b4189252c58ae46f23dfe8d23588e4535b5c667af49f61d122f02,2024-09,South Wales Police,South Wales Police,-3.312615,51.513281,On or near Llys Illtern,W01001727,Cardiff 014A,Violence and sexual offences,Further investigation is not in the public interest,
9ecb47c75c55192b0a568a73f2845719ad97f15d27777e235ecf0dac7e153e66,2024-09,South Wales Police,South Wales Police,-3.312615,51.513281,On or near Llys Illtern,W01001727,Cardiff 014A,Violence and sexual offences,Under investigation,
4edca59828450a50e71c824af90915a9beccc7a87477e8a6f931b31029833543,2024-09,South Wales Police,South Wales Police,-3.312615,51.513281,On or near Llys Illtern,W01001727,Cardiff 014A,Violence and sexual offences,Unable to prosecute suspect,
f70666ca0ab71acc418e9e20b0098bbc2b6a7d519e6127d3cb1e051c54748f94,2024-09,South Wales Police,South Wales Police,-3.309309,51.508187,On or near Petrol Station,W01001727,Cardiff 014A,Violence and sexual offences,Unable to prosecute suspect,
e85fcd6ca3364385c7deda821ee66e429db7629806d826e8f3e5a950aaeb6099,2024-09,South Wales Police,South Wales Police,-3.312615,51.513281,On or near Llys Illtern,W01001727,Cardiff 014A,Other crime,Investigation complete; no suspect identified,
03dff0bdf8128ae134b1b3e23d832a88313482d2f64151976a8f15c92de81d39,2024-09,South Wales Police,South Wales Police,-3.324930,51.522486,On or near Parc-Y-Coed,W01001728,Cardiff 014B,Criminal damage and arson,Awaiting court outcome,
9774b21c0352bbe2f712a90b8c12e2fec59270c291d33fe85f9eebb1c21dcd6a,2024-09,South Wales Police,South Wales Police,-3.324930,51.522486,On or near Parc-Y-Coed,W01001728,Cardiff 014B,Violence and sexual offences,Awaiting court outcome,
4336b48489aa6450ec4505fbdc46448249d487e6478fe0f8036220879c700b7a,2024-09,South Wales Police,South Wales Police,-3.261612,51.494949,On or near Pentrebane Drive,W01001729,Cardiff 014C,Other theft,Investigation complete; no suspect identified,
ccb44ba119cf07d5137d3a10a46cefc2f7099626208dd28b1cf78ac46cc0b1f2,2024-09,South Wales Police,South Wales Police,-3.283291,51.511844,On or near Caer Efail,W01001729,Cardiff 014C,Public order,Unable to prosecute suspect,
50f3319177d694071c6e04b4b080189b15ad0b8a06be19542e662f6b3b8e7014,2024-09,South Wales Police,South Wales Police,-3.268377,51.508751,On or near Coedlan Y Trenshys,W01001729,Cardiff 014C,Theft from the person,Unable to prosecute suspect,
51d905396c98a75ca66ae231916bdf9a6820dfef67a87354d6de197b36e6c4ba,2024-09,South Wales Police,South Wales Police,-3.280142,51.514639,On or near Church Road,W01001729,Cardiff 014C,Violence and sexual offences,Unable to prosecute suspect,
cd2194b4cd07466984327f58a9a43ce8e1f9c52b1182332a7f2ba8496125f87e,2024-09,South Wales Police,South Wales Police,-3.272095,51.476151,On or near Falconwood Drive,W01001729,Cardiff 014C,Violence and sexual offences,Unable to prosecute suspect,
73a805f83fbd8a534a0545bd848f4dc90a8a7533f361da2de9594f635b7ff407,2024-09,South Wales Police,South Wales Police,-3.264235,51.477288,On or near Celandine Road,W01001729,Cardiff 014C,Violence and sexual offences,Unable to prosecute suspect,
55ccd1bc00a82a0db6f1464e387bdb4ca124cb2e563426f545a3aa71eced197d,2024-09,South Wales Police,South Wales Police,-3.269201,51.478781,On or near Trem Y Coed,W01001729,Cardiff 014C,Violence and sexual offences,Investigation complete; no suspect identified,
61f4436c0f14472e3730c052bf6b75a1d39926c5b32add032171bc7e472ccf53,2024-09,South Wales Police,South Wales Police,-3.264235,51.477288,On or near Celandine Road,W01001729,Cardiff 014C,Violence and sexual offences,Under investigation,
4a92816f6d1043078517f775432f8db425cb413e0731719870cbcb3477b6c308,2024-09,South Wales Police,South Wales Police,-3.265600,51.477687,On or near Ramsons Way,W01001729,Cardiff 014C,Violence and sexual offences,Unable to prosecute suspect,
46de11ac2b18385450f5b538319e4e2b65af2de94efab249df6f5467b53da0cd,2024-09,South Wales Police,South Wales Police,-3.261612,51.494949,On or near Pentrebane Drive,W01001729,Cardiff 014C,Violence and sexual offences,Unable to prosecute suspect,
14812e7d0c1a46689da3579febe819835c6c48c18b5c0e5814dd7a36f480e0c4,2024-09,South Wales Police,South Wales Police,-3.272095,51.476151,On or near Falconwood Drive,W01001729,Cardiff 014C,Violence and sexual offences,Unable to prosecute suspect,
dbf6a89c8ca289147b7ecb3b7338e28cf3f5c7fc20232550bd516402fba622f3,2024-09,South Wales Police,South Wales Police,-3.272095,51.476151,On or near Falconwood Drive,W01001729,Cardiff 014C,Violence and sexual offences,Under investigation,
01fb176fce485536643707c3895597ed2ad001eae47d3409ef0af51320189643,2024-09,South Wales Police,South Wales Police,-3.265980,51.486728,On or near Cardiff Road,W01001729,Cardiff 014C,Other crime,Under investigation,
b2368dc117e3c8bf9cb8830c1096791d71c5257942f4674fae86a4af67e7648c,2024-09,South Wales Police,South Wales Police,-3.298514,51.527709,On or near Cefn Penuel,W01001819,Cardiff 014D,Other theft,Investigation complete; no suspect identified,
46a9588a0ac958d04642a54ce280f65817f484abb3a6d2bdb126e8ebe4b1c93c,2024-09,South Wales Police,South Wales Police,-3.299251,51.532322,On or near Mountain Road,W01001819,Cardiff 014D,Public order,Unable to prosecute suspect,
81e1fc61902647fdabbcf66ece07832328950201b321db0cfdcaa0ed63806664,2024-09,South Wales Police,South Wales Police,-3.298718,51.528300,On or near Ael-Y-Bryn,W01001819,Cardiff 014D,Public order,Unable to prosecute suspect,
6389fc676c00b5031f92861de29dea5af20529790ccace476dbc74e7bbd1760c,2024-09,South Wales Police,South Wales Police,-3.299251,51.532322,On or near Mountain Road,W01001819,Cardiff 014D,Violence and sexual offences,Unable to prosecute suspect,
,2024-09,South Wales Police,South Wales Police,-3.123483,51.519094,On or near Clevedon Road,W01001803,Cardiff 015A,Anti-social behaviour,,
,2024-09,South Wales Police,South Wales Police,-3.124704,51.517761,On or near Cannington Avenue,W01001803,Cardiff 015A,Anti-social behaviour,,
2ba0816a410f94d9cef087c923fd87b0c11f00299f768ca3918fe183cbf263ad,2024-09,South Wales Police,South Wales Police,-3.120090,51.518255,On or near Woolacombe Avenue,W01001803,Cardiff 015A,Criminal damage and arson,Under investigation,
9e5db20219ae58ff8f0da6e112419340ca1503e7ceb0c95f2cf3b9b6b2619efe,2024-09,South Wales Police,South Wales Police,-3.123483,51.519094,On or near Clevedon Road,W01001803,Cardiff 015A,Criminal damage and arson,Investigation complete; no suspect identified,
41c34452f9fb48084df8133507a0e521255a0494d72b0be24c1e949cf33ba0c1,2024-09,South Wales Police,South Wales Police,-3.121852,51.517815,On or near Bideford Road,W01001803,Cardiff 015A,Violence and sexual offences,Awaiting court outcome,
aebbcaf58cf4ab3ca89cda98b68a81f910178c3e5a0ccbfce318f587192b61ab,2024-09,South Wales Police,South Wales Police,-3.124490,51.518419,On or near Arlington Crescent,W01001803,Cardiff 015A,Violence and sexual offences,Under investigation,
972cbe3d5919a1c6c0586d5da71107066ed7de9f8d98d8013f2e4bb2cd456b06,2024-09,South Wales Police,South Wales Police,-3.125255,51.514375,On or near Taunton Avenue,W01001803,Cardiff 015A,Violence and sexual offences,Local resolution,
a36abb660bf4bb0b4234d22b00a411d1f4f59b8cd6f51b53eeef7b7f52af6260,2024-09,South Wales Police,South Wales Police,-3.126166,51.513916,On or near Watchet Close,W01001803,Cardiff 015A,Violence and sexual offences,Unable to prosecute suspect,
ce2ce48eb75ddc8c619fb008dca83c4a47dbcc040c8f63c4a2273147a0ec84a9,2024-09,South Wales Police,South Wales Police,-3.125255,51.514375,On or near Taunton Avenue,W01001803,Cardiff 015A,Violence and sexual offences,Unable to prosecute suspect,
81da81b79574cb854cd48de059986faa3bfa9496e94cc47cc3eaee53fbaf0012,2024-09,South Wales Police,South Wales Police,-3.122351,51.516426,On or near Fremington Place,W01001803,Cardiff 015A,Violence and sexual offences,Unable to prosecute suspect,
,2024-09,South Wales Police,South Wales Police,-3.124683,51.522743,On or near Parracombe Close,W01001804,Cardiff 015B,Anti-social behaviour,,
,2024-09,South Wales Police,South Wales Police,-3.126471,51.523948,On or near Chesterton Road,W01001804,Cardiff 015B,Anti-social behaviour,,
,2024-09,South Wales Police,South Wales Police,-3.123495,51.520749,On or near Croyde Avenue,W01001804,Cardiff 015B,Anti-social behaviour,,
,2024-09,South Wales Police,South Wales Police,-3.129532,51.524126,On or near Laureate Close,W01001804,Cardiff 015B,Anti-social behaviour,,
8e39ebd047cdeb239ba1227a4050b17dba3399d6214367487477365e425bc99e,2024-09,South Wales Police,South Wales Police,-3.122704,51.521979,On or near Petherton Place,W01001804,Cardiff 015B,Criminal damage and arson,Unable to prosecute suspect,
2a3be962f4950c4644bca2b33406d9c433ccd76269cc64183378d3f705569bdf,2024-09,South Wales Police,South Wales Police,-3.124683,51.522743,On or near Parracombe Close,W01001804,Cardiff 015B,Public order,Under investigation,
de4ca3702aadbac945be9a2353e304d5d7640dd56198ccb7d8b487ca57ce9804,2024-09,South Wales Police,South Wales Police,-3.122704,51.521979,On or near Petherton Place,W01001804,Cardiff 015B,Violence and sexual offences,Unable to prosecute suspect,
c2485204cebbbc6ea5837e0197aad294d8cf1700d19bf5718f78de8eeebe2bc4,2024-09,South Wales Police,South Wales Police,-3.127786,51.522884,On or near Swift Close,W01001804,Cardiff 015B,Violence and sexual offences,Unable to prosecute suspect,
,2024-09,South Wales Police,South Wales Police,-3.132121,51.520441,On or near Ball Road,W01001805,Cardiff 015C,Anti-social behaviour,,
bc0e64086ea2691cbb6a03d0c52acdff2b5367bac015f5d20c8153cedef498fe,2024-09,South Wales Police,South Wales Police,-3.126538,51.517887,On or near Dunkery Close,W01001805,Cardiff 015C,Other theft,Investigation complete; no suspect identified,
138c12199e670bff9a27f82290bf3c38c41f150bf547c7b6b0e25005d11a8bd8,2024-09,South Wales Police,South Wales Police,-3.129958,51.514563,On or near Weston Road,W01001805,Cardiff 015C,Vehicle crime,Investigation complete; no suspect identified,
6fb128b018ced23fcb54a08a6d83fe51df40ea337210c0506928d39d13698f4b,2024-09,South Wales Police,South Wales Police,-3.127118,51.516848,On or near Uphill Road,W01001805,Cardiff 015C,Violence and sexual offences,Unable to prosecute suspect,
7e09053ca289cb9666af0657748fe7420444bfd4af63bcf21cec47763aae63e3,2024-09,South Wales Police,South Wales Police,-3.126538,51.517887,On or near Dunkery Close,W01001805,Cardiff 015C,Violence and sexual offences,Unable to prosecute suspect,
558e2efb503b7a74ba68ef342231e92498da1e1050d5388906e1bbf3bd47ef4e,2024-09,South Wales Police,South Wales Police,-3.126538,51.517887,On or near Dunkery Close,W01001805,Cardiff 015C,Violence and sexual offences,Unable to prosecute suspect,
34a10976677c796912ac0c3053590ef669499101ee3501be130a72c5aa704cf2,2024-09,South Wales Police,South Wales Police,-3.133409,51.517156,On or near Hartland Road,W01001805,Cardiff 015C,Violence and sexual offences,Under investigation,
8edf4242a5dddaa8bf77c1ffe39ea12930a5f60a2875f943f677e54b6c4a060f,2024-09,South Wales Police,South Wales Police,-3.126571,51.519218,On or near Fishpond Road,W01001805,Cardiff 015C,Violence and sexual offences,Unable to prosecute suspect,
,2024-09,South Wales Police,South Wales Police,-3.130114,51.512727,On or near Parking Area,W01001806,Cardiff 015D,Anti-social behaviour,,
,2024-09,South Wales Police,South Wales Police,-3.136381,51.516129,On or near Sports/Recreation Area,W01001806,Cardiff 015D,Anti-social behaviour,,
9af8721ac5fdc8d29e24b6cfa9856ebff81ad69e69746ec17b7534b46d429cc9,2024-09,South Wales Police,South Wales Police,-3.132437,51.508776,On or near Newport Road,W01001806,Cardiff 015D,Criminal damage and arson,Investigation complete; no suspect identified,
9a2306e0702e0da27effb8ab33af4bbc60a4ae7cec9c0327aa039d1fb42c3e78,2024-09,South Wales Police,South Wales Police,-3.134080,51.513435,On or near Ridgeway Road,W01001806,Cardiff 015D,Other theft,Under investigation,
11fd2e2edfb0cb241a09ab17dc613c9fb03bf0a2f1ee7d4df94a6e6cf0ff2fe3,2024-09,South Wales Police,South Wales Police,-3.136381,51.516129,On or near Sports/Recreation Area,W01001806,Cardiff 015D,Other theft,Investigation complete; no suspect identified,
0829cd8da395ad4b6b7272ef99b5aa64b062559696c3c24fad34784e8c93c5f0,2024-09,South Wales Police,South Wales Police,-3.134564,51.510850,On or near Patchway Crescent,W01001806,Cardiff 015D,Public order,Investigation complete; no suspect identified,
1dfec57c6ab23f0a0bcf2c22024cb3b1b2d3221c0d26ad981e9d5d5ffd163f83,2024-09,South Wales Police,South Wales Police,-3.133857,51.509086,On or near Cranleigh Rise,W01001806,Cardiff 015D,Public order,Under investigation,
0b94eaf34ec27d0b867168d323044bc67c0a9a3f873d564eb2a6fb9aa9697d16,2024-09,South Wales Police,South Wales Police,-3.134080,51.513435,On or near Ridgeway Road,W01001806,Cardiff 015D,Public order,Local resolution,
c4bd2c6a3b5e9eec66c47c816aab00e96c41441beb5daab59b40f803a0d3e59e,2024-09,South Wales Police,South Wales Police,-3.132437,51.508776,On or near Newport Road,W01001806,Cardiff 015D,Shoplifting,Under investigation,
5717afd10a3a136e76d0b910bafbfd690ac9d7115f36cdfcfd01f8e51da740e0,2024-09,South Wales Police,South Wales Police,-3.132437,51.508776,On or near Newport Road,W01001806,Cardiff 015D,Shoplifting,Under investigation,
015664875d42c0f58d256a550880d45189e1a3a857a7b71008b283b379e0d08e,2024-09,South Wales Police,South Wales Police,-3.132437,51.508776,On or near Newport Road,W01001806,Cardiff 015D,Shoplifting,Awaiting court outcome,
ec27e8d93310a09b3a37cd6ccab3e175396354a3f0cbb713900cb2d00d53761a,2024-09,South Wales Police,South Wales Police,-3.132437,51.508776,On or near Newport Road,W01001806,Cardiff 015D,Shoplifting,Unable to prosecute suspect,
f7d976b1efe9a20ca47957690ede654438247c666e41f2f1f0f6ecaaa4d4aa05,2024-09,South Wales Police,South Wales Police,-3.132437,51.508776,On or near Newport Road,W01001806,Cardiff 015D,Shoplifting,Awaiting court outcome,
056936a8af52bef010e04778710676069071a2ef2b26a165877b6e43275e166b,2024-09,South Wales Police,South Wales Police,-3.132437,51.508776,On or near Newport Road,W01001806,Cardiff 015D,Shoplifting,Awaiting court outcome,
2881ec5ced5a049c165fc8d05228dfe264dcfda2ce30a0bc4f0f1502741c7741,2024-09,South Wales Police,South Wales Police,-3.132437,51.508776,On or near Newport Road,W01001806,Cardiff 015D,Shoplifting,Investigation complete; no suspect identified,
7e0f2d76cfa2d2b23112e9b996835c4c9c0d5fbf1a5fe7476495ce435ba40c33,2024-09,South Wales Police,South Wales Police,-3.132437,51.508776,On or near Newport Road,W01001806,Cardiff 015D,Shoplifting,Investigation complete; no suspect identified,
730dfea9528111cd3379ff30827d1d00ec66b69c16877c224a52c640d37c8129,2024-09,South Wales Police,South Wales Police,-3.132437,51.508776,On or near Newport Road,W01001806,Cardiff 015D,Shoplifting,Unable to prosecute suspect,
85e5aee91f954a6c7bff2c3741288b755a9cc305d4dcb24fa819f8e75811c5c4,2024-09,South Wales Police,South Wales Police,-3.132437,51.508776,On or near Newport Road,W01001806,Cardiff 015D,Shoplifting,Awaiting court outcome,
e495b92b2ed56bd7529fb76ac16b14111cb6195d74569fb96f36580f3305feae,2024-09,South Wales Police,South Wales Police,-3.132437,51.508776,On or near Newport Road,W01001806,Cardiff 015D,Shoplifting,Unable to prosecute suspect,
120947e8eb22016b469378ee61d4828b87b11d1a15e3d9096e934ccef9d8178d,2024-09,South Wales Police,South Wales Police,-3.132437,51.508776,On or near Newport Road,W01001806,Cardiff 015D,Shoplifting,Awaiting court outcome,
1de865eabbd960a0767e24adc1465d6d18fb0cbbb3be0f01b9cc8f4992ea736f,2024-09,South Wales Police,South Wales Police,-3.134080,51.513435,On or near Ridgeway Road,W01001806,Cardiff 015D,Violence and sexual offences,Unable to prosecute suspect,
aeb3bcfa38f9fd88b163d60938079adf5370ffc2fd8909b15fcad7a9a254c79c,2024-09,South Wales Police,South Wales Police,-3.134373,51.508379,On or near Widecombe Drive,W01001806,Cardiff 015D,Violence and sexual offences,Investigation complete; no suspect identified,
53deed6a454a6f4db8166e4318535354590c693abef6a468a4ce62001b465bf9,2024-09,South Wales Police,South Wales Police,-3.136571,51.508133,On or near Lynmouth Crescent,W01001806,Cardiff 015D,Violence and sexual offences,Awaiting court outcome,
,2024-09,South Wales Police,South Wales Police,-3.113297,51.520423,On or near Meadvale Court,W01001866,Cardiff 016A,Anti-social behaviour,,
429e7d07dae14de6c4d8a8a8ab841bc118ee7e25ac1732671ed07f980d77c4b1,2024-09,South Wales Police,South Wales Police,-3.113297,51.520423,On or near Meadvale Court,W01001866,Cardiff 016A,Criminal damage and arson,Investigation complete; no suspect identified,
7383a0808916286698bad5742bbb095f457c42e48a199e97e487dd7af3a26dc9,2024-09,South Wales Police,South Wales Police,-3.113297,51.520423,On or near Meadvale Court,W01001866,Cardiff 016A,Other theft,Investigation complete; no suspect identified,
629db13ddcf9fa776b4d5a7fe937d89886a6db66ffa7432666d1814f07c0776c,2024-09,South Wales Police,South Wales Police,-3.118681,51.512495,On or near Llandudno Road,W01001866,Cardiff 016A,Other theft,Unable to prosecute suspect,
8d08f3aa0e81884a944fd44c30b159618dbd6a8c2cf1eb247975b8d5380dc296,2024-09,South Wales Police,South Wales Police,-3.114276,51.513886,On or near Mullins Avenue,W01001866,Cardiff 016A,Possession of weapons,Unable to prosecute suspect,
3e57377d717d43b81526870d79b10a87983be6c6177f3eec411bb748c75c58c9,2024-09,South Wales Police,South Wales Police,-3.113297,51.520423,On or near Meadvale Court,W01001866,Cardiff 016A,Public order,Unable to prosecute suspect,
134d5927cfe02b3090f79bda63752646a5b5b8f6e4f3f5846083016a24fa8289,2024-09,South Wales Police,South Wales Police,-3.113297,51.520423,On or near Meadvale Court,W01001866,Cardiff 016A,Public order,Unable to prosecute suspect,
dedf0d2d74166dbc916f1fbdef562397034b1839a57d3bc9434f281c0445c7c5,2024-09,South Wales Police,South Wales Police,-3.117026,51.514939,On or near Caer Castell Place,W01001866,Cardiff 016A,Public order,Investigation complete; no suspect identified,
e6421fac5409f9ab2907bf735a655d6f2068459bce37db940f14f4993ca6efbe,2024-09,South Wales Police,South Wales Police,-3.114276,51.513886,On or near Mullins Avenue,W01001866,Cardiff 016A,Vehicle crime,Unable to prosecute suspect,
bdf53f756a65a5c830a0ab621b4c648a75a4d080989dc1af59b7472b6c3914c8,2024-09,South Wales Police,South Wales Police,-3.117026,51.514939,On or near Caer Castell Place,W01001866,Cardiff 016A,Violence and sexual offences,Under investigation,
c80383279e1edb6b75521114a90aceccca168b0ae7b82a04909e8f9489f612e9,2024-09,South Wales Police,South Wales Police,-3.113297,51.520423,On or near Meadvale Court,W01001866,Cardiff 016A,Violence and sexual offences,Under investigation,
26a9d73f2d9855c68d3877ca33177735f351af34f75df38d3e6de41551a8979a,2024-09,South Wales Police,South Wales Police,-3.113297,51.520423,On or near Meadvale Court,W01001866,Cardiff 016A,Violence and sexual offences,Awaiting court outcome,
ff21498fe417fa49bfe9def19eeede414608a1ad55856f92e60a360e95c35f3e,2024-09,South Wales Police,South Wales Police,-3.117026,51.514939,On or near Caer Castell Place,W01001866,Cardiff 016A,Violence and sexual offences,Unable to prosecute suspect,
9005e562414fa7b1a33878af9367f2bab3c822dd67c3f1edb2a2daa0dc58fd8e,2024-09,South Wales Police,South Wales Police,-3.113297,51.520423,On or near Meadvale Court,W01001866,Cardiff 016A,Violence and sexual offences,Investigation complete; no suspect identified,
a643bbad5ec4ce44802261daa9ec08f00101828d3af39319137cc69edd40788a,2024-09,South Wales Police,South Wales Police,-3.112932,51.519060,On or near Greenock Road,W01001866,Cardiff 016A,Violence and sexual offences,Unable to prosecute suspect,
e4e3aac976a469cd4d2642b77a321a9d37f1d46f353fb38100f1d69398d3cce1,2024-09,South Wales Police,South Wales Police,-3.113297,51.520423,On or near Meadvale Court,W01001866,Cardiff 016A,Violence and sexual offences,Unable to prosecute suspect,
c880a320a3a9e0cfd0a67e8c9c2805c6b4b76381da0e7409f5fa01c190cb3f91,2024-09,South Wales Police,South Wales Police,-3.113881,51.520121,On or near Meadvale Road,W01001866,Cardiff 016A,Violence and sexual offences,Unable to prosecute suspect,
,2024-09,South Wales Police,South Wales Police,-3.121327,51.510537,On or near Rhyl Road,W01001867,Cardiff 016B,Anti-social behaviour,,
,2024-09,South Wales Police,South Wales Police,-3.117182,51.511296,On or near Harris Avenue,W01001867,Cardiff 016B,Anti-social behaviour,,
0df5f66a45c1f16d2cfe8b974bcd4ef2758d182a9e2b2b9cf7c563aff53db006,2024-09,South Wales Police,South Wales Police,-3.121430,51.511786,On or near Penrhos Crescent,W01001867,Cardiff 016B,Criminal damage and arson,Unable to prosecute suspect,
5883136de615408d7db0cf99c97bd742f26d7db8cfabb1699f9e5689b3d091fb,2024-09,South Wales Police,South Wales Police,-3.117036,51.514166,On or near Letterston Road,W01001867,Cardiff 016B,Other theft,Under investigation,
a81e5c4439705829c529afa8283acbb22e933fa5539271497fb4a34429210b0d,2024-09,South Wales Police,South Wales Police,-3.121327,51.510537,On or near Rhyl Road,W01001867,Cardiff 016B,Other theft,Investigation complete; no suspect identified,
1346f4971797369592af8737d714231b87a11286bc95d33f95ad7da64bfdc3c2,2024-09,South Wales Police,South Wales Police,-3.117036,51.514166,On or near Letterston Road,W01001867,Cardiff 016B,Public order,Unable to prosecute suspect,
745c6499ad197fbf53b24706b60493107c13d076883a49efaea4bbb1dcf9832e,2024-09,South Wales Police,South Wales Police,-3.118874,51.507449,On or near Heron Road,W01001867,Cardiff 016B,Vehicle crime,Further investigation is not in the public interest,
5362ed43f373d741f5877a782cce2d27816c5daa792c3eba576eaffabea71eaa,2024-09,South Wales Police,South Wales Police,-3.118874,51.507449,On or near Heron Road,W01001867,Cardiff 016B,Violence and sexual offences,Unable to prosecute suspect,
612bd9b17849198ca5490bb545d3cebc0c11e0fd87789bb92030ab34b19a7dba,2024-09,South Wales Police,South Wales Police,-3.117182,51.511296,On or near Harris Avenue,W01001867,Cardiff 016B,Violence and sexual offences,Investigation complete; no suspect identified,
,2024-09,South Wales Police,South Wales Police,-3.108918,51.518172,On or near Abergele Close,W01001883,Cardiff 016C,Anti-social behaviour,,
,2024-09,South Wales Police,South Wales Police,-3.111847,51.516517,On or near Borth Road,W01001883,Cardiff 016C,Anti-social behaviour,,
,2024-09,South Wales Police,South Wales Police,-3.108918,51.518172,On or near Abergele Close,W01001883,Cardiff 016C,Anti-social behaviour,,
,2024-09,South Wales Police,South Wales Police,-3.111865,51.515474,On or near Prestatyn Road,W01001883,Cardiff 016C,Anti-social behaviour,,
,2024-09,South Wales Police,South Wales Police,-3.111353,51.518697,On or near Menai Way,W01001883,Cardiff 016C,Anti-social behaviour,,
,2024-09,South Wales Police,South Wales Police,-3.108656,51.516286,On or near Glan-Y-Mor Road,W01001883,Cardiff 016C,Anti-social behaviour,,
84b2db3c8a3413dde1667e4bd223f91ddf3e263f96ad247108a0b776958bbb81,2024-09,South Wales Police,South Wales Police,-3.110097,51.517423,On or near Abergele Road,W01001883,Cardiff 016C,Burglary,Investigation complete; no suspect identified,
7ccb97896e78fee93843c0e27782a717147ede303dc4647da762353e336c488d,2024-09,South Wales Police,South Wales Police,-3.110097,51.517423,On or near Abergele Road,W01001883,Cardiff 016C,Burglary,Investigation complete; no suspect identified,
02635f1a6c6052b57f54a08af6ec3673b073c5170a7632fd7b571b06f882c348,2024-09,South Wales Police,South Wales Police,-3.107362,51.519949,On or near Trowbridge Green,W01001883,Cardiff 016C,Criminal damage and arson,Investigation complete; no suspect identified,
1188a93923fa2ca060e4d611167a189d95818be6681fb887116c6228eb9560f7,2024-09,South Wales Police,South Wales Police,-3.107362,51.519949,On or near Trowbridge Green,W01001883,Cardiff 016C,Criminal damage and arson,Investigation complete; no suspect identified,
732f97645f722a318bbbd56ba5a24f00b532999188f8d33eba0b8cc248b1024c,2024-09,South Wales Police,South Wales Police,-3.108918,51.518172,On or near Abergele Close,W01001883,Cardiff 016C,Other theft,Investigation complete; no suspect identified,
835c3015657e03180d517a368574579b9136019f6ab04f632b6fbdb1c4d52688,2024-09,South Wales Police,South Wales Police,-3.111847,51.516517,On or near Borth Road,W01001883,Cardiff 016C,Possession of weapons,Awaiting court outcome,
ba7beb8a157473e395a84b338e25bb62b981d661b8654e7f41e7c8471704529d,2024-09,South Wales Police,South Wales Police,-3.108656,51.516286,On or near Glan-Y-Mor Road,W01001883,Cardiff 016C,Public order,Investigation complete; no suspect identified,
94e506d236d8491fdd0163ad66ed2f15e46cf4576e66def178348dc19d665855,2024-09,South Wales Police,South Wales Police,-3.108656,51.516286,On or near Glan-Y-Mor Road,W01001883,Cardiff 016C,Public order,Unable to prosecute suspect,
c83f5b5e2c928ab673c6c911e3402cb1be4f1426b3195c20f6443f411f7fbdfa,2024-09,South Wales Police,South Wales Police,-3.110097,51.517423,On or near Abergele Road,W01001883,Cardiff 016C,Shoplifting,Awaiting court outcome,
2ab2e835353c0a298b22f145ce6a9d672e5c2d38d20252646d58e48388c936b4,2024-09,South Wales Police,South Wales Police,-3.111462,51.517878,On or near Dovey Close,W01001883,Cardiff 016C,Violence and sexual offences,Unable to prosecute suspect,
fc2ee92a5467d84bc46b734a6653d27eaf9be5c7e251ae844804f5307ebfc28a,2024-09,South Wales Police,South Wales Police,-3.108918,51.518172,On or near Abergele Close,W01001883,Cardiff 016C,Violence and sexual offences,Investigation complete; no suspect identified,
ff14e401e292c9db97f71c807ec2001e966e5828f04325c7cbbbe294140c593e,2024-09,South Wales Police,South Wales Police,-3.107578,51.517582,On or near Gwbert Close,W01001883,Cardiff 016C,Violence and sexual offences,Under investigation,
f6b25c6264a0081cbb7116085f3d571ab692c0ca1853b3dae17f143549932f82,2024-09,South Wales Police,South Wales Police,-3.108656,51.516286,On or near Glan-Y-Mor Road,W01001883,Cardiff 016C,Violence and sexual offences,Unable to prosecute suspect,
80555482b23d7df81f40a1c6d35f1dfd75e116a638b4006fe21b4580beb7682e,2024-09,South Wales Police,South Wales Police,-3.108656,51.516286,On or near Glan-Y-Mor Road,W01001883,Cardiff 016C,Violence and sexual offences,Awaiting court outcome,
dfe7139b430ef96a402e0c00f71aead6a593aff28458a33e1504ceecd38b8bf3,2024-09,South Wales Police,South Wales Police,-3.110097,51.517423,On or near Abergele Road,W01001883,Cardiff 016C,Violence and sexual offences,Investigation complete; no suspect identified,
6d35c8aa236e41c01cc23b84cc6adffa969d08672e0399b39c766c217049a14b,2024-09,South Wales Police,South Wales Police,-3.108918,51.518172,On or near Abergele Close,W01001883,Cardiff 016C,Violence and sexual offences,Unable to prosecute suspect,
56abd3f7bef5943d770317708e72b965d631fd1b4dfdf2e905baefaef6532d37,2024-09,South Wales Police,South Wales Police,-3.107578,51.517582,On or near Gwbert Close,W01001883,Cardiff 016C,Violence and sexual offences,Unable to prosecute suspect,
639adaeca979b8911d1b0932f2bc6c72b70956ef1e78a9cccf4de8f1a24eb3ee,2024-09,South Wales Police,South Wales Police,-3.111462,51.517878,On or near Dovey Close,W01001883,Cardiff 016C,Other crime,Further investigation is not in the public interest,
a6ee152ac4294766bc4326a005649350a65a30e22a101c8c036ecebbef3f4ec0,2024-09,South Wales Police,South Wales Police,-3.109444,51.515487,On or near Morfa Crescent,W01001886,Cardiff 016D,Burglary,Investigation complete; no suspect identified,
161ebad1d1525de533ba279877ffe08f663880091adcd0492453a81cc8a4a400,2024-09,South Wales Police,South Wales Police,-3.110495,51.511296,On or near Valley View,W01001886,Cardiff 016D,Burglary,Investigation complete; no suspect identified,
b8276d6a1f9a9bd62d622ed75a3702ada0d8ebb8c0f0dd909a50f587e9fee5b7,2024-09,South Wales Police,South Wales Police,-3.114578,51.515052,On or near Greenway Road,W01001886,Cardiff 016D,Criminal damage and arson,Under investigation,
947ff96f9ecc15673f0e6258ea69749f7cf66dbce3f69d8ed175e1c5223f1859,2024-09,South Wales Police,South Wales Police,-3.107197,51.516129,On or near Port Madoc Road,W01001886,Cardiff 016D,Criminal damage and arson,Investigation complete; no suspect identified,
5db405c61dfaa4bd4ff1cfa64201b2ba3ac6631197aad81420bcc062d9632dc3,2024-09,South Wales Police,South Wales Police,-3.109444,51.515487,On or near Morfa Crescent,W01001886,Cardiff 016D,Drugs,Further investigation is not in the public interest,
08d17c72c934c23dde9a4154438b06045184f9cc251d1980958ecddcb6f04fcd,2024-09,South Wales Police,South Wales Police,-3.114578,51.515052,On or near Greenway Road,W01001886,Cardiff 016D,Other theft,Unable to prosecute suspect,
2622aa3b12a9f6485cf3f62ac57b0d93751ab10fed72ea0c1e3212503df301a9,2024-09,South Wales Police,South Wales Police,-3.106180,51.515797,On or near Llanina Grove,W01001886,Cardiff 016D,Other theft,Investigation complete; no suspect identified,
1667ffdb3be2bc9adb54e2da171290cadb0349ec6be23e811d76fad8c1142148,2024-09,South Wales Police,South Wales Police,-3.113073,51.515381,On or near Caernarvon Way,W01001886,Cardiff 016D,Public order,Investigation complete; no suspect identified,
82bbd79ad0838c0da00777f31fc2ef961fa5a9fc48de02e85e0e196b6ed8105a,2024-09,South Wales Police,South Wales Police,-3.109444,51.515487,On or near Morfa Crescent,W01001886,Cardiff 016D,Public order,Under investigation,
99a3782b611630c98c01055dfa08614abe608ad2dd104b763074137e81e6501f,2024-09,South Wales Police,South Wales Police,-3.111717,51.512939,On or near Trowbridge Road,W01001886,Cardiff 016D,Other crime,Unable to prosecute suspect,
ce95efae58971cdeb59f0543feac338a4a64ac140ed6bc3a14357aa8ca764884,2024-09,South Wales Police,South Wales Police,-3.161374,51.516253,On or near Hillrise,W01001809,Cardiff 017A,Criminal damage and arson,Unable to prosecute suspect,
ed6aa01186e64ffa33a782fcced8902d6ff8d5c89e5ee7e1c3c04faf6fdae0e6,2024-09,South Wales Police,South Wales Police,-3.157866,51.517699,On or near Glenwood,W01001809,Cardiff 017A,Criminal damage and arson,Under investigation,
,2024-09,South Wales Police,South Wales Police,-3.148124,51.517174,On or near Coed-Y-Gores,W01001810,Cardiff 017B,Anti-social behaviour,,
,2024-09,South Wales Police,South Wales Police,-3.146735,51.515210,On or near Bryn-Y-Nant,W01001810,Cardiff 017B,Anti-social behaviour,,
,2024-09,South Wales Police,South Wales Police,-3.146735,51.515210,On or near Bryn-Y-Nant,W01001810,Cardiff 017B,Anti-social behaviour,,
d15ef480cc081f85f67f7ab1cadcb338711f43bc8289204fb5056a027ac040ae,2024-09,South Wales Police,South Wales Police,-3.146735,51.515210,On or near Bryn-Y-Nant,W01001810,Cardiff 017B,Criminal damage and arson,Investigation complete; no suspect identified,
e67cb38a1a3f91f00417575bb25e8cd96aba34824645ebed68129cf7e2d2176b,2024-09,South Wales Police,South Wales Police,-3.146735,51.515210,On or near Bryn-Y-Nant,W01001810,Cardiff 017B,Criminal damage and arson,Investigation complete; no suspect identified,
1d5f1762a12757d53438b2b6eafe49f8556f465ff7fb609043c8517c2d318b53,2024-09,South Wales Police,South Wales Police,-3.155652,51.519627,On or near Wern Goch West,W01001810,Cardiff 017B,Drugs,Under investigation,
27a5fe82cd9568399d89a62be127758f378c12589d312a452282239f6aa33e75,2024-09,South Wales Police,South Wales Police,-3.148124,51.517174,On or near Coed-Y-Gores,W01001810,Cardiff 017B,Violence and sexual offences,Unable to prosecute suspect,
1b9a406582187a64dcc90bd18ef969bfa562e065d9162e57ec0a7221f793628b,2024-09,South Wales Police,South Wales Police,-3.146735,51.515210,On or near Bryn-Y-Nant,W01001810,Cardiff 017B,Violence and sexual offences,Unable to prosecute suspect,
95570e885c5a303fa6989d8e4dc80c1d91892d2c15888ced6da32091119b9a49,2024-09,South Wales Police,South Wales Police,-3.148124,51.517174,On or near Coed-Y-Gores,W01001810,Cardiff 017B,Violence and sexual offences,Unable to prosecute suspect,
,2024-09,South Wales Police,South Wales Police,-3.153830,51.517127,On or near Brynfedw,W01001812,Cardiff 017C,Anti-social behaviour,,
,2024-09,South Wales Police,South Wales Police,-3.153830,51.517127,On or near Brynfedw,W01001812,Cardiff 017C,Anti-social behaviour,,
,2024-09,South Wales Police,South Wales Police,-3.153830,51.517127,On or near Brynfedw,W01001812,Cardiff 017C,Anti-social behaviour,,
,2024-09,South Wales Police,South Wales Police,-3.153830,51.517127,On or near Brynfedw,W01001812,Cardiff 017C,Anti-social behaviour,,
e6392edfd0bfc898ef85bf9a272aae362fae6e90bbc88beaf5e0490e7ed0421c,2024-09,South Wales Police,South Wales Police,-3.153830,51.517127,On or near Brynfedw,W01001812,Cardiff 017C,Criminal damage and arson,Unable to prosecute suspect,
56cb49f588f0bbc9054a0ac453c94649ccbab95cbbf8a267d392e95707d00419,2024-09,South Wales Police,South Wales Police,-3.153830,51.517127,On or near Brynfedw,W01001812,Cardiff 017C,Drugs,Awaiting court outcome,
ebf75484dd329a9832c68fe56500c13531875895163cfe0a596056e12308729e,2024-09,South Wales Police,South Wales Police,-3.153830,51.517127,On or near Brynfedw,W01001812,Cardiff 017C,Possession of weapons,Unable to prosecute suspect,
52f1d15774458f27a6720c2b066c5baeb07b3ff8fcf1c779fbcaea3eff7ac813,2024-09,South Wales Police,South Wales Police,-3.153830,51.517127,On or near Brynfedw,W01001812,Cardiff 017C,Vehicle crime,Investigation complete; no suspect identified,
fb00fa2f45ae982bf5b585dacf44bfdd8a2f31691e77ee15fb91bc6783b694a7,2024-09,South Wales Police,South Wales Police,-3.155601,51.513081,On or near Pennsylvania,W01001812,Cardiff 017C,Violence and sexual offences,Investigation complete; no suspect identified,
8c2804ae986d1040a1c51f7c8d0000aac61762d76b30f47d5979d328206d3157,2024-09,South Wales Police,South Wales Police,-3.153830,51.517127,On or near Brynfedw,W01001812,Cardiff 017C,Violence and sexual offences,Unable to prosecute suspect,
2c38b5f597bdb9d5621fb43e29e8faacd5e0a4e316cc816140ea712e8602f8e6,2024-09,South Wales Police,South Wales Police,-3.153830,51.517127,On or near Brynfedw,W01001812,Cardiff 017C,Other crime,Unable to prosecute suspect,
,2024-09,South Wales Police,South Wales Police,-3.152461,51.512573,On or near Eastside Quarter,W01001813,Cardiff 017D,Anti-social behaviour,,
,2024-09,South Wales Police,South Wales Police,-3.156447,51.514044,On or near Lincoln Court,W01001813,Cardiff 017D,Anti-social behaviour,,
,2024-09,South Wales Police,South Wales Police,-3.151413,51.513869,On or near Parking Area,W01001813,Cardiff 017D,Anti-social behaviour,,
,2024-09,South Wales Police,South Wales Police,-3.152461,51.512573,On or near Eastside Quarter,W01001813,Cardiff 017D,Anti-social behaviour,,
,2024-09,South Wales Police,South Wales Police,-3.152461,51.512573,On or near Eastside Quarter,W01001813,Cardiff 017D,Anti-social behaviour,,
,2024-09,South Wales Police,South Wales Police,-3.153541,51.513084,On or near Llanedeyrn Drive,W01001813,Cardiff 017D,Anti-social behaviour,,
,2024-09,South Wales Police,South Wales Police,-3.156447,51.514044,On or near Lincoln Court,W01001813,Cardiff 017D,Anti-social behaviour,,
,2024-09,South Wales Police,South Wales Police,-3.151413,51.513869,On or near Parking Area,W01001813,Cardiff 017D,Anti-social behaviour,,
,2024-09,South Wales Police,South Wales Police,-3.151413,51.513869,On or near Parking Area,W01001813,Cardiff 017D,Anti-social behaviour,,
,2024-09,South Wales Police,South Wales Police,-3.152461,51.512573,On or near Eastside Quarter,W01001813,Cardiff 017D,Anti-social behaviour,,
0ce5c93e2f37cc9df303394c3fa4958a417c6a93daad08c0854214c22ea2a704,2024-09,South Wales Police,South Wales Police,-3.151413,51.513869,On or near Parking Area,W01001813,Cardiff 017D,Criminal damage and arson,Local resolution,
2cefe12cd79f379539716df8b7813f9b88f25e5e93684454776bbd8ae336f0e8,2024-09,South Wales Police,South Wales Police,-3.151413,51.513869,On or near Parking Area,W01001813,Cardiff 017D,Criminal damage and arson,Unable to prosecute suspect,
bd348d8b7d03fac3c34bd3c6715c9924584f923e1b738a799d86c52980ecb73a,2024-09,South Wales Police,South Wales Police,-3.151413,51.513869,On or near Parking Area,W01001813,Cardiff 017D,Criminal damage and arson,Unable to prosecute suspect,
ff8975046a8b2e0cad26e9278b4a9aa0e4df5d64f2711307b550382ad9e05ca2,2024-09,South Wales Police,South Wales Police,-3.149500,51.513447,On or near Round Wood,W01001813,Cardiff 017D,Criminal damage and arson,Unable to prosecute suspect,
95a460106709d30bb72fc5ee9e9ffa206e145745cc00e4e503781551254a66c8,2024-09,South Wales Police,South Wales Police,-3.152461,51.512573,On or near Eastside Quarter,W01001813,Cardiff 017D,Public order,Unable to prosecute suspect,
b91ef9987eb40c27169041b2887fe6bc35bf726cafb1f0f835ace566b7ee9c1d,2024-09,South Wales Police,South Wales Police,-3.156447,51.514044,On or near Lincoln Court,W01001813,Cardiff 017D,Public order,Under investigation,
5b443c7e55334b19912a36d41157a24c5802cdccd5f3bcb62df6d97e9d4d7a30,2024-09,South Wales Police,South Wales Police,-3.151413,51.513869,On or near Parking Area,W01001813,Cardiff 017D,Public order,Unable to prosecute suspect,
70729bb11f8f10170cfa1026072e3779713ba6c2140d62248a82810a5d3870e9,2024-09,South Wales Police,South Wales Police,-3.152461,51.512573,On or near Eastside Quarter,W01001813,Cardiff 017D,Public order,Investigation complete; no suspect identified,
79e2b27d8f66bace6c2493a0d02c045d62306f1ecc131413f5fde5ee098fec78,2024-09,South Wales Police,South Wales Police,-3.151413,51.513869,On or near Parking Area,W01001813,Cardiff 017D,Violence and sexual offences,Under investigation,
c250e2e90e8bf870d7b65badda1848103724d6e57a8beaf2cfe8f0ffefba59cd,2024-09,South Wales Police,South Wales Police,-3.152461,51.512573,On or near Eastside Quarter,W01001813,Cardiff 017D,Violence and sexual offences,Under investigation,
eeefc1717e454155d225c7565124a27a694c136496dbd621b0da24234f7ea959,2024-09,South Wales Police,South Wales Police,-3.152461,51.512573,On or near Eastside Quarter,W01001813,Cardiff 017D,Violence and sexual offences,Unable to prosecute suspect,
c406fc292117ad348f89efdc63bff659cc3e37eece57e670c07aed47b0b2f0c9,2024-09,South Wales Police,South Wales Police,-3.156447,51.514044,On or near Lincoln Court,W01001813,Cardiff 017D,Violence and sexual offences,Investigation complete; no suspect identified,
e021cff2a7a01d03b6459d489bb52b1fe358880ae9c0c5cca6b0a4780b295e44,2024-09,South Wales Police,South Wales Police,-3.156447,51.514044,On or near Lincoln Court,W01001813,Cardiff 017D,Violence and sexual offences,Investigation complete; no suspect identified,
0b7136d3f6a722e3d900558d80e3d43dda1867de4090c69f7dc42c329fc6b216,2024-09,South Wales Police,South Wales Police,-3.151413,51.513869,On or near Parking Area,W01001813,Cardiff 017D,Violence and sexual offences,Unable to prosecute suspect,
7f7c0c1553270c43c2291d7e4b0801e13024375c1fa2fdcd55eb6213c00882fe,2024-09,South Wales Police,South Wales Police,-3.156447,51.514044,On or near Lincoln Court,W01001813,Cardiff 017D,Violence and sexual offences,Unable to prosecute suspect,
3ec0cf0e204a165ef3a4144fe7d54bc390115e2ba0eeb30ed724cb7aa0217b06,2024-09,South Wales Police,South Wales Police,-3.156447,51.514044,On or near Lincoln Court,W01001813,Cardiff 017D,Violence and sexual offences,Unable to prosecute suspect,
afd8ddd48f247b3755bb760cbfa58ba663d02c1895382b6da6d3995e3927c396,2024-09,South Wales Police,South Wales Police,-3.153541,51.513084,On or near Llanedeyrn Drive,W01001813,Cardiff 017D,Violence and sexual offences,Awaiting court outcome,
0e3d7ff8fc6a1af0c3626801faee4864592e8e0810601fc5d26f62d2a7eba59e,2024-09,South Wales Police,South Wales Police,-3.156447,51.514044,On or near Lincoln Court,W01001813,Cardiff 017D,Violence and sexual offences,Under investigation,
21ec1f648017cb71d93e799fbd797316e2a8f57b0e290b4a535d7cb6f76e9b00,2024-09,South Wales Police,South Wales Police,-3.150914,51.510637,On or near Chapel Wood,W01001814,Cardiff 017E,Criminal damage and arson,Investigation complete; no suspect identified,
7ca85a95489c0088fbf292cdb33d55d8fcca0329122ac175795847878a832bad,2024-09,South Wales Police,South Wales Police,-3.155123,51.510137,On or near Lee Close,W01001814,Cardiff 017E,Drugs,Awaiting court outcome,
9a132a50766d8c6d6464e6ca0fe3ffe5c56083ac5e710e66aa17e07688751644,2024-09,South Wales Police,South Wales Police,-3.150914,51.510637,On or near Chapel Wood,W01001814,Cardiff 017E,Public order,Unable to prosecute suspect,
10e049adf558d51edcb3ddcb32b0dd545d1ea9b39862b4ded65be77ff5d20be7,2024-09,South Wales Police,South Wales Police,-3.150914,51.510637,On or near Chapel Wood,W01001814,Cardiff 017E,Vehicle crime,Investigation complete; no suspect identified,
9eaf7244d062aaaf58a5ae06b0523c2f55c5d1900ac24cf42733467f46540b1a,2024-09,South Wales Police,South Wales Police,-3.155123,51.510137,On or near Lee Close,W01001814,Cardiff 017E,Vehicle crime,Under investigation,
f335d8c0fd690fc34e4e10515630c3576fe5c5e2e887128de65bf3df747226d9,2024-09,South Wales Police,South Wales Police,-3.150914,51.510637,On or near Chapel Wood,W01001814,Cardiff 017E,Violence and sexual offences,Unable to prosecute suspect,
7321be010ac399cb662cae0bd818d191ea15a978c196e07f5215833009eae8dc,2024-09,South Wales Police,South Wales Police,-3.150914,51.510637,On or near Chapel Wood,W01001814,Cardiff 017E,Violence and sexual offences,Investigation complete; no suspect identified,
,2024-09,South Wales Police,South Wales Police,-3.189481,51.519702,On or near Eton Court,W01001769,Cardiff 018A,Anti-social behaviour,,
d64355300c39073c253faf86c9115971a40ae50e95b31c8631f353d091325933,2024-09,South Wales Police,South Wales Police,-3.182503,51.515727,On or near Heath Park Lane,W01001769,Cardiff 018A,Criminal damage and arson,Under investigation,
90ed810b6319bbe7aa93c9160a56822ecf225433dbe2d77d60ea2d2e48fcae3a,2024-09,South Wales Police,South Wales Police,-3.189481,51.519702,On or near Eton Court,W01001769,Cardiff 018A,Vehicle crime,Investigation complete; no suspect identified,
9e0135565667a69b82f664822d3d21601e77846b843d05ba8ce5ca208f53a710,2024-09,South Wales Police,South Wales Police,-3.187994,51.517398,On or near Cefn Carnau Road,W01001769,Cardiff 018A,Vehicle crime,Investigation complete; no suspect identified,
e76adda3373e7c840b56987e0cd3c01677d292010fb3933a45c0b74321cc637f,2024-09,South Wales Police,South Wales Police,-3.190314,51.515144,On or near Heathwood Road,W01001769,Cardiff 018A,Violence and sexual offences,Investigation complete; no suspect identified,
bee00cdb432850c29158bd90c19734437144fdbd8d69105ae0651f39695ef8a4,2024-09,South Wales Police,South Wales Police,-3.182212,51.513931,On or near Heath Park Avenue,W01001769,Cardiff 018A,Violence and sexual offences,Investigation complete; no suspect identified,
,2024-09,South Wales Police,South Wales Police,-3.189846,51.507155,On or near Hospital,W01001770,Cardiff 018B,Anti-social behaviour,,
,2024-09,South Wales Police,South Wales Police,-3.186399,51.506763,On or near Hospital,W01001770,Cardiff 018B,Anti-social behaviour,,
,2024-09,South Wales Police,South Wales Police,-3.189846,51.507155,On or near Hospital,W01001770,Cardiff 018B,Anti-social behaviour,,
,2024-09,South Wales Police,South Wales Police,-3.189846,51.507155,On or near Hospital,W01001770,Cardiff 018B,Anti-social behaviour,,
,2024-09,South Wales Police,South Wales Police,-3.186399,51.506763,On or near Hospital,W01001770,Cardiff 018B,Anti-social behaviour,,
,2024-09,South Wales Police,South Wales Police,-3.189846,51.507155,On or near Hospital,W01001770,Cardiff 018B,Anti-social behaviour,,
,2024-09,South Wales Police,South Wales Police,-3.189846,51.507155,On or near Hospital,W01001770,Cardiff 018B,Anti-social behaviour,,
63c228cd32310909fd5ace937bcefbcdceea3a3ffb287c758bf95d3a8e2bcdf8,2024-09,South Wales Police,South Wales Police,-3.189846,51.507155,On or near Hospital,W01001770,Cardiff 018B,Bicycle theft,Investigation complete; no suspect identified,
981ee203e04c8bfd90d1b67efdedb8bf882119985015194c1c7f54315acb6278,2024-09,South Wales Police,South Wales Police,-3.190405,51.505944,On or near Y Porth,W01001770,Cardiff 018B,Bicycle theft,Investigation complete; no suspect identified,
53aa45b1f23869d7ba11a7d775e72e0040d961d7d76e97ca3dde9105d8c9d708,2024-09,South Wales Police,South Wales Police,-3.189846,51.507155,On or near Hospital,W01001770,Cardiff 018B,Bicycle theft,Investigation complete; no suspect identified,
0ed9fd2904b791802e0b330e98a392f0eb6bb0764cbe7217d0ac60aef497642d,2024-09,South Wales Police,South Wales Police,-3.186399,51.506763,On or near Hospital,W01001770,Cardiff 018B,Bicycle theft,Investigation complete; no suspect identified,
d1ed1a5db0daa5373ae2499d1eaf120ab0daadd6d4cd8676157672b1e7dcda60,2024-09,South Wales Police,South Wales Police,-3.187586,51.505586,On or near Parking Area,W01001770,Cardiff 018B,Criminal damage and arson,Under investigation,
c6857d55fc15161ae72f73e3557907d9e6a2b68bf98a37507f62c0ae5e967328,2024-09,South Wales Police,South Wales Police,-3.186399,51.506763,On or near Hospital,W01001770,Cardiff 018B,Criminal damage and arson,Under investigation,
55756148d82dd672a30b4a63e6505502da48f1b999d0ac08d5a059ebefc08e18,2024-09,South Wales Police,South Wales Police,-3.186399,51.506763,On or near Hospital,W01001770,Cardiff 018B,Drugs,Offender given a caution,
a4b36a5eeca1b9b5127222d5dbc084769954923da1606aed1bbc5b1bb234b9ea,2024-09,South Wales Police,South Wales Police,-3.189846,51.507155,On or near Hospital,W01001770,Cardiff 018B,Other theft,Under investigation,
ff874a5fe1ada51f0f506ccee460b20a66103ec8c426142f72b955acc4231b3a,2024-09,South Wales Police,South Wales Police,-3.189846,51.507155,On or near Hospital,W01001770,Cardiff 018B,Other theft,Unable to prosecute suspect,
bb02b6fefe79e597dd5845228ad81663e464c6b2178ff700daaa036a101082f6,2024-09,South Wales Police,South Wales Police,-3.189846,51.507155,On or near Hospital,W01001770,Cardiff 018B,Other theft,Investigation complete; no suspect identified,
0e5d87ddf0cbc41cad0254f63b1e43f82ec4afd73a431d9a73dc5822851c6e30,2024-09,South Wales Police,South Wales Police,-3.186399,51.506763,On or near Hospital,W01001770,Cardiff 018B,Other theft,Unable to prosecute suspect,
e90ccaf195ee8c464061a47e564bf080669c595f81e9700a444ba8d5beeb8034,2024-09,South Wales Police,South Wales Police,-3.189846,51.507155,On or near Hospital,W01001770,Cardiff 018B,Other theft,Investigation complete; no suspect identified,
9de2b55e675a1f36ffc4aec2247e6ae9ae5453af561dba1657b027acf2940f94,2024-09,South Wales Police,South Wales Police,-3.186399,51.506763,On or near Hospital,W01001770,Cardiff 018B,Other theft,Investigation complete; no suspect identified,
fdfd02562cd47cf788321e422ad255521dd1ad3aca38e6545fef69ca7d03a15c,2024-09,South Wales Police,South Wales Police,-3.186399,51.506763,On or near Hospital,W01001770,Cardiff 018B,Other theft,Investigation complete; no suspect identified,
59718a057051e653bbde1b7c40b44d48306645a008d8bb49cb5d519fb3b3d79b,2024-09,South Wales Police,South Wales Police,-3.191783,51.507387,On or near Academic Avenue,W01001770,Cardiff 018B,Public order,Unable to prosecute suspect,
0ff834f6b6911a4ade729621e5ca5ce1cf16c0960f92cf6296bdddc537216c9e,2024-09,South Wales Police,South Wales Police,-3.191783,51.507387,On or near Academic Avenue,W01001770,Cardiff 018B,Public order,Under investigation,
47b7607202e66004130e22c1297acfeb9fba58e8437729718010b9b524ced9c9,2024-09,South Wales Police,South Wales Police,-3.186399,51.506763,On or near Hospital,W01001770,Cardiff 018B,Public order,Under investigation,
254bb33cc12295cf792c8c155422228a3080566557252befc4ce825156be398c,2024-09,South Wales Police,South Wales Police,-3.189846,51.507155,On or near Hospital,W01001770,Cardiff 018B,Theft from the person,Unable to prosecute suspect,
9225ed8f6289bc20451e80c8e1b2b8b2577f096fb67a53e47e6e09f1f46d741a,2024-09,South Wales Police,South Wales Police,-3.183850,51.509320,On or near King George V Drive East,W01001770,Cardiff 018B,Vehicle crime,Investigation complete; no suspect identified,
617aef5ace646b1e05e8152f1395b184eb6fc2d25848d3be6d2d5742a91ad857,2024-09,South Wales Police,South Wales Police,-3.183850,51.509320,On or near King George V Drive East,W01001770,Cardiff 018B,Vehicle crime,Unable to prosecute suspect,
e3ab16ebd32a9a4946cacb7e25a3e35ac47d5b51c188b4eb66a9849edcdae985,2024-09,South Wales Police,South Wales Police,-3.192102,51.511340,On or near King George V Drive West,W01001770,Cardiff 018B,Vehicle crime,Investigation complete; no suspect identified,
a0cd5da0d5d918644ad4dc1696faec8cd1f86360003bb305b41ed18830111222,2024-09,South Wales Police,South Wales Police,-3.181847,51.511543,On or near Heath Park Crescent,W01001770,Cardiff 018B,Vehicle crime,Investigation complete; no suspect identified,
78ffa85993c47c1375f928129c160d2511819f4538a2307b539093663ce2b695,2024-09,South Wales Police,South Wales Police,-3.180645,51.512976,On or near Heath Park Drive,W01001770,Cardiff 018B,Vehicle crime,Investigation complete; no suspect identified,
276caee2af03c5be639688024f1c9ed1aab0ebf2900b00db2d4651064ece3b79,2024-09,South Wales Police,South Wales Police,-3.183369,51.504667,On or near Allensbank Road,W01001770,Cardiff 018B,Vehicle crime,Investigation complete; no suspect identified,
cbd62f38c4d888b32a4c236d479d76b2d285fc293598d1730b78d4957563a5bd,2024-09,South Wales Police,South Wales Police,-3.186399,51.506763,On or near Hospital,W01001770,Cardiff 018B,Violence and sexual offences,Investigation complete; no suspect identified,
a2bfd931ecae4254c39b7732938eee033aaf304f8ae6fe7e0e06800c449bad18,2024-09,South Wales Police,South Wales Police,-3.186399,51.506763,On or near Hospital,W01001770,Cardiff 018B,Violence and sexual offences,Unable to prosecute suspect,
ce7548a18b3dc7dd8f255680aa866d54250f874935d2c06b64cf3310655d8f54,2024-09,South Wales Police,South Wales Police,-3.186399,51.506763,On or near Hospital,W01001770,Cardiff 018B,Violence and sexual offences,Unable to prosecute suspect,
4fefaa789cab689e57bd618998874c7647676fe234a9b62754e904c2442fc3b3,2024-09,South Wales Police,South Wales Police,-3.189846,51.507155,On or near Hospital,W01001770,Cardiff 018B,Violence and sexual offences,Unable to prosecute suspect,
38bb8e45e9e5cabaf81c014d5e25aa62c5602b135e4f29556c3e4389b437bb91,2024-09,South Wales Police,South Wales Police,-3.189846,51.507155,On or near Hospital,W01001770,Cardiff 018B,Violence and sexual offences,Under investigation,
70f2ece4678a63d4cef597a80762f7a2327e141548ef99b464bab6cc0227762b,2024-09,South Wales Police,South Wales Police,-3.189846,51.507155,On or near Hospital,W01001770,Cardiff 018B,Violence and sexual offences,Local resolution,
1d6195c3732308077e069464866697ff17a09f34e330150604b956e2924640fa,2024-09,South Wales Police,South Wales Police,-3.181135,51.509653,On or near Heath Mead,W01001770,Cardiff 018B,Violence and sexual offences,Unable to prosecute suspect,
add55b038a5d2219e3cec01f20d2fb4cacb032d5509487e318d82056c0686e41,2024-09,South Wales Police,South Wales Police,-3.183850,51.509320,On or near King George V Drive East,W01001770,Cardiff 018B,Violence and sexual offences,Under investigation,
06104c50026b55e463904b805f29af3aa02a4812074d5258bb336ce9f7c6409f,2024-09,South Wales Police,South Wales Police,-3.186399,51.506763,On or near Hospital,W01001770,Cardiff 018B,Violence and sexual offences,Unable to prosecute suspect,
1e402bd96c3e9bf601f1cd590283f2cd407384b446fd511b199b218c4d6c3bd4,2024-09,South Wales Police,South Wales Police,-3.191783,51.507387,On or near Academic Avenue,W01001770,Cardiff 018B,Violence and sexual offences,Investigation complete; no suspect identified,
a70fd0b0641663cabe8e34d4333a97e6ef6c5ace6d55365c6b10201e8dacc554,2024-09,South Wales Police,South Wales Police,-3.190834,51.505796,On or near Parking Area,W01001770,Cardiff 018B,Violence and sexual offences,Unable to prosecute suspect,
69619ae02159b17cc6877d0318de323b95ca04d66d8702da9102635b259f8c7a,2024-09,South Wales Police,South Wales Police,-3.189846,51.507155,On or near Hospital,W01001770,Cardiff 018B,Violence and sexual offences,Unable to prosecute suspect,
52a9a47afbad5c0e7a31d10be2ecd051896b358d99eb22d827d74dfbf2d44f8e,2024-09,South Wales Police,South Wales Police,-3.192102,51.511340,On or near King George V Drive West,W01001770,Cardiff 018B,Violence and sexual offences,Investigation complete; no suspect identified,
8e55dbecaf0f713a6bb02998242dc1f1c3c4561856ccdfa526dcb8808e1d1e46,2024-09,South Wales Police,South Wales Police,-3.189846,51.507155,On or near Hospital,W01001770,Cardiff 018B,Violence and sexual offences,Awaiting court outcome,
bfdfe52ec2faf66780b665af33ed17d883a6217ef7378c96899e0b7dc869e812,2024-09,South Wales Police,South Wales Police,-3.189846,51.507155,On or near Hospital,W01001770,Cardiff 018B,Violence and sexual offences,Awaiting court outcome,
d315f79df16e5ffd298e97fa3fc74707da6711a868f514181442d478f1af796f,2024-09,South Wales Police,South Wales Police,-3.186399,51.506763,On or near Hospital,W01001770,Cardiff 018B,Violence and sexual offences,Under investigation,
46a9919f1f52734379b6c7df1faf4f67b929b8ab34929835675253e8bdf768d2,2024-09,South Wales Police,South Wales Police,-3.186399,51.506763,On or near Hospital,W01001770,Cardiff 018B,Violence and sexual offences,Under investigation,
f67ddb62335424e215c1ac75f62784567427c6510369c342f6c43074ff859b4b,2024-09,South Wales Police,South Wales Police,-3.189846,51.507155,On or near Hospital,W01001770,Cardiff 018B,Violence and sexual offences,Unable to prosecute suspect,
8a42177e39a50a95be88afb4f795ea4bfe1c60b067c65c9d47abdc55651c5821,2024-09,South Wales Police,South Wales Police,-3.183850,51.509320,On or near King George V Drive East,W01001770,Cardiff 018B,Violence and sexual offences,Investigation complete; no suspect identified,
7d704cfd3bce3e840e7ba1ef280d7c0f49e9bf4dee61941d7399a066f7d13d56,2024-09,South Wales Police,South Wales Police,-3.187586,51.505586,On or near Parking Area,W01001770,Cardiff 018B,Other crime,Under investigation,
3d31dd53fcd94e7f06c54b8817c7e89e25af5eb32d6d5cb010b142d20405b327,2024-09,South Wales Police,South Wales Police,-3.195098,51.516795,On or near St Edwen Gardens,W01001771,Cardiff 018C,Burglary,Investigation complete; no suspect identified,
1c449ad31b0af6d8a2f59d6d355ea18bde7de01793c8209a5305e6428b369e47,2024-09,South Wales Police,South Wales Police,-3.198471,51.512966,On or near Tair Erw Road,W01001774,Cardiff 018D,Shoplifting,Suspect charged as part of another case,
5d06b8e7e60360fabc4cbe067b3f2367e36895590a962de3f4c97543c1d54ab8,2024-09,South Wales Police,South Wales Police,-3.171569,51.514766,On or near Carnegie Drive,W01001732,Cardiff 019A,Shoplifting,Investigation complete; no suspect identified,
a9440e3184de43c49b9d971a36eb0aa6f5425202d2294dad229948ac81b9a59c,2024-09,South Wales Police,South Wales Police,-3.171569,51.514766,On or near Carnegie Drive,W01001732,Cardiff 019A,Shoplifting,Investigation complete; no suspect identified,
a83ab0468c1ef11657a2752c6c106db9ad20cc2b62cc9063eb61aba7619a0f4a,2024-09,South Wales Police,South Wales Police,-3.171569,51.514766,On or near Carnegie Drive,W01001732,Cardiff 019A,Shoplifting,Formal action is not in the public interest,
7210e60401940ce259392a9704ea099a9f061dcce567a7d6b368691bd289e2b6,2024-09,South Wales Police,South Wales Police,-3.171569,51.514766,On or near Carnegie Drive,W01001732,Cardiff 019A,Shoplifting,Investigation complete; no suspect identified,
ad9bf1a464a4c16bf578861926d9e62d923496b624943f74d5bf724388dc6191,2024-09,South Wales Police,South Wales Police,-3.178741,51.518471,On or near Duffryn Close,W01001732,Cardiff 019A,Vehicle crime,Investigation complete; no suspect identified,
f467892ed87676fbea30b04fa6cbe5e3092c8de1a3c5332bea4b94546f808720,2024-09,South Wales Police,South Wales Police,-3.172347,51.520927,On or near Nant-Fawr Road,W01001732,Cardiff 019A,Vehicle crime,Investigation complete; no suspect identified,
b504b2e52a7ef6ec41f823628c7fc8fe67456820b1bb4fdd5e85674b494b8760,2024-09,South Wales Police,South Wales Police,-3.177362,51.519771,On or near Park End Court,W01001732,Cardiff 019A,Violence and sexual offences,Unable to prosecute suspect,
,2024-09,South Wales Police,South Wales Police,-3.162857,51.517865,On or near Werngoch Road,W01001733,Cardiff 019B,Anti-social behaviour,,
991afcd1affccb66410626e949c2e569febf5436c57556d44fc07a26eef3a9ed,2024-09,South Wales Police,South Wales Police,-3.170643,51.514065,On or near Clear Water Way,W01001733,Cardiff 019B,Criminal damage and arson,Investigation complete; no suspect identified,
d9456563f85967025dae9afefd037e9edaee3dfb513958cfd07aaf32ef432d11,2024-09,South Wales Police,South Wales Police,-3.161680,51.510117,On or near Further/Higher Educational Building,W01001733,Cardiff 019B,Public order,Investigation complete; no suspect identified,
7defa80d0fcd98f44c688179829585b8f8d930eee3e4fdc37c18a04ea098d058,2024-09,South Wales Police,South Wales Police,-3.170229,51.515328,On or near Celyn Avenue,W01001733,Cardiff 019B,Shoplifting,Investigation complete; no suspect identified,
29018b384fd7dc05d865fd44fe52ceb5fa8d4281b0376e4ed546ab49480693ac,2024-09,South Wales Police,South Wales Police,-3.170229,51.515328,On or near Celyn Avenue,W01001733,Cardiff 019B,Shoplifting,Unable to prosecute suspect,
222d7f2567b08d7cb92c9bd29a5123a4e411a43922c229a70f340dc23c3084bb,2024-09,South Wales Police,South Wales Police,-3.167404,51.517604,On or near Pennant Crescent,W01001733,Cardiff 019B,Violence and sexual offences,Under investigation,
6149f20d3880fd940f5ae4ce8252d1699f163b62ccd0494d5dffbfa8b3e0ba33,2024-09,South Wales Police,South Wales Police,-3.170229,51.515328,On or near Celyn Avenue,W01001733,Cardiff 019B,Violence and sexual offences,Investigation complete; no suspect identified,
e45dd1c9fa35d6a616b1088964e74cdabc45b5f7c0516d0b48d7e4f422d3c472,2024-09,South Wales Police,South Wales Police,-3.172701,51.515645,On or near Leven Close,W01001734,Cardiff 019C,Violence and sexual offences,Under investigation,
,2024-09,South Wales Police,South Wales Police,-3.177092,51.505395,On or near Keswick Avenue,W01001735,Cardiff 019D,Anti-social behaviour,,
8c0847134953fd559379adc1f8b0fc71f6d9cff068d06aa55496d2325b5eada7,2024-09,South Wales Police,South Wales Police,-3.176749,51.503843,On or near Ambleside Avenue,W01001735,Cardiff 019D,Burglary,Investigation complete; no suspect identified,
d6dae7aed3b8a0e9d7773e3d2c922786a52b4bf37c35a238015dcc960a785ff2,2024-09,South Wales Police,South Wales Police,-3.176749,51.503843,On or near Ambleside Avenue,W01001735,Cardiff 019D,Burglary,Investigation complete; no suspect identified,
2d1bd2daffc61d2ef1a0788be96f64645f62917d8fb589c342645e80b42abb5d,2024-09,South Wales Police,South Wales Police,-3.176749,51.503843,On or near Ambleside Avenue,W01001735,Cardiff 019D,Burglary,Investigation complete; no suspect identified,
f3f40ccb036e4ab65ce171b13a6d260315fe3f94fe44355ab3e18e4a5b0b99f5,2024-09,South Wales Police,South Wales Police,-3.177096,51.506124,On or near Ullswater Avenue,W01001735,Cardiff 019D,Violence and sexual offences,Investigation complete; no suspect identified,
,2024-09,South Wales Police,South Wales Police,-3.224132,51.511181,On or near Church Road,W01001887,Cardiff 020A,Anti-social behaviour,,
2e95b06c5a1c6dbd820ca3044a2c1b20dd00d54faa9984e238f572f129038108,2024-09,South Wales Police,South Wales Police,-3.228007,51.515385,On or near Velindre Place,W01001887,Cardiff 020A,Burglary,Investigation complete; no suspect identified,
078b02b673433bd11f8604ab9c44c8b9d7b2f210e6ea70703da78d2aeb972c1e,2024-09,South Wales Police,South Wales Police,-3.230274,51.510209,On or near The Avenue,W01001887,Cardiff 020A,Vehicle crime,Investigation complete; no suspect identified,
7736f5814289073576c7b28f4ef1cb412a2372fb2b70ea4caa0f4764403c1c52,2024-09,South Wales Police,South Wales Police,-3.226306,51.513784,On or near Cambourne Avenue,W01001887,Cardiff 020A,Violence and sexual offences,Awaiting court outcome,
a94d82e0f292ce900b2d931abb22103986ceced30cc62a730bdc95d5f46e0f48,2024-09,South Wales Police,South Wales Police,-3.223524,51.508895,On or near Bishops Close,W01001887,Cardiff 020A,Violence and sexual offences,Unable to prosecute suspect,
93a2aa83e5040db0b8b8f991a2657b6a7379ed09dc06d6bc32e68818d89233d5,2024-09,South Wales Police,South Wales Police,-3.231785,51.510130,On or near Kingsland Road,W01001887,Cardiff 020A,Violence and sexual offences,Under investigation,
15b3f91dbb2a9d0a86ff9f8f66da84132de65cb5291f67aef7a5413faff13674,2024-09,South Wales Police,South Wales Police,-3.226306,51.513784,On or near Cambourne Avenue,W01001887,Cardiff 020A,Violence and sexual offences,Awaiting court outcome,
,2024-09,South Wales Police,South Wales Police,-3.218040,51.513234,On or near Sports/Recreation Area,W01001889,Cardiff 020B,Anti-social behaviour,,
7df4f0689bacc1a56b0d77ee56d14e2cd55bfbde9a6252a40ad567278078c450,2024-09,South Wales Police,South Wales Police,-3.217509,51.514092,On or near Glan-Y-Nant Road,W01001889,Cardiff 020B,Criminal damage and arson,Unable to prosecute suspect,
bc2fedb3c6401979ab9fa7d398a8569243c62651153f1f32fe5f2c18c4e38db2,2024-09,South Wales Police,South Wales Police,-3.216963,51.512515,On or near Glandwr Place,W01001889,Cardiff 020B,Theft from the person,Investigation complete; no suspect identified,
3b899d6e01c26aa575573cf8732c34a01add107a931fc1032c03cce3ce24f201,2024-09,South Wales Police,South Wales Police,-3.218876,51.514545,On or near Davis'S Terrace,W01001889,Cardiff 020B,Vehicle crime,Investigation complete; no suspect identified,
73a09f5e7c7c08feb03186aea043f32a09bc0b8ee059d1dc99db8b785b999554,2024-09,South Wales Police,South Wales Police,-3.217509,51.514092,On or near Glan-Y-Nant Road,W01001889,Cardiff 020B,Violence and sexual offences,Under investigation,
a5262f8d9465c5541bad584995ff706a1cbf94e097d59c6fe63189dda5120fc0,2024-09,South Wales Police,South Wales Police,-3.216963,51.512515,On or near Glandwr Place,W01001889,Cardiff 020B,Violence and sexual offences,Unable to prosecute suspect,
e05077b6e23fbb912008804cf4ff21625b7637acb8cdcd6b40dbbff195b16cbd,2024-09,South Wales Police,South Wales Police,-3.218234,51.515343,On or near Glan-Y-Nant Terrace,W01001889,Cardiff 020B,Violence and sexual offences,Unable to prosecute suspect,
97ffad88484244136358f7ae3ef0b7a5c662172c4d4d33184a85ccccd5421482,2024-09,South Wales Police,South Wales Police,-3.218232,51.512564,On or near Parking Area,W01001889,Cardiff 020B,Violence and sexual offences,Unable to prosecute suspect,
ddc01d84c422d2585201a2819580edd0ce70f2a2a2ceda234736753df86ac2ea,2024-09,South Wales Police,South Wales Police,-3.213422,51.510528,On or near Plas Treoda,W01001889,Cardiff 020B,Violence and sexual offences,Investigation complete; no suspect identified,
,2024-09,South Wales Police,South Wales Police,-3.225980,51.509157,On or near Bishops Court,W01001891,Cardiff 020C,Anti-social behaviour,,
,2024-09,South Wales Police,South Wales Police,-3.215004,51.509837,On or near College Close,W01001891,Cardiff 020C,Anti-social behaviour,,
,2024-09,South Wales Police,South Wales Police,-3.219000,51.512161,On or near Supermarket,W01001891,Cardiff 020C,Anti-social behaviour,,
48dfe2c75862cf64a3ed78bf8d6dc4af2db9acceb0173d6a6d524a9eea4e4647,2024-09,South Wales Police,South Wales Police,-3.219000,51.512161,On or near Supermarket,W01001891,Cardiff 020C,Burglary,Investigation complete; no suspect identified,
cd2339f875c9324810598cae015fa236f6d1ce9cf64526109f90457f7796d4f3,2024-09,South Wales Police,South Wales Police,-3.215650,51.509210,On or near Ffordd Celyn,W01001891,Cardiff 020C,Criminal damage and arson,Unable to prosecute suspect,
922418efd92b569022d2a45172fb4296dd600ccdacefa69bc7a44e67c02e6527,2024-09,South Wales Police,South Wales Police,-3.218952,51.508223,On or near Maes Glas,W01001891,Cardiff 020C,Criminal damage and arson,Investigation complete; no suspect identified,
87f58c2a9f7a6098473caf9e844db082e6f4f1e5f313f7e27bf4cd0885abec0a,2024-09,South Wales Police,South Wales Police,-3.219329,51.507221,On or near Little Mill,W01001891,Cardiff 020C,Criminal damage and arson,Unable to prosecute suspect,
8dcf25e67a5936b33815326df92e6861fee80a366204a8e286ea9a70dc631d08,2024-09,South Wales Police,South Wales Police,-3.219329,51.507221,On or near Little Mill,W01001891,Cardiff 020C,Criminal damage and arson,Unable to prosecute suspect,
dd4b204e982022e07d5730517fe9bfab7e2aa4652eefc372f957b9d213708c2b,2024-09,South Wales Police,South Wales Police,-3.218812,51.513763,On or near Rialto Court,W01001891,Cardiff 020C,Public order,Unable to prosecute suspect,
a4723e8d11343691c625d7d35ed9da940e78b5c43ebc6fbc265f1ff46f2e5aac,2024-09,South Wales Police,South Wales Police,-3.218812,51.513763,On or near Rialto Court,W01001891,Cardiff 020C,Public order,Local resolution,
1ce82d05d3b468418651166f6adfc33884796b0efd62e6c3b2b2d9f00b9ca69b,2024-09,South Wales Police,South Wales Police,-3.219000,51.512161,On or near Supermarket,W01001891,Cardiff 020C,Shoplifting,Investigation complete; no suspect identified,
4286469af15fcd8c5e3617b477edce2f5801c11b88986a3dbe991bc0a175b0bd,2024-09,South Wales Police,South Wales Police,-3.219000,51.512161,On or near Supermarket,W01001891,Cardiff 020C,Shoplifting,Under investigation,
95d9015e81dcf2df0212c59c47d8207d38579da24bf1a3631f3d6232d32a2293,2024-09,South Wales Police,South Wales Police,-3.219000,51.512161,On or near Supermarket,W01001891,Cardiff 020C,Shoplifting,Investigation complete; no suspect identified,
da186cbe5821d112fcf6d3d0243e7e77e945d4bc4476474495589a91c71afc8c,2024-09,South Wales Police,South Wales Police,-3.219000,51.512161,On or near Supermarket,W01001891,Cardiff 020C,Shoplifting,Under investigation,
406765cf1ebcc96df7633389bce55fb1563b4dd41a15331a941dd3ba8293d0fb,2024-09,South Wales Police,South Wales Police,-3.219000,51.512161,On or near Supermarket,W01001891,Cardiff 020C,Shoplifting,Investigation complete; no suspect identified,
5f5be6a32e82bcef69553f1c0aa8a3700b14d1ddd4bc207f3ab9785510667e54,2024-09,South Wales Police,South Wales Police,-3.219000,51.512161,On or near Supermarket,W01001891,Cardiff 020C,Shoplifting,Investigation complete; no suspect identified,
ab4cad81369e089edc1cf1e4259752bbac886256cb4618d1de43a9a15ce846fa,2024-09,South Wales Police,South Wales Police,-3.219000,51.512161,On or near Supermarket,W01001891,Cardiff 020C,Shoplifting,Awaiting court outcome,
dfb364b6da3c28793967601c57956fda631086247fe163ee0d539645f6a3e7fc,2024-09,South Wales Police,South Wales Police,-3.219000,51.512161,On or near Supermarket,W01001891,Cardiff 020C,Shoplifting,Under investigation,
5e3ff3be1ec07955d3b52686eaa4e26978512f63e4d9e924dc44027ab3c9a9ff,2024-09,South Wales Police,South Wales Police,-3.219000,51.512161,On or near Supermarket,W01001891,Cardiff 020C,Shoplifting,Under investigation,
c6c56244404f26d22f8550b5dce7cf39df27988afd6fa22b0f374048e6658233,2024-09,South Wales Police,South Wales Police,-3.219000,51.512161,On or near Supermarket,W01001891,Cardiff 020C,Shoplifting,Investigation complete; no suspect identified,
e62dcacc8c5f6a97c00fe9c04c4cac39612a354fcd14e6b6860b68ca4036a2c6,2024-09,South Wales Police,South Wales Police,-3.219000,51.512161,On or near Supermarket,W01001891,Cardiff 020C,Shoplifting,Investigation complete; no suspect identified,
e52c31440127b7af9e7619a5ae027e44d9f89c2dbcdc6faf85ffc842a5279aaf,2024-09,South Wales Police,South Wales Police,-3.225980,51.509157,On or near Bishops Court,W01001891,Cardiff 020C,Vehicle crime,Investigation complete; no suspect identified,
e52f5bde4813090298855ecdfb634712a5f7678eda7bfde33b6d40740acf23ee,2024-09,South Wales Police,South Wales Police,-3.209326,51.508745,On or near Heol Madoc,W01001892,Cardiff 020D,Drugs,Under investigation,
a2c6ab5434342ff43c7b4e129630284deaa1ff342f5bf94adf0325758a0632db,2024-09,South Wales Police,South Wales Police,-3.207937,51.507995,On or near Heol Y Gors,W01001892,Cardiff 020D,Vehicle crime,Investigation complete; no suspect identified,
82d4bd11e799ee80412b249082d5ead17ad0341844e09f2a1f005ac9abe3df17,2024-09,South Wales Police,South Wales Police,-3.213774,51.508034,On or near Heol-Y-Waun,W01001892,Cardiff 020D,Violence and sexual offences,Investigation complete; no suspect identified,
1852daec26cd6296247fa4e016860c97e70f7bc37cd1b92824f5442f49e9186a,2024-09,South Wales Police,South Wales Police,-3.207250,51.508704,On or near Cradoc Road,W01001892,Cardiff 020D,Violence and sexual offences,Unable to prosecute suspect,
7937d2dc6f2c7536f41e9628188ee2c5a891cbb192cc456be8886f78766770a0,2024-09,South Wales Police,South Wales Police,-3.222214,51.517046,On or near Foreland Road,W01001896,Cardiff 020E,Burglary,Investigation complete; no suspect identified,
d3f440e3b4e1a7b3f23c4b41664d6d87a4df0f1d70a632217a88a3d6a62274cf,2024-09,South Wales Police,South Wales Police,-3.220335,51.514152,On or near Parking Area,W01001896,Cardiff 020E,Other theft,Investigation complete; no suspect identified,
d88b472263497a33225f31051553c6ff530ddff2a7ef1d9ad143e4d81bc16250,2024-09,South Wales Police,South Wales Police,-3.222393,51.518321,On or near St Margaret'S Place,W01001896,Cardiff 020E,Vehicle crime,Investigation complete; no suspect identified,
1f55241162b4ea93dbe6e61ba87638c69d7c8ab3f7ee19b4b22af46851398fbe,2024-09,South Wales Police,South Wales Police,-3.223227,51.513412,On or near Sports/Recreation Area,W01001896,Cardiff 020E,Violence and sexual offences,Under investigation,
a9300de56750ded3b148223301df0aa7da12affd4df03be0b9a32a33decbd71a,2024-09,South Wales Police,South Wales Police,-3.206088,51.512717,On or near Keynsham Road,W01001772,Cardiff 021A,Other theft,Investigation complete; no suspect identified,
1f96eaaa44e587b85d1d4ed06a99c004f238fb12713b7b5d73b6a34122db59af,2024-09,South Wales Police,South Wales Police,-3.215727,51.516970,On or near Petrol Station,W01001772,Cardiff 021A,Other theft,Investigation complete; no suspect identified,
e01b2686443c7ff8b6aa4879f102ac6d4ca8a301d57534776dc145a0cd56a6b1,2024-09,South Wales Police,South Wales Police,-3.215727,51.516970,On or near Petrol Station,W01001772,Cardiff 021A,Possession of weapons,Unable to prosecute suspect,
dea3820a87683e59f2ae740f7ccbd95b35228027d38959b315ef5c63afaf6777,2024-09,South Wales Police,South Wales Police,-3.211204,51.515425,On or near Heol Ifor,W01001772,Cardiff 021A,Public order,Investigation complete; no suspect identified,
d52665bece5d63e3cb8348e82ea16956551e8b0f0d4c075dbe3f31182eab5cd8,2024-09,South Wales Police,South Wales Police,-3.215727,51.516970,On or near Petrol Station,W01001772,Cardiff 021A,Shoplifting,Awaiting court outcome,
6cc127ac7fff6bbdab35f8bca898a16fc6bfd65640c8593f1db26abbeb2b47de,2024-09,South Wales Police,South Wales Police,-3.203535,51.513741,On or near Brookside Close,W01001775,Cardiff 021B,Burglary,Investigation complete; no suspect identified,
22b4db048c59df89f10386f4406513e8be0a18f93475111642f77064c59802de,2024-09,South Wales Police,South Wales Police,-3.202580,51.509201,On or near Nant Y Fedw,W01001775,Cardiff 021B,Criminal damage and arson,Investigation complete; no suspect identified,
c900fc8ce1cf67b0e5cba0f9c70b3f9b8af5108fa1c9d2a597174905c940f651,2024-09,South Wales Police,South Wales Police,-3.203535,51.513741,On or near Brookside Close,W01001775,Cardiff 021B,Criminal damage and arson,Unable to prosecute suspect,
969946a15cc62489d17b1c2b1d727c7841ee805d5c9e74f06f3eb777340b0bfe,2024-09,South Wales Police,South Wales Police,-3.202580,51.509201,On or near Nant Y Fedw,W01001775,Cardiff 021B,Drugs,Formal action is not in the public interest,
623deccb0d0f94f126626a4c1477cb408fae5d0a22260f4ce6fde1f62658fe5a,2024-09,South Wales Police,South Wales Police,-3.203535,51.513741,On or near Brookside Close,W01001775,Cardiff 021B,Public order,Investigation complete; no suspect identified,
199a027db06b47655433ae2acbbb03185a6d27dc96759f97ead44292a16dd3a7,2024-09,South Wales Police,South Wales Police,-3.200369,51.515006,On or near Caerphilly Road,W01001775,Cardiff 021B,Vehicle crime,Investigation complete; no suspect identified,
4a4727b23a87543c5d6e1fc5cc5584b03421a5a35ebe6149816091c41160cf00,2024-09,South Wales Police,South Wales Police,-3.202311,51.510481,On or near Birchgrove Road,W01001775,Cardiff 021B,Violence and sexual offences,Unable to prosecute suspect,
07650c9d5da29f4223ae588fc382ba5bed9234ea097500a3879b090af9c691f1,2024-09,South Wales Police,South Wales Police,-3.202311,51.510481,On or near Birchgrove Road,W01001775,Cardiff 021B,Violence and sexual offences,Unable to prosecute suspect,
7ec43551755e73a1e7e2002073808ad8d928c3b55183c262ee759dcdc0803a2d,2024-09,South Wales Police,South Wales Police,-3.203535,51.513741,On or near Brookside Close,W01001775,Cardiff 021B,Violence and sexual offences,Investigation complete; no suspect identified,
312a186bef71aa8f639dffc5da0240876f689204607a6f3a46f1092f695ff2cb,2024-09,South Wales Police,South Wales Police,-3.202311,51.510481,On or near Birchgrove Road,W01001775,Cardiff 021B,Violence and sexual offences,Unable to prosecute suspect,
da842d7a13aafd98b9033dd4fcbf01a2644e2a8464879680dd40edad05fe8a91,2024-09,South Wales Police,South Wales Police,-3.201041,51.512058,On or near Coronation Road,W01001775,Cardiff 021B,Violence and sexual offences,Unable to prosecute suspect,
33cfc024bc065c8ed7baa70554264a5a0517a7f3f3d52aafc3c5a3cdfc9e8919,2024-09,South Wales Police,South Wales Police,-3.201041,51.512058,On or near Coronation Road,W01001775,Cardiff 021B,Other crime,Investigation complete; no suspect identified,
,2024-09,South Wales Police,South Wales Police,-3.196482,51.509102,On or near St Agatha Road,W01001776,Cardiff 021C,Anti-social behaviour,,
,2024-09,South Wales Police,South Wales Police,-3.196482,51.509102,On or near St Agatha Road,W01001776,Cardiff 021C,Anti-social behaviour,,
e6d150dd13111d80b03e7594e0336a64e59bb8603cabb0df8fe298458769661b,2024-09,South Wales Police,South Wales Police,-3.194680,51.507987,On or near St Angela Road,W01001776,Cardiff 021C,Violence and sexual offences,Unable to prosecute suspect,
4917141d66ce0988681e5ce0be2a69c7a618dcf4dce3f328ae57d1c4020cf0d7,2024-09,South Wales Police,South Wales Police,-3.198684,51.506265,On or near Rosemount Place,W01001776,Cardiff 021C,Violence and sexual offences,Unable to prosecute suspect,
,2024-09,South Wales Police,South Wales Police,-3.200898,51.506602,On or near Kenfig Road,W01001890,Cardiff 021D,Anti-social behaviour,,
4e4bf12253b1fb379e97ef918bf997e6dceefb92691b06537fe3f887652b37cb,2024-09,South Wales Police,South Wales Police,-3.204244,51.508914,On or near Violet Place,W01001890,Cardiff 021D,Criminal damage and arson,Investigation complete; no suspect identified,
2f41800f45a903db9ef8f39437e254183971d7723b96eefa85b04d5f47e5b036,2024-09,South Wales Police,South Wales Police,-3.200898,51.506602,On or near Kenfig Road,W01001890,Cardiff 021D,Criminal damage and arson,Investigation complete; no suspect identified,
0f4707005ad61ccd67f1ec8e7550e8d86f1cb07fdc5e88cef3727502c1c4b9db,2024-09,South Wales Police,South Wales Police,-3.204244,51.508914,On or near Violet Place,W01001890,Cardiff 021D,Criminal damage and arson,Investigation complete; no suspect identified,
9da365364c5b2bdfa954990386477362579917c5f06696dfe2724afed4c01170,2024-09,South Wales Police,South Wales Police,-3.205111,51.508995,On or near Wauntreoda Road,W01001890,Cardiff 021D,Other theft,Investigation complete; no suspect identified,
22c39d8c2be38b58e689e178409d4cc0038e5ffb3c3ce7ceb26927d125cdd2c5,2024-09,South Wales Police,South Wales Police,-3.202297,51.507774,On or near Twyn-Y-Fedwen,W01001890,Cardiff 021D,Public order,Under investigation,
8e141a601a507e69a308652984fd8c31ddf81ef5f1927a4134de6faaba98fc81,2024-09,South Wales Police,South Wales Police,-3.206161,51.509479,On or near The Philog,W01001890,Cardiff 021D,Vehicle crime,Investigation complete; no suspect identified,
495da19d09e127ee9b74378c5750fac30a5c8a65b17423445a66e083c11d3804,2024-09,South Wales Police,South Wales Police,-3.123502,51.501093,On or near Lamby Way Workshops,W01001863,Cardiff 022A,Burglary,Investigation complete; no suspect identified,
915ff1871a7adc82d7d36d91a11a5c8a90fa21711ef512d4bf27471ed1c4960b,2024-09,South Wales Police,South Wales Police,-3.122649,51.504491,On or near Wentloog Road,W01001863,Cardiff 022A,Other theft,Unable to prosecute suspect,
4e793e759722d7bb4681a7b6ae4e5342a66b3a0715eb3be1f43897a23d11cdb6,2024-09,South Wales Police,South Wales Police,-3.125626,51.503698,On or near Downton Road,W01001863,Cardiff 022A,Vehicle crime,Investigation complete; no suspect identified,
73dac76514bc73e1d42489795841a881d68b3d76a286f0e76af3240532c36963,2024-09,South Wales Police,South Wales Police,-3.123502,51.501093,On or near Lamby Way Workshops,W01001863,Cardiff 022A,Vehicle crime,Investigation complete; no suspect identified,
4d1967120b07c09cf423db42661f090316da2e38023757f7fac9bdd149102205,2024-09,South Wales Police,South Wales Police,-3.122090,51.502877,On or near Trederlech Newydd,W01001863,Cardiff 022A,Violence and sexual offences,Unable to prosecute suspect,
045ec2b48c5880c546bda8887199719e4c70aa284ba0fcdb72be6983a29d811c,2024-09,South Wales Police,South Wales Police,-3.128112,51.504007,On or near Brachdy Road,W01001863,Cardiff 022A,Violence and sexual offences,Under investigation,
,2024-09,South Wales Police,South Wales Police,-3.132443,51.506105,On or near Whitehall Place,W01001864,Cardiff 022B,Anti-social behaviour,,
802623822469f0b4828b6439c683843b2cbe23bb8f35f78417bb3cbea72d3e96,2024-09,South Wales Police,South Wales Police,-3.132443,51.506105,On or near Whitehall Place,W01001864,Cardiff 022B,Criminal damage and arson,Investigation complete; no suspect identified,
5d9ded283c11115cf2a811cb4fddd06787de333b1ab32b663135b8ba333f254b,2024-09,South Wales Police,South Wales Police,-3.129480,51.508076,On or near Ty-Fry Avenue,W01001864,Cardiff 022B,Other theft,Unable to prosecute suspect,
8e3f920afe39e49bd11436d6f1eeda3b2fc3e8a8a012abb5abbbca8a6f44402a,2024-09,South Wales Police,South Wales Police,-3.132476,51.507426,On or near Whitehall Avenue,W01001864,Cardiff 022B,Violence and sexual offences,Investigation complete; no suspect identified,
5a68b3e01fa447a22e9424a1516749b75fb3bc9fc98d21b60af7605d44039882,2024-09,South Wales Police,South Wales Police,-3.126977,51.511742,On or near Newport Road,W01001864,Cardiff 022B,Other crime,Unable to prosecute suspect,
,2024-09,South Wales Police,South Wales Police,-3.128967,51.501301,On or near Brachdy Close,W01001865,Cardiff 022C,Anti-social behaviour,,
735b9976ad4603259d8bd9545fcf7c9a949fdac4961513bcefb4b3651505de23,2024-09,South Wales Police,South Wales Police,-3.135259,51.502886,On or near Uplands Road,W01001865,Cardiff 022C,Criminal damage and arson,Investigation complete; no suspect identified,
b5bef9fe67061f338c05ef1cf3c299a285b9eee0bae1d9cb847b69e75563585f,2024-09,South Wales Police,South Wales Police,-3.127424,51.501837,On or near Primrose Close,W01001865,Cardiff 022C,Shoplifting,Investigation complete; no suspect identified,
308eb14106e2acd5e1b7c69573f1d4362ad1ea39cdee690b45b85e4c7be847e0,2024-09,South Wales Police,South Wales Police,-3.127424,51.501837,On or near Primrose Close,W01001865,Cardiff 022C,Shoplifting,Investigation complete; no suspect identified,
7b7f18f120978cfb5c8044b9ae9766bffcf7aec8c2c5d940db6ebaf28434231d,2024-09,South Wales Police,South Wales Police,-3.127424,51.501837,On or near Primrose Close,W01001865,Cardiff 022C,Shoplifting,Investigation complete; no suspect identified,
55efbc80de72ab21d8a532d81a88418a0809ba34d6f163bc9894ae3736e4df96,2024-09,South Wales Police,South Wales Police,-3.126402,51.497774,On or near Lamby Way,W01001865,Cardiff 022C,Vehicle crime,Investigation complete; no suspect identified,
bd91f32075664db9ff568a8995194fe1e27f0ebbc23f67acba2eea705dff3268,2024-09,South Wales Police,South Wales Police,-3.137204,51.501140,On or near Dowlands Way,W01001865,Cardiff 022C,Violence and sexual offences,Unable to prosecute suspect,
d04bd83698ab3828a1623e56d17547bc2466ecca331e1fa50a003ad9c959712d,2024-09,South Wales Police,South Wales Police,-3.137204,51.501140,On or near Dowlands Way,W01001865,Cardiff 022C,Violence and sexual offences,Unable to prosecute suspect,
a60b34162e96a8bc9baf713fb81da6cda68d14eed2de1996be6dcd7cafdd0ddc,2024-09,South Wales Police,South Wales Police,-3.137204,51.501140,On or near Dowlands Way,W01001865,Cardiff 022C,Violence and sexual offences,Unable to prosecute suspect,
864581a2b85c295d6cf63bbb778e714bfab0e851a92d979583dbfb523f5386c1,2024-09,South Wales Police,South Wales Police,-3.137204,51.501140,On or near Dowlands Way,W01001865,Cardiff 022C,Violence and sexual offences,Unable to prosecute suspect,
f685e323f537312819c50ea10022dfb73878d2628ce7a22a50e9eb77e9fe5743,2024-09,South Wales Police,South Wales Police,-3.125389,51.512188,On or near Maxwell Road,W01001868,Cardiff 022D,Criminal damage and arson,Further investigation is not in the public interest,
9fc6853d4f688ed42c78257f41df16f801ff388b628ef152cdce061d2e36b678,2024-09,South Wales Police,South Wales Police,-3.122533,51.510345,On or near Llangwm Place,W01001868,Cardiff 022D,Criminal damage and arson,Unable to prosecute suspect,
bf607c7e68e48010d6968d5c861cf55263c98949e969043769ef031c6c8293bf,2024-09,South Wales Police,South Wales Police,-3.122488,51.512018,On or near Nevin Crescent,W01001868,Cardiff 022D,Other theft,Investigation complete; no suspect identified,
59e63926afcea4fe3f15d2bfad03fe1687ef3913929981d895ea3e33fa75ea6e,2024-09,South Wales Police,South Wales Police,-3.122207,51.506464,On or near Langland Road,W01001868,Cardiff 022D,Public order,Investigation complete; no suspect identified,
fdfdcf847e9715542367cb0aa6df1f54c1fda87e16211ecbb56623cd9433e199,2024-09,South Wales Police,South Wales Police,-3.122045,51.507482,On or near Laugharne Road,W01001868,Cardiff 022D,Violence and sexual offences,Unable to prosecute suspect,
5e1a4df8b56733de3e024e8fc1d94f223666994b8624be30f787ce7f1dfb3ee1,2024-09,South Wales Police,South Wales Police,-3.123378,51.512459,On or near Manorbier Crescent,W01001868,Cardiff 022D,Violence and sexual offences,Further investigation is not in the public interest,
6bca6a48f860a2c2583f3efaf512832156c7ae265b59bd0fb52d8ebee57c2e45,2024-09,South Wales Police,South Wales Police,-3.123378,51.512459,On or near Manorbier Crescent,W01001868,Cardiff 022D,Violence and sexual offences,Under investigation,
e564c6af2ddaaa79e5ed07c2e123f994bb646a87e1f069bc3c299e625e3b9520,2024-09,South Wales Police,South Wales Police,-3.123378,51.512459,On or near Manorbier Crescent,W01001868,Cardiff 022D,Violence and sexual offences,Unable to prosecute suspect,
3aae86d343d26b2767d442cbcb0233411db0e72891323e443b5bb2dc37d218a1,2024-09,South Wales Police,South Wales Police,-3.123378,51.512459,On or near Manorbier Crescent,W01001868,Cardiff 022D,Violence and sexual offences,Unable to prosecute suspect,
d03d994f776efa641303f6fdaa5817916df87443cae985eb491bae76cb0af2aa,2024-09,South Wales Police,South Wales Police,-3.122781,51.507538,On or near Laugharne Avenue,W01001868,Cardiff 022D,Violence and sexual offences,Unable to prosecute suspect,
6e1e403c478069df6908dedddb6e708c13035b4bbf8b5fee5e47755f00fcc369,2024-09,South Wales Police,South Wales Police,-3.123378,51.512459,On or near Manorbier Crescent,W01001868,Cardiff 022D,Violence and sexual offences,Unable to prosecute suspect,
,2024-09,South Wales Police,South Wales Police,-3.219166,51.503293,On or near Boncath Road,W01001785,Cardiff 023A,Anti-social behaviour,,
,2024-09,South Wales Police,South Wales Police,-3.215427,51.504618,On or near Clos Meifod,W01001785,Cardiff 023A,Anti-social behaviour,,
73b896601aba0d07e8a869cae62402686888cd76145f3481cf97bc398d67a17e,2024-09,South Wales Police,South Wales Police,-3.214073,51.504659,On or near Heol Amlwch,W01001785,Cardiff 023A,Criminal damage and arson,Unable to prosecute suspect,
1a613b6a30dbd685568e924aafa4e2741f94165bd2670f1fd46876c0066fbfd4,2024-09,South Wales Police,South Wales Police,-3.213765,51.504428,On or near Clos Corris,W01001785,Cardiff 023A,Public order,Unable to prosecute suspect,
6cd42222223de5f63839332c131946416989235d05a667216df226e2fffd3687,2024-09,South Wales Police,South Wales Police,-3.212313,51.501862,On or near Waterston Road,W01001785,Cardiff 023A,Public order,Under investigation,
b93c33b9fad4ef55c313171efc3bb4628af76e7e8733cef28cc6f4143a71cb1e,2024-09,South Wales Police,South Wales Police,-3.219166,51.503293,On or near Boncath Road,W01001785,Cardiff 023A,Vehicle crime,Investigation complete; no suspect identified,
85a82dba8c99b4d05078d4147af7df4c7dc545817dff79d98036161fd504674e,2024-09,South Wales Police,South Wales Police,-3.213765,51.504428,On or near Clos Corris,W01001785,Cardiff 023A,Vehicle crime,Unable to prosecute suspect,
80f48a4bd9d3bd99aed24de848da84198e26395a133423478a1a11cc13e50fb5,2024-09,South Wales Police,South Wales Police,-3.217769,51.505475,On or near College Road,W01001785,Cardiff 023A,Violence and sexual offences,Investigation complete; no suspect identified,
93b15e532788968bda65f52f28b47aa9d523d4968a18a98222cb3f217ecd5d98,2024-09,South Wales Police,South Wales Police,-3.214959,51.504901,On or near Clos Cemmaes,W01001785,Cardiff 023A,Violence and sexual offences,Under investigation,
1163c42aabb50f0fb2ee6394ee3cded617bab63b8f9f2b2ee4e86e5383b62e75,2024-09,South Wales Police,South Wales Police,-3.214959,51.504901,On or near Clos Cemmaes,W01001785,Cardiff 023A,Violence and sexual offences,Unable to prosecute suspect,
576fc2227fcab8575d16a029b61835ecc2dd9a48aaadf0f1b13406c558013870,2024-09,South Wales Police,South Wales Police,-3.214457,51.502838,On or near Bacton Road,W01001785,Cardiff 023A,Violence and sexual offences,Unable to prosecute suspect,
4925564373b3e5a734b5b53fde6ac36df6544704f405b5b3974278055c3a2b1a,2024-09,South Wales Police,South Wales Police,-3.213765,51.504428,On or near Clos Corris,W01001785,Cardiff 023A,Violence and sexual offences,Unable to prosecute suspect,
f7654a95d6cde7135a1602b5a1e8c2946c4295c1e7ffad14decfe0d298bb3993,2024-09,South Wales Police,South Wales Police,-3.217096,51.502901,On or near Aberdulais Road,W01001785,Cardiff 023A,Violence and sexual offences,Investigation complete; no suspect identified,
698b5e4978aff414a5ddf291720323ca2e2ba809396dabe5753dcf97bb20d387,2024-09,South Wales Police,South Wales Police,-3.213765,51.504428,On or near Clos Corris,W01001785,Cardiff 023A,Violence and sexual offences,Unable to prosecute suspect,
927b5df1ae384a2c47119ef8ef4764c11467d86dec5870c4a111c6f0af960fe5,2024-09,South Wales Police,South Wales Police,-3.213765,51.504428,On or near Clos Corris,W01001785,Cardiff 023A,Violence and sexual offences,Unable to prosecute suspect,
,2024-09,South Wales Police,South Wales Police,-3.219830,51.499555,On or near Manod Road,W01001786,Cardiff 023B,Anti-social behaviour,,
,2024-09,South Wales Police,South Wales Police,-3.228667,51.502987,On or near Andrew'S Road,W01001786,Cardiff 023B,Anti-social behaviour,,
1e46589037c88a0d503f884c2bdf3fefbcafedcd20f2cb20b21b40349d59c8c4,2024-09,South Wales Police,South Wales Police,-3.227816,51.501863,On or near Mary Street,W01001786,Cardiff 023B,Bicycle theft,Investigation complete; no suspect identified,
4a5a8bd3d0045f8455bd251bf2a7be3a92d6921f7da60e4a4cb00b7cbc610c1e,2024-09,South Wales Police,South Wales Police,-3.227816,51.501863,On or near Mary Street,W01001786,Cardiff 023B,Bicycle theft,Investigation complete; no suspect identified,
5f92a90a6dd097a4b180aa675d367b87cda12b9b8bb414f8e62d40ba98d54e80,2024-09,South Wales Police,South Wales Police,-3.222923,51.502067,On or near Watson Road,W01001786,Cardiff 023B,Burglary,Under investigation,
8d029660930ab573db05db83e701a1b6a295dfaaf200c93200fb9f36d6fa68ca,2024-09,South Wales Police,South Wales Police,-3.219830,51.499555,On or near Manod Road,W01001786,Cardiff 023B,Other theft,Investigation complete; no suspect identified,
42b666f24e0b1be181b88ca62f2e0d74d5efb164ed1fd0f9549843a253a7bf1d,2024-09,South Wales Police,South Wales Police,-3.220049,51.501261,On or near Bala Road,W01001786,Cardiff 023B,Public order,Unable to prosecute suspect,
1c4f8939aad337c59b50dc5cfb641a6a247369fb45da41c532b860cb4820ffd2,2024-09,South Wales Police,South Wales Police,-3.223759,51.501546,On or near Blosse Road,W01001786,Cardiff 023B,Public order,Unable to prosecute suspect,
b8e28e67fbe9a56ee464d1a4ae22bdf627f862a75cdc64749f70027a9cfdd949,2024-09,South Wales Police,South Wales Police,-3.219830,51.499555,On or near Manod Road,W01001786,Cardiff 023B,Vehicle crime,Investigation complete; no suspect identified,
ca4f6a07a35a780f9f4eaa15d75cbccad223d4da108361ff3d9ff7226f329ed1,2024-09,South Wales Police,South Wales Police,-3.228667,51.502987,On or near Andrew'S Road,W01001786,Cardiff 023B,Violence and sexual offences,Investigation complete; no suspect identified,
,2024-09,South Wales Police,South Wales Police,-3.205418,51.503732,On or near Gilbert Place,W01001787,Cardiff 023C,Anti-social behaviour,,
,2024-09,South Wales Police,South Wales Police,-3.206130,51.502304,On or near Aberteifi Crescent,W01001787,Cardiff 023C,Anti-social behaviour,,
,2024-09,South Wales Police,South Wales Police,-3.202725,51.503760,On or near Garth Place,W01001787,Cardiff 023C,Anti-social behaviour,,
a1812a99b83fdb7b3f58cedd3cedea6ab4a5bb5b9099a08a6b35cbe150e70918,2024-09,South Wales Police,South Wales Police,-3.207179,51.502734,On or near Aberteifi Close,W01001787,Cardiff 023C,Public order,Investigation complete; no suspect identified,
a0517b67e62c0287b74bfdd05c0493750ef5770f685a89a013c13568ee0acb91,2024-09,South Wales Police,South Wales Police,-3.207343,51.503505,On or near Matthewson Close,W01001787,Cardiff 023C,Public order,Under investigation,
9305d038c2438938b344b85faf1f0881f1120c40b9ef526367a5b731a34204fb,2024-09,South Wales Police,South Wales Police,-3.204728,51.502669,On or near Llys Pum Cyfair,W01001787,Cardiff 023C,Public order,Unable to prosecute suspect,
3c04ffd14a2d8a371f925d6a06e7e2ce48f1978ffb066e4d6ff5b800ac506042,2024-09,South Wales Police,South Wales Police,-3.207227,51.504019,On or near Cefn Road,W01001787,Cardiff 023C,Violence and sexual offences,Unable to prosecute suspect,
e437f59e1c693eff4ef5bb9e5b87942e6e0765cb477e102d38530bd200db8f48,2024-09,South Wales Police,South Wales Police,-3.207343,51.503505,On or near Matthewson Close,W01001787,Cardiff 023C,Violence and sexual offences,Unable to prosecute suspect,
,2024-09,South Wales Police,South Wales Police,-3.216103,51.501868,On or near Gabalfa Avenue,W01001788,Cardiff 023D,Anti-social behaviour,,
,2024-09,South Wales Police,South Wales Police,-3.211379,51.499777,On or near Lydstep Crescent,W01001788,Cardiff 023D,Anti-social behaviour,,
,2024-09,South Wales Police,South Wales Police,-3.214100,51.500792,On or near Llanidloes Road,W01001788,Cardiff 023D,Anti-social behaviour,,
de9665251c93e00bf8d6ef81e963ddabe369601621d1823c77d5b694bc893638,2024-09,South Wales Police,South Wales Police,-3.207837,51.499319,On or near Western Avenue North,W01001788,Cardiff 023D,Bicycle theft,Investigation complete; no suspect identified,
0991985858af997e5f21d8d5efb67a3597259f78f98f824cd6252ecbb6067dea,2024-09,South Wales Police,South Wales Police,-3.214100,51.500792,On or near Llanidloes Road,W01001788,Cardiff 023D,Burglary,Investigation complete; no suspect identified,
fb1b2cd0de6fbbff37cc079a61ee441e35d98a850a6efb8811eeae107c67a8be,2024-09,South Wales Police,South Wales Police,-3.211755,51.498748,On or near Llandinam Crescent,W01001788,Cardiff 023D,Criminal damage and arson,Under investigation,
d4f387192f1c655ec7d5332dcf3eb3b10d28d48b5eab3e96d4cd3b080e79467b,2024-09,South Wales Police,South Wales Police,-3.209882,51.501978,On or near Aberdore Road,W01001788,Cardiff 023D,Criminal damage and arson,Investigation complete; no suspect identified,
6ed8214f6e04ce581fb6f81855e09bff34f37e18b2872181c8b91c8003c2820d,2024-09,South Wales Police,South Wales Police,-3.207837,51.499319,On or near Western Avenue North,W01001788,Cardiff 023D,Other theft,Investigation complete; no suspect identified,
6177efc31cd1e302fce38ea2a0c00c991e376eaa9ec2b27406753cd85cdf63f5,2024-09,South Wales Police,South Wales Police,-3.207837,51.499319,On or near Western Avenue North,W01001788,Cardiff 023D,Public order,Investigation complete; no suspect identified,
e380d0a9838076b0e3210a53d8c469b417ad0b3bf8b39899877dcc6cd4c68c17,2024-09,South Wales Police,South Wales Police,-3.207837,51.499319,On or near Western Avenue North,W01001788,Cardiff 023D,Shoplifting,Investigation complete; no suspect identified,
718c5a7243583aed13b4c91a03706d1d864b6f3cc91b042acf47c9c1acc8020d,2024-09,South Wales Police,South Wales Police,-3.207837,51.499319,On or near Western Avenue North,W01001788,Cardiff 023D,Shoplifting,Awaiting court outcome,
fc3f1278f2a5813ecc852df76b07d6ed04296a9a377558aaf57b3fc50f9c7538,2024-09,South Wales Police,South Wales Police,-3.207837,51.499319,On or near Western Avenue North,W01001788,Cardiff 023D,Shoplifting,Investigation complete; no suspect identified,
13a57530e62b645bd1321eda181e943e0988a8db45c15c55ea59de055051502b,2024-09,South Wales Police,South Wales Police,-3.207837,51.499319,On or near Western Avenue North,W01001788,Cardiff 023D,Vehicle crime,Investigation complete; no suspect identified,
635d21a88126600f4c2f6d5c69408f0c89e6299f2467bee4b074e047bf01289f,2024-09,South Wales Police,South Wales Police,-3.213214,51.498355,On or near River View,W01001788,Cardiff 023D,Violence and sexual offences,Investigation complete; no suspect identified,
7896271fd35907e5110cb9e856b0a29caff10284f6b533cee6b1587846f55800,2024-09,South Wales Police,South Wales Police,-3.211379,51.499777,On or near Lydstep Crescent,W01001788,Cardiff 023D,Violence and sexual offences,Unable to prosecute suspect,
c03c17343d91e07cbb2a843a0c96f8792cd79263cf1ca281f071bbf735dd9669,2024-09,South Wales Police,South Wales Police,-3.207837,51.499319,On or near Western Avenue North,W01001788,Cardiff 023D,Violence and sexual offences,Unable to prosecute suspect,
7aedd93f9f60c2a9fb583f25a8cf6148bd6da847efe2340052433965eec42719,2024-09,South Wales Police,South Wales Police,-3.209882,51.501978,On or near Aberdore Road,W01001788,Cardiff 023D,Other crime,Unable to prosecute suspect,
6d54819cff9690c2fb96c674ffb9120d23c975a874e00a208191ecfc6d1368b4,2024-09,South Wales Police,South Wales Police,-3.230667,51.505556,On or near Hazelhurst Road,W01001789,Cardiff 023E,Burglary,Under investigation,
4bfb8535938e556b0a4d3697f8ee993cf3eeb614f23334a20bc0dfcf9c15ade9,2024-09,South Wales Police,South Wales Police,-3.227071,51.505225,On or near Hilton Place,W01001789,Cardiff 023E,Other theft,Investigation complete; no suspect identified,
a070962ce7f3c26044d3d13cc6231a8f223a6a7d8be19537b9fec4ed52057acc,2024-09,South Wales Police,South Wales Police,-3.232302,51.507948,On or near Pommergelli Road,W01001789,Cardiff 023E,Possession of weapons,Offender given a caution,
dcc5c2c3183d1597ea115850413fc236c285256c678d5dc81f5f68ff14f3a963,2024-09,South Wales Police,South Wales Police,-3.228337,51.507325,On or near Supermarket,W01001789,Cardiff 023E,Shoplifting,Investigation complete; no suspect identified,
409152ef69f2de1b26e7bec7f28475952e62c8d14d7f4708f458c5330266d0c4,2024-09,South Wales Police,South Wales Police,-3.228337,51.507325,On or near Supermarket,W01001789,Cardiff 023E,Shoplifting,Investigation complete; no suspect identified,
b5ac958901ba6c170f786bea0f7094306ecaa2cc9fd4399b83eb9f817f04f513,2024-09,South Wales Police,South Wales Police,-3.227071,51.505225,On or near Hilton Place,W01001789,Cardiff 023E,Violence and sexual offences,Unable to prosecute suspect,
7750d7ed169679fae7bdc29e709f8223b89684a0166b63bd4a0e80ee762b79b2,2024-09,South Wales Police,South Wales Police,-3.225994,51.506459,On or near Clyro Place,W01001790,Cardiff 023F,Criminal damage and arson,Awaiting court outcome,
5110bb3a227e35d7d8ad05d19c1a53b01c9c292092c5cee173f78e505c0732e1,2024-09,South Wales Police,South Wales Police,-3.221288,51.503963,On or near Cornelly Close,W01001790,Cardiff 023F,Other theft,Unable to prosecute suspect,
704cd9643a764261cb710822ccebb07e664e7fa1b6cbfd65ea04530f4f43458d,2024-09,South Wales Police,South Wales Police,-3.221288,51.503963,On or near Cornelly Close,W01001790,Cardiff 023F,Vehicle crime,Investigation complete; no suspect identified,
bd20b5b355881262e61a3299cead530ad9c63c7a4be2c1b39145af1882c8376b,2024-09,South Wales Police,South Wales Police,-3.226042,51.503959,On or near Chamberlain Road,W01001790,Cardiff 023F,Violence and sexual offences,Unable to prosecute suspect,
cd832a98be4106bad968cd0151ff740c0b066cbb00b4078c37ec4834bc09b5fe,2024-09,South Wales Police,South Wales Police,-3.223580,51.504551,On or near Caldy Road,W01001790,Cardiff 023F,Violence and sexual offences,Unable to prosecute suspect,
a22f67c19dc079177c1af29fe030d9d4a7778f2477a6c59a66ef276e3a11b839,2024-09,South Wales Police,South Wales Police,-3.164492,51.499479,On or near Boleyn Walk,W01001821,Cardiff 024A,Burglary,Investigation complete; no suspect identified,
c5a7f1dcd39e38f7ef479d330303b6b9f65be5a49f845fb11f68b34970715f3e,2024-09,South Wales Police,South Wales Police,-3.162510,51.500847,On or near The Paddock,W01001821,Cardiff 024A,Public order,Further investigation is not in the public interest,
52752dee270b5bc897a052c402c5dfd67dbdf07597f6ab223fe7bfb9d2950b32,2024-09,South Wales Police,South Wales Police,-3.166156,51.503140,On or near Brandreth Gardens,W01001821,Cardiff 024A,Vehicle crime,Investigation complete; no suspect identified,
d3e590fa830a6616131c2891e6a8df06e380fcc33c62fa8d2b79fdcf9d38e370,2024-09,South Wales Police,South Wales Police,-3.161129,51.500924,On or near Bronwydd Close,W01001821,Cardiff 024A,Violence and sexual offences,Awaiting court outcome,
e04ce89e36a1c8f32668c8f527a62674e27c883a3bf643639a7479e911c9db36,2024-09,South Wales Police,South Wales Police,-3.164492,51.499479,On or near Boleyn Walk,W01001821,Cardiff 024A,Violence and sexual offences,Unable to prosecute suspect,
aac76294ee53c03fcd2ff0b58f288fde4488c7d42ec7f9ec868d20c5d0876e43,2024-09,South Wales Police,South Wales Police,-3.163825,51.498757,On or near Pen-Y-Lan Place,W01001821,Cardiff 024A,Violence and sexual offences,Unable to prosecute suspect,
,2024-09,South Wales Police,South Wales Police,-3.160867,51.503111,On or near Greenlawns,W01001826,Cardiff 024B,Anti-social behaviour,,
277a6334536473cf655d10083fdb08136606013e21bfdf82b3d015eed07e381c,2024-09,South Wales Police,South Wales Police,-3.160186,51.501805,On or near The Retreat,W01001826,Cardiff 024B,Vehicle crime,Investigation complete; no suspect identified,
b410f9b1f589b9cfc3121c7768ffb20e31d2579b4b0c452833186ce44aa17e7e,2024-09,South Wales Police,South Wales Police,-3.153481,51.506152,On or near Queensberry Road,W01001826,Cardiff 024B,Vehicle crime,Investigation complete; no suspect identified,
9ed5c318b58955b4bd2095c0147fd936e48ffef69e46a57a90eaf94b78f79188,2024-09,South Wales Police,South Wales Police,-3.153481,51.506152,On or near Queensberry Road,W01001826,Cardiff 024B,Violence and sexual offences,Unable to prosecute suspect,
0d5d8e0859fc6dc320b5178d3a6d61c759ca97bf89cfd9569d961dcb944efcd8,2024-09,South Wales Police,South Wales Police,-3.160186,51.501805,On or near The Retreat,W01001826,Cardiff 024B,Violence and sexual offences,Investigation complete; no suspect identified,
920af4b2e942f18ee081ddee261a9fa77a17a2cd53f172aebbc1e037467841b0,2024-09,South Wales Police,South Wales Police,-3.156425,51.506347,On or near Grafton Close,W01001826,Cardiff 024B,Other crime,Unable to prosecute suspect,
020492c7abc6c9821fe7b2f0f1346af5bc0f4941607e6f7896f78be70f6b160b,2024-09,South Wales Police,South Wales Police,-3.173011,51.505283,On or near Lady Mary Road,W01001827,Cardiff 024C,Violence and sexual offences,Investigation complete; no suspect identified,
7e347b69e04762b901b935080853cf698af08fcba1d2cd8334bfea4d7f687726,2024-09,South Wales Police,South Wales Police,-3.158962,51.503526,On or near Pen-Y-Lan Terrace,W01001828,Cardiff 024D,Criminal damage and arson,Unable to prosecute suspect,
86def7a6b2194de09ec03cf2885727d70ebca93bdf42a0d16542c842a3dc56cb,2024-09,South Wales Police,South Wales Police,-3.156143,51.503176,On or near Llwyn-Y-Grant Place,W01001828,Cardiff 024D,Vehicle crime,Investigation complete; no suspect identified,
207128de48ea1b9abd0199ccaf76c3f1e1de4bd03a89011c74b28f706f9b3b92,2024-09,South Wales Police,South Wales Police,-3.152079,51.500267,On or near Hampton Court Road,W01001828,Cardiff 024D,Violence and sexual offences,Under investigation,
70232a5957d9c13881b1019106d976988d38d79f17dea0c49369f851c7e7f9e1,2024-09,South Wales Police,South Wales Police,-3.152079,51.500267,On or near Hampton Court Road,W01001828,Cardiff 024D,Violence and sexual offences,Awaiting court outcome,
8eed0932d934479a9f744f015e56bb9e205c3de47c1a5d231f8463d183e35e2a,2024-09,South Wales Police,South Wales Police,-3.156733,51.499726,On or near Southcourt Road,W01001828,Cardiff 024D,Violence and sexual offences,Unable to prosecute suspect,
a8d0d163a96d5d465160742c5defc4cefecbb2385d7748f0f252622125aadc1b,2024-09,South Wales Police,South Wales Police,-3.156733,51.499726,On or near Southcourt Road,W01001828,Cardiff 024D,Violence and sexual offences,Unable to prosecute suspect,
,2024-09,South Wales Police,South Wales Police,-3.194282,51.500483,On or near Pen-Y-Bryn Way,W01001755,Cardiff 025A,Anti-social behaviour,,
af4f0bf4b9ef84f221e2d5e25d603351586bdf108079d1d4eb917cd7db76be29,2024-09,South Wales Police,South Wales Police,-3.194282,51.500483,On or near Pen-Y-Bryn Way,W01001755,Cardiff 025A,Burglary,Investigation complete; no suspect identified,
57b1bc00c7ecaed4cf8a05e5a7343cd6587848c22a7d9281e9bcdc678fb061da,2024-09,South Wales Police,South Wales Police,-3.191909,51.500642,On or near Australia Road,W01001755,Cardiff 025A,Burglary,Investigation complete; no suspect identified,
097cf7e7ceba144bf4df433f73f8efa413898c9c922b6e24ce3d1a41b29a3ba5,2024-09,South Wales Police,South Wales Police,-3.191909,51.500642,On or near Australia Road,W01001755,Cardiff 025A,Burglary,Investigation complete; no suspect identified,
c9056a3220ec922f028111a246ea7c9357a12091579bab0bb148e7052e3c0a6c,2024-09,South Wales Police,South Wales Police,-3.194282,51.500483,On or near Pen-Y-Bryn Way,W01001755,Cardiff 025A,Burglary,Investigation complete; no suspect identified,
b3083fb596ea3f846d07537fb5ae35e4f4de947eb437ff07e816729ae0398485,2024-09,South Wales Police,South Wales Police,-3.194282,51.500483,On or near Pen-Y-Bryn Way,W01001755,Cardiff 025A,Other theft,Unable to prosecute suspect,
780911139a170026aab068b3bfa6f5e0a0eb5a6b827b4d4e839f868b035a5bcc,2024-09,South Wales Police,South Wales Police,-3.192341,51.501168,On or near Newfoundland Road,W01001755,Cardiff 025A,Other theft,Investigation complete; no suspect identified,
345531f00f89a42b3434eaf2d4ef6d5b1438a376cdc823fda5b9a23ea8e55af7,2024-09,South Wales Police,South Wales Police,-3.193249,51.497886,On or near Flint Street,W01001755,Cardiff 025A,Other theft,Unable to prosecute suspect,
68eeb3ebe4eeb67edc55407239eea6faf3388da59ee718599535e2c5551a8a65,2024-09,South Wales Police,South Wales Police,-3.193249,51.497886,On or near Flint Street,W01001755,Cardiff 025A,Public order,Unable to prosecute suspect,
beb92e16c55e3f6e1c4592654dea0f0ddf48c5b9117427b4604d12c8e88a7a22,2024-09,South Wales Police,South Wales Police,-3.188836,51.501572,On or near Whitchurch Road,W01001755,Cardiff 025A,Public order,Unable to prosecute suspect,
f512361ebfa5bb4ed927bb75f59d4f855b553685b80a78450962850e863a29a3,2024-09,South Wales Police,South Wales Police,-3.188836,51.501572,On or near Whitchurch Road,W01001755,Cardiff 025A,Shoplifting,Investigation complete; no suspect identified,
d4edb8fa1431e552b4dd6ea5474522c3dc1192cf4bfaa4d9690346f4da3e050b,2024-09,South Wales Police,South Wales Police,-3.188836,51.501572,On or near Whitchurch Road,W01001755,Cardiff 025A,Shoplifting,Investigation complete; no suspect identified,
b5ead1c1e5896e98321e591e6f34f944dd1c8fa30c47317c4a60478a4129422b,2024-09,South Wales Police,South Wales Police,-3.188836,51.501572,On or near Whitchurch Road,W01001755,Cardiff 025A,Shoplifting,Investigation complete; no suspect identified,
91ae30eeb225526ccb875e3f546810f5ee27087912a89adfc34906b495c336b0,2024-09,South Wales Police,South Wales Police,-3.188836,51.501572,On or near Whitchurch Road,W01001755,Cardiff 025A,Shoplifting,Investigation complete; no suspect identified,
5c63253ec1ea7fadb61f08c4aa421e3f83584ce6c44a41e617a1b2c89eb70239,2024-09,South Wales Police,South Wales Police,-3.188836,51.501572,On or near Whitchurch Road,W01001755,Cardiff 025A,Shoplifting,Awaiting court outcome,
5e27f089acfb2aa97d9abe65ffeb9c91a9a3ae629a62509dab21b5201febfc34,2024-09,South Wales Police,South Wales Police,-3.188836,51.501572,On or near Whitchurch Road,W01001755,Cardiff 025A,Shoplifting,Under investigation,
3b873bc2a0afd2248eae8ee5dd1875758371958f4fcbb17119f7fef7f7b347c7,2024-09,South Wales Police,South Wales Police,-3.188836,51.501572,On or near Whitchurch Road,W01001755,Cardiff 025A,Shoplifting,Unable to prosecute suspect,
f398b41ec7a8baaedb3819d634deca339641873631c94b37bc35391bfa17d154,2024-09,South Wales Police,South Wales Police,-3.188836,51.501572,On or near Whitchurch Road,W01001755,Cardiff 025A,Shoplifting,Investigation complete; no suspect identified,
1ffbd34cb3275e0eefa58690887007b8bae98d21d8996bccc61bea867f4f3ba5,2024-09,South Wales Police,South Wales Police,-3.188836,51.501572,On or near Whitchurch Road,W01001755,Cardiff 025A,Shoplifting,Awaiting court outcome,
64f1c1f073ade1a1392bb45ba4764987f8cdf9242f78e42c29b9502784e64035,2024-09,South Wales Police,South Wales Police,-3.188836,51.501572,On or near Whitchurch Road,W01001755,Cardiff 025A,Shoplifting,Investigation complete; no suspect identified,
622f87d7cd649d822e0fd5d3b58cf222b661e1d16da7ed7f4b1a35b54c05a122,2024-09,South Wales Police,South Wales Police,-3.188836,51.501572,On or near Whitchurch Road,W01001755,Cardiff 025A,Shoplifting,Investigation complete; no suspect identified,
603787c516ca5d13df4702233285bc97b26127eeb823fa529dcd1127510783d9,2024-09,South Wales Police,South Wales Police,-3.188836,51.501572,On or near Whitchurch Road,W01001755,Cardiff 025A,Shoplifting,Unable to prosecute suspect,
932cfdba0e551ea4a48ab651d545dfa155031a554df5580d7b22e5c3cbaa2a6b,2024-09,South Wales Police,South Wales Police,-3.188836,51.501572,On or near Whitchurch Road,W01001755,Cardiff 025A,Shoplifting,Unable to prosecute suspect,
1366438a0db567c119c7cc7c87fe9fcdf3f36a8c6aec81dc84b173805d8cf0e4,2024-09,South Wales Police,South Wales Police,-3.188836,51.501572,On or near Whitchurch Road,W01001755,Cardiff 025A,Shoplifting,Under investigation,
5f9f8a60cd1bbdcb60de183de16dddce0aa5a5ede24bb7f6dd563a42bb072b66,2024-09,South Wales Police,South Wales Police,-3.188836,51.501572,On or near Whitchurch Road,W01001755,Cardiff 025A,Shoplifting,Investigation complete; no suspect identified,
3154dd8a6af9a9dd55d6de030e91cfc683a8a90a01465031411f6927aab601b4,2024-09,South Wales Police,South Wales Police,-3.188836,51.501572,On or near Whitchurch Road,W01001755,Cardiff 025A,Shoplifting,Investigation complete; no suspect identified,
99c439773a89caba72f07f43fdaaa9568186427fb14751ee44cf01173b81c169,2024-09,South Wales Police,South Wales Police,-3.188836,51.501572,On or near Whitchurch Road,W01001755,Cardiff 025A,Shoplifting,Investigation complete; no suspect identified,
ffb8e2f072be633f74413fe64ef55720c3f639b682530282e17c4fc772681c07,2024-09,South Wales Police,South Wales Police,-3.188836,51.501572,On or near Whitchurch Road,W01001755,Cardiff 025A,Shoplifting,Investigation complete; no suspect identified,
bb2c8c979e15376b71844fba66fdee4f1d4c68678512e7433e4ce5baaadcb467,2024-09,South Wales Police,South Wales Police,-3.188836,51.501572,On or near Whitchurch Road,W01001755,Cardiff 025A,Shoplifting,Unable to prosecute suspect,
fdde1a7b425b7db401419ca741d39a4a28d8f10f89deaab636b5339f74183b53,2024-09,South Wales Police,South Wales Police,-3.188836,51.501572,On or near Whitchurch Road,W01001755,Cardiff 025A,Shoplifting,Investigation complete; no suspect identified,
3ba20f23d294e964fba114bbeab2e2f2e7359b9c26f47d0603c2f381e1c54d7e,2024-09,South Wales Police,South Wales Police,-3.188836,51.501572,On or near Whitchurch Road,W01001755,Cardiff 025A,Shoplifting,Unable to prosecute suspect,
ee79c78283cee16a8ca3cc1667a0b981fd06cd80eb00ca1f8cfdd6429f17107d,2024-09,South Wales Police,South Wales Police,-3.188836,51.501572,On or near Whitchurch Road,W01001755,Cardiff 025A,Shoplifting,Investigation complete; no suspect identified,
03930cb1826f427a58070342414c05538a76ffcc294dc0f804f3fe8181ed3689,2024-09,South Wales Police,South Wales Police,-3.188836,51.501572,On or near Whitchurch Road,W01001755,Cardiff 025A,Shoplifting,Awaiting court outcome,
d527b29d422998a0c018b703a982d220fe81c8f38a1768309d973c21e72c6dae,2024-09,South Wales Police,South Wales Police,-3.188836,51.501572,On or near Whitchurch Road,W01001755,Cardiff 025A,Shoplifting,Awaiting court outcome,
b9dbbbc6616cd0b8aa6b0d062f9bca4cad9a31eb399348da097f60696a50d338,2024-09,South Wales Police,South Wales Police,-3.188836,51.501572,On or near Whitchurch Road,W01001755,Cardiff 025A,Shoplifting,Awaiting court outcome,
b4d69a3d88783bd3607ffea2282a5fe4f903b593df96013450eb0dfcb764ed8c,2024-09,South Wales Police,South Wales Police,-3.193249,51.497886,On or near Flint Street,W01001755,Cardiff 025A,Vehicle crime,Investigation complete; no suspect identified,
ddff8626bcdef55101ea8f7be62fd8e7e50ea4c047e477728a368aad37a287fe,2024-09,South Wales Police,South Wales Police,-3.194282,51.500483,On or near Pen-Y-Bryn Way,W01001755,Cardiff 025A,Violence and sexual offences,Unable to prosecute suspect,
0347a365a922a6db1c1f555a0d124d0ebcd9bb2b16dfb113f413868e3d55679c,2024-09,South Wales Police,South Wales Police,-3.194107,51.501474,On or near Pen-Y-Bryn Place,W01001755,Cardiff 025A,Violence and sexual offences,Unable to prosecute suspect,
12f98623f8bfc4eac1b90b7e28897ebba18aef14e54b288fbb3bbe7d036fbab7,2024-09,South Wales Police,South Wales Police,-3.188836,51.501572,On or near Whitchurch Road,W01001755,Cardiff 025A,Violence and sexual offences,Unable to prosecute suspect,
9f42112096da03fdb8bb8e2fa2d5c9cd5b7d13e5a0c9c246d3c56384660d588d,2024-09,South Wales Police,South Wales Police,-3.194107,51.501474,On or near Pen-Y-Bryn Place,W01001755,Cardiff 025A,Violence and sexual offences,Unable to prosecute suspect,
,2024-09,South Wales Police,South Wales Police,-3.199847,51.502269,On or near Llantarnam Road,W01001756,Cardiff 025B,Anti-social behaviour,,
,2024-09,South Wales Police,South Wales Police,-3.198057,51.501568,On or near Caerleon Road,W01001756,Cardiff 025B,Anti-social behaviour,,
33f28fd45dabf0c24622fb558db31e62de49820a9918221019d252160612aaf3,2024-09,South Wales Police,South Wales Police,-3.204027,51.500131,On or near Batchelor Road,W01001756,Cardiff 025B,Bicycle theft,Investigation complete; no suspect identified,
db6a0b22394c44899c7ad32c20a39596fe2a173d5bcda7c40aa0f6a37cc55128,2024-09,South Wales Police,South Wales Police,-3.204027,51.500131,On or near Batchelor Road,W01001756,Cardiff 025B,Bicycle theft,Investigation complete; no suspect identified,
6d93666a38a1c22d69f3a6346606db25f427e091ddd4f3553aa01d1f91d91644,2024-09,South Wales Police,South Wales Police,-3.204027,51.500131,On or near Batchelor Road,W01001756,Cardiff 025B,Bicycle theft,Investigation complete; no suspect identified,
2a77e0c07ae13c624791951472f53268fd2fc0d04704fcc4f2e6e7b94dd73a0f,2024-09,South Wales Police,South Wales Police,-3.192671,51.497132,On or near Petrol Station,W01001756,Cardiff 025B,Criminal damage and arson,Investigation complete; no suspect identified,
15e88b36b14e69769a59a136471263761294ed04a3b9768c2e813da8216bdb47,2024-09,South Wales Police,South Wales Police,-3.192671,51.497132,On or near Petrol Station,W01001756,Cardiff 025B,Other theft,Investigation complete; no suspect identified,
599143a8e92bbee4b589b46ba16c8eae683474523490c2f008bb6c150f91a08b,2024-09,South Wales Police,South Wales Police,-3.198509,51.502868,On or near Margam Road,W01001756,Cardiff 025B,Public order,Unable to prosecute suspect,
62d63bf90249933e617d0f825fd8dd1d8846f1c3b1840c83abd568ebdcd41e50,2024-09,South Wales Police,South Wales Police,-3.204848,51.501229,On or near Supermarket,W01001756,Cardiff 025B,Public order,Further investigation is not in the public interest,
53389285ba589c924d570ff08cf3f15a364005954776bb352d8ecb32de5076eb,2024-09,South Wales Police,South Wales Police,-3.192671,51.497132,On or near Petrol Station,W01001756,Cardiff 025B,Public order,Investigation complete; no suspect identified,
59d1cc16036150051ad3197fbe995f85cbf57e275d92a6b5dd0f8d813ee0ca57,2024-09,South Wales Police,South Wales Police,-3.204027,51.500131,On or near Batchelor Road,W01001756,Cardiff 025B,Public order,Local resolution,
4e31b921b0c94415755166521b5575db6d922f6798ea0c51b03815ee0254ef91,2024-09,South Wales Police,South Wales Police,-3.204848,51.501229,On or near Supermarket,W01001756,Cardiff 025B,Public order,Investigation complete; no suspect identified,
2485a41853ffc514bc1921e47bfd8e8b642139268f9315003fae8a75fb14f7c6,2024-09,South Wales Police,South Wales Police,-3.192671,51.497132,On or near Petrol Station,W01001756,Cardiff 025B,Public order,Investigation complete; no suspect identified,
9feed920819bfd93c0abd07093b4e67e4aebd013193ba06c82d30cdef39022fd,2024-09,South Wales Police,South Wales Police,-3.204848,51.501229,On or near Supermarket,W01001756,Cardiff 025B,Shoplifting,Investigation complete; no suspect identified,
80c0ebc558fadb3e62831e1a6a1a8bf93b6ecb5a5fa7a5e679d52905262defdf,2024-09,South Wales Police,South Wales Police,-3.194345,51.498450,On or near Parkfield Place,W01001756,Cardiff 025B,Shoplifting,Under investigation,
b6ea698d2556f1d66402f750f6cfbc0adad49a20f1393f37652f5920f630100f,2024-09,South Wales Police,South Wales Police,-3.204848,51.501229,On or near Supermarket,W01001756,Cardiff 025B,Shoplifting,Investigation complete; no suspect identified,
ab2b3b27d5aab74a3bb91644f4c4a9efb23af2c9484930f7a66830542606b0e1,2024-09,South Wales Police,South Wales Police,-3.204848,51.501229,On or near Supermarket,W01001756,Cardiff 025B,Shoplifting,Investigation complete; no suspect identified,
82d27fac22b4b68b89f39f11dbcf6fe31c1bcc3fb50d752772fd9a261addf649,2024-09,South Wales Police,South Wales Police,-3.192671,51.497132,On or near Petrol Station,W01001756,Cardiff 025B,Theft from the person,Investigation complete; no suspect identified,
d17c382695effd0ba7e36cd9b7cb81eb1714594aa8ff11a57b5d0aab54db405e,2024-09,South Wales Police,South Wales Police,-3.204027,51.500131,On or near Batchelor Road,W01001756,Cardiff 025B,Vehicle crime,Investigation complete; no suspect identified,
a7f6ce7ccc5aaf526acc0dd876cd27fedbe44584c01f1050140d4cc6b12a345f,2024-09,South Wales Police,South Wales Police,-3.192671,51.497132,On or near Petrol Station,W01001756,Cardiff 025B,Violence and sexual offences,Unable to prosecute suspect,
f7efccc7a48624110e7172c1a69cfc47f0fac4d27fda56eb52a20c067b802393,2024-09,South Wales Police,South Wales Police,-3.194121,51.499262,On or near A470,W01001756,Cardiff 025B,Violence and sexual offences,Unable to prosecute suspect,
f6b2f245935a940bd522a4f85d6ad85051be3829a8068780a29228b95006f03b,2024-09,South Wales Police,South Wales Police,-3.199269,51.503849,On or near Ventnor Place,W01001756,Cardiff 025B,Violence and sexual offences,Unable to prosecute suspect,
c8a199cbb80d4ccc1052136a1179fa94c1f23b220954c460b9866367a26743f0,2024-09,South Wales Police,South Wales Police,-3.199269,51.503849,On or near Ventnor Place,W01001756,Cardiff 025B,Violence and sexual offences,Unable to prosecute suspect,
415c0f878696f2db618d414d803365da833ae1e5871ee3ebe09cbf606a4f5069,2024-09,South Wales Police,South Wales Police,-3.198509,51.502868,On or near Margam Road,W01001756,Cardiff 025B,Violence and sexual offences,Unable to prosecute suspect,
738734473e61ffba012125df8bd36ce279e02fbb50cce4c7adf7c70876178ae8,2024-09,South Wales Police,South Wales Police,-3.198181,51.501909,On or near Pilton Place,W01001756,Cardiff 025B,Violence and sexual offences,Unable to prosecute suspect,
f24a9f0287459b6cd0e6fdcdb64fe04fb684ed861501b8aeee76f6261eebb362,2024-09,South Wales Police,South Wales Police,-3.194121,51.499262,On or near A470,W01001756,Cardiff 025B,Violence and sexual offences,Unable to prosecute suspect,
,2024-09,South Wales Police,South Wales Police,-3.194032,51.505224,On or near Flaxland Avenue,W01001757,Cardiff 025C,Anti-social behaviour,,
,2024-09,South Wales Police,South Wales Police,-3.192702,51.502855,On or near Heathfield Road,W01001757,Cardiff 025C,Anti-social behaviour,,
,2024-09,South Wales Police,South Wales Police,-3.194032,51.505224,On or near Flaxland Avenue,W01001757,Cardiff 025C,Anti-social behaviour,,
d8b5975e5b76bdb438282e1aac53578ac2c1b1a604fee0e065710d4a57e80f1f,2024-09,South Wales Police,South Wales Police,-3.192702,51.502855,On or near Heathfield Road,W01001757,Cardiff 025C,Burglary,Investigation complete; no suspect identified,
8b80f2263fdd6a86b6c4c23b43afff3d423c4980a72202156e2d48e38ae01e00,2024-09,South Wales Police,South Wales Police,-3.194032,51.505224,On or near Flaxland Avenue,W01001757,Cardiff 025C,Drugs,Offender given a caution,
06dc28c7c6e8a3e39ef70b6dd649b058f9eaf8df93aa1eccfa495183cf4e7c83,2024-09,South Wales Police,South Wales Police,-3.196338,51.504706,On or near St Mark'S Avenue,W01001757,Cardiff 025C,Public order,Unable to prosecute suspect,
88aa1eacec07f835dd7e6412a829ae936919e8d7b5bd1a86f02dbbbe54e658a0,2024-09,South Wales Police,South Wales Police,-3.192702,51.502855,On or near Heathfield Road,W01001757,Cardiff 025C,Violence and sexual offences,Investigation complete; no suspect identified,
b98cfc34b6701e8b9c216b49795259e81cc54bfd9f8bbbe4ea1120f2e0ca31ee,2024-09,South Wales Police,South Wales Police,-3.194032,51.505224,On or near Flaxland Avenue,W01001757,Cardiff 025C,Violence and sexual offences,Unable to prosecute suspect,
b1e33a96b7339ba5cb0821755678e18b5f84b1ff755727fae881d01f32bedbe4,2024-09,South Wales Police,South Wales Police,-3.192702,51.502855,On or near Heathfield Road,W01001757,Cardiff 025C,Violence and sexual offences,Unable to prosecute suspect,
7f5d4cc982dd35968db8961111a82db616c133cc54185e1cbac7e274ca7a1bd5,2024-09,South Wales Police,South Wales Police,-3.186568,51.500777,On or near Talygarn Street,W01001758,Cardiff 025D,Drugs,Under investigation,
974e37c98ba6d5afda801547270ddc2e79d21a2e8f88eae9dd214907ffce880a,2024-09,South Wales Police,South Wales Police,-3.186251,51.501338,On or near Manor Street,W01001758,Cardiff 025D,Violence and sexual offences,Further investigation is not in the public interest,
2370cd5bdece1170e3595ddf780a811a4282f3e82df8cba402cc289fc0a943e4,2024-09,South Wales Police,South Wales Police,-3.184230,51.504523,On or near A48,W01001758,Cardiff 025D,Violence and sexual offences,Under investigation,
0eda85e40eb13bd648c95345680560354c3b702838580249bf2cb8c6631cb65b,2024-09,South Wales Police,South Wales Police,-3.185783,51.502736,On or near Inglefield Avenue,W01001758,Cardiff 025D,Violence and sexual offences,Unable to prosecute suspect,
7a5bb3bf258ae0afdce4d68c463d6ba426960a1dea99cafa5b032eef7131cb55,2024-09,South Wales Police,South Wales Police,-3.186568,51.500777,On or near Talygarn Street,W01001758,Cardiff 025D,Violence and sexual offences,Unable to prosecute suspect,
38d5e7de3c2049470e0a9d63eb5429ad38275d21945e923f9d01de78677e81a0,2024-09,South Wales Police,South Wales Police,-3.229645,51.496503,On or near Sports/Recreation Area,W01001780,Cardiff 026B,Bicycle theft,Investigation complete; no suspect identified,
47eb9ca52a565fae4286df252df199ab5f6cee73a51720fbc6774f22253ec75c,2024-09,South Wales Police,South Wales Police,-3.225441,51.496370,On or near Further/Higher Educational Building,W01001780,Cardiff 026B,Other theft,Unable to prosecute suspect,
0430d8e184ae0c02916a0b0be87c637be62d9cdc33896fecbfd462b537935413,2024-09,South Wales Police,South Wales Police,-3.231515,51.501204,On or near Radyr Court Close,W01001780,Cardiff 026B,Public order,Under investigation,
a6914f83df8c0f9f40c76b210da8f4fc11056918824cd74072ca9340a2be00cd,2024-09,South Wales Police,South Wales Police,-3.240927,51.504009,On or near Rachel Close,W01001780,Cardiff 026B,Shoplifting,Under investigation,
704a0dd792aa68382bb2685dc249cc976da01767ea2ed2dfc38aefaf7265d233,2024-09,South Wales Police,South Wales Police,-3.240927,51.504009,On or near Rachel Close,W01001780,Cardiff 026B,Shoplifting,Unable to prosecute suspect,
119ea4f82206017f740b91f81835d3964b7a39d2fbe623b23c6583e99230345c,2024-09,South Wales Police,South Wales Police,-3.229645,51.496503,On or near Sports/Recreation Area,W01001780,Cardiff 026B,Violence and sexual offences,Investigation complete; no suspect identified,
0149aba8f6328868b2b0326761148128bee746f760199a86d04fc69106092f52,2024-09,South Wales Police,South Wales Police,-3.240813,51.504568,On or near Parking Area,W01001780,Cardiff 026B,Violence and sexual offences,Unable to prosecute suspect,
669d40c1aa903b130e7460db1871cf1e39689b24fe8551a0730b0cce39a53293,2024-09,South Wales Police,South Wales Police,-3.240813,51.504568,On or near Parking Area,W01001780,Cardiff 026B,Violence and sexual offences,Unable to prosecute suspect,
ea9e4ddc3a92c0f7a843ae5448a336e6a4103cdd27c731a78c30de5443dc4102,2024-09,South Wales Police,South Wales Police,-3.229645,51.496503,On or near Sports/Recreation Area,W01001780,Cardiff 026B,Violence and sexual offences,Unable to prosecute suspect,
,2024-09,South Wales Police,South Wales Police,-3.208569,51.488845,On or near A4119,W01001781,Cardiff 026C,Anti-social behaviour,,
8c39cb2d90eacd6721eb6ccc20380c98707b1205d3f4becb3cc57aeb7c380b60,2024-09,South Wales Police,South Wales Police,-3.218920,51.494052,On or near High Street,W01001781,Cardiff 026C,Burglary,Investigation complete; no suspect identified,
829a968134c8c72e339f01d61832c595a6d9c482095d051654f817584a715443,2024-09,South Wales Police,South Wales Police,-3.218920,51.494052,On or near High Street,W01001781,Cardiff 026C,Burglary,Under investigation,
cbd920f847087ae533fd672200173252719a11b527be723f29ed31eefe32399c,2024-09,South Wales Police,South Wales Police,-3.214541,51.490824,On or near Howell'S Crescent,W01001781,Cardiff 026C,Other theft,Under investigation,
8e1d259adc2ee32cd43af77db6191cbe6a4af22dee9f158263dca738081984cb,2024-09,South Wales Police,South Wales Police,-3.215190,51.492490,On or near Cardiff Road,W01001781,Cardiff 026C,Public order,Unable to prosecute suspect,
e2cb46b9becfa14a323abd90d70a01d8ab6013002e641ad84600de269c288c38,2024-09,South Wales Police,South Wales Police,-3.210153,51.488829,On or near Penhill Close,W01001781,Cardiff 026C,Public order,Unable to prosecute suspect,
e56a33bfaeccb4ccb7d8d9d498277f4bd0ae259492253548eccd2393a8d51bb6,2024-09,South Wales Police,South Wales Police,-3.218920,51.494052,On or near High Street,W01001781,Cardiff 026C,Shoplifting,Under investigation,
93fb864f79470e50a48fd33236cfffdd73832ee8647211c7aeb1a71f37cb19e9,2024-09,South Wales Police,South Wales Police,-3.218920,51.494052,On or near High Street,W01001781,Cardiff 026C,Shoplifting,Investigation complete; no suspect identified,
169a7479557f1c141cefea9b410f2dd00c5e8ede7f07bae6b59f6f0675cbc1af,2024-09,South Wales Police,South Wales Police,-3.224359,51.489005,On or near Ely Road,W01001781,Cardiff 026C,Shoplifting,Investigation complete; no suspect identified,
88c6a00bfbd32107a27999b22272a7679621d845cd9e1cefae251640aa7e94cb,2024-09,South Wales Police,South Wales Police,-3.219003,51.491228,On or near Verland Close,W01001781,Cardiff 026C,Vehicle crime,Investigation complete; no suspect identified,
81c2c49017ddd21230cf18b774e8ab8fed81ded89133aadb3501cf707f68fb62,2024-09,South Wales Police,South Wales Police,-3.219003,51.491228,On or near Verland Close,W01001781,Cardiff 026C,Vehicle crime,Investigation complete; no suspect identified,
640d1fb6daaa0264f90e4465395f1e0f43b73faccc0765e3db773e9773bda868,2024-09,South Wales Police,South Wales Police,-3.210153,51.488829,On or near Penhill Close,W01001781,Cardiff 026C,Vehicle crime,Investigation complete; no suspect identified,
014d57438ddfca4143a0c61f2de8fb05478501df7bbdb277cf05cb959e2aa6f4,2024-09,South Wales Police,South Wales Police,-3.218920,51.494052,On or near High Street,W01001781,Cardiff 026C,Violence and sexual offences,Local resolution,
02e32da1b97151a8d9d35228d66eb88f45ec387cc4d4c74ef54f0a2f42a7fb7a,2024-09,South Wales Police,South Wales Police,-3.227354,51.488434,On or near Waun-Gron Road,W01001782,Cardiff 026D,Violence and sexual offences,Unable to prosecute suspect,
1d42df0dad89b90579c52c658c2fee69b8907be54369d8b04901ac2d4a453981,2024-09,South Wales Police,South Wales Police,-3.227354,51.488434,On or near Waun-Gron Road,W01001782,Cardiff 026D,Violence and sexual offences,Under investigation,
,2024-09,South Wales Police,South Wales Police,-3.246549,51.504633,On or near Petrol Station,W01001783,Cardiff 026E,Anti-social behaviour,,
cc6f6774492511a24653d922159f572c35d8cb977f7d1f9e84cf761e55b45745,2024-09,South Wales Police,South Wales Police,-3.246549,51.504633,On or near Petrol Station,W01001783,Cardiff 026E,Bicycle theft,Investigation complete; no suspect identified,
c0bd7338b8dddfce01d8ffabca3e5dafe294c3f96f0823e377605af4b5859218,2024-09,South Wales Police,South Wales Police,-3.239893,51.506259,On or near Nicholson Webb Close,W01001783,Cardiff 026E,Burglary,Investigation complete; no suspect identified,
bdba27698682de814616975a8d891d895df213ec08efab64775807d05ae55e99,2024-09,South Wales Police,South Wales Police,-3.246549,51.504633,On or near Petrol Station,W01001783,Cardiff 026E,Vehicle crime,Investigation complete; no suspect identified,
2140e1b801d57f6cb081abd6e2db8deffe774316e7aae9c41d88b4fc1c5cbbc4,2024-09,South Wales Police,South Wales Police,-3.246549,51.504633,On or near Petrol Station,W01001783,Cardiff 026E,Vehicle crime,Investigation complete; no suspect identified,
7166e50a0d1637b1342c5200c3318b2f090a04337ce7db2faa5a0782a2e1cbee,2024-09,South Wales Police,South Wales Police,-3.246549,51.504633,On or near Petrol Station,W01001783,Cardiff 026E,Vehicle crime,Investigation complete; no suspect identified,
,2024-09,South Wales Police,South Wales Police,-3.234964,51.501932,On or near Richard Lewis Close,W01001784,Cardiff 026F,Anti-social behaviour,,
6298286caa1cb9f9d1cafb9d9de8eb2f62dad2a6fc5eacbea4451ac700ebe34f,2024-09,South Wales Police,South Wales Police,-3.239131,51.503668,On or near Cadoc Place,W01001784,Cardiff 026F,Burglary,Investigation complete; no suspect identified,
fa87f7b0f37534ed5db4769c0b963eb59ad33d3846e98f247e1587642fa74421,2024-09,South Wales Police,South Wales Police,-3.237617,51.500933,On or near Heol Urban,W01001784,Cardiff 026F,Violence and sexual offences,Unable to prosecute suspect,
58b44496da1fe584aeea190ed9d9223ed787df8afb75baf538f3ea724e9c5079,2024-09,South Wales Police,South Wales Police,-3.240116,51.500133,On or near Digby Close,W01001747,Cardiff 027A,Burglary,Investigation complete; no suspect identified,
e46c30e0da1ef45ea1a863de30b2e8a67d5a52c51b71e588fd073116e902e262,2024-09,South Wales Police,South Wales Police,-3.234875,51.499163,On or near Supermarket,W01001747,Cardiff 027A,Shoplifting,Awaiting court outcome,
42a9a674833decf1b1ca962f2ff65c6cf18004b5fed53a0f604f32552fd89a0c,2024-09,South Wales Police,South Wales Police,-3.234875,51.499163,On or near Supermarket,W01001747,Cardiff 027A,Shoplifting,Under investigation,
523a59e122c35af641c7a2341b42c3b6b0f08de622f435fc1208298fde79fdce,2024-09,South Wales Police,South Wales Police,-3.234875,51.499163,On or near Supermarket,W01001747,Cardiff 027A,Shoplifting,Awaiting court outcome,
1270c609a06e887e7b7a4e21219ebffb1735aff5cc0cc78015aaa4f91830bb9e,2024-09,South Wales Police,South Wales Police,-3.234875,51.499163,On or near Supermarket,W01001747,Cardiff 027A,Shoplifting,Awaiting court outcome,
3c8feaa196c2587d4989af838de0900c5f9c989ff1dba4ea4978a36bea4718b3,2024-09,South Wales Police,South Wales Police,-3.234875,51.499163,On or near Supermarket,W01001747,Cardiff 027A,Shoplifting,Investigation complete; no suspect identified,
d17d2572a478d132008d023038865767a141592d0941020289db07bfb7330a01,2024-09,South Wales Police,South Wales Police,-3.234875,51.499163,On or near Supermarket,W01001747,Cardiff 027A,Shoplifting,Unable to prosecute suspect,
a1be88119423bdafcd0b11cb22a2d709a1480d7bc172869697fbd375f5726205,2024-09,South Wales Police,South Wales Police,-3.234875,51.499163,On or near Supermarket,W01001747,Cardiff 027A,Shoplifting,Investigation complete; no suspect identified,
44a0f76882d67260021db00739611f76b0bf08c31cf645dbaa0f4fd16477ea1b,2024-09,South Wales Police,South Wales Police,-3.234875,51.499163,On or near Supermarket,W01001747,Cardiff 027A,Shoplifting,Under investigation,
0ab92832a9f4805663e352081d084c913356db6414721fdd227a5fabe6ff385f,2024-09,South Wales Police,South Wales Police,-3.234875,51.499163,On or near Supermarket,W01001747,Cardiff 027A,Shoplifting,Awaiting court outcome,
80af1b36cf6e3892227ebaec6acd0225dd135b5173eea1b1f3d6c9eec47a7bf9,2024-09,South Wales Police,South Wales Police,-3.234875,51.499163,On or near Supermarket,W01001747,Cardiff 027A,Shoplifting,Under investigation,
214f1807acb9dfc308de73d9babe9040c3e4885fa820014727c8c0e26237b79d,2024-09,South Wales Police,South Wales Police,-3.234875,51.499163,On or near Supermarket,W01001747,Cardiff 027A,Shoplifting,Awaiting court outcome,
70443c5511ef664f352b452c8fe2d07a910217669cd52281fb21b2a75ae1bc03,2024-09,South Wales Police,South Wales Police,-3.234875,51.499163,On or near Supermarket,W01001747,Cardiff 027A,Shoplifting,Awaiting court outcome,
5fda22f251d8c56bed7d662cd3c03019e354e99966fc8887c8ab8faf9b28266b,2024-09,South Wales Police,South Wales Police,-3.234875,51.499163,On or near Supermarket,W01001747,Cardiff 027A,Shoplifting,Investigation complete; no suspect identified,
0ad0bc83587e88f0254e969b795f071aeebbffa394e5759bdbec3cf805d2fd3d,2024-09,South Wales Police,South Wales Police,-3.234875,51.499163,On or near Supermarket,W01001747,Cardiff 027A,Violence and sexual offences,Unable to prosecute suspect,
e0e2e39171e9ba156541e6e8111137d273657b5e82c9ff53f92e1e201deaae09,2024-09,South Wales Police,South Wales Police,-3.238670,51.499393,On or near Grantham Close,W01001747,Cardiff 027A,Violence and sexual offences,Unable to prosecute suspect,
b1699b71084e8b108bf25c4f0aa183858fe30410691fad8cd85d293fc7d908d7,2024-09,South Wales Police,South Wales Police,-3.238670,51.499393,On or near Grantham Close,W01001747,Cardiff 027A,Violence and sexual offences,Unable to prosecute suspect,
ba8b04ec593c2723e5f95fbdf8c12b74a86129c55e11008e591bdac29de58f76,2024-09,South Wales Police,South Wales Police,-3.243421,51.495575,On or near Kerrigan Close,W01001748,Cardiff 027B,Bicycle theft,Investigation complete; no suspect identified,
4a505ee46e850d60cde77505c99b55d076da8ff539e4c6ce1d3f42a0204fb761,2024-09,South Wales Police,South Wales Police,-3.243421,51.495575,On or near Kerrigan Close,W01001748,Cardiff 027B,Shoplifting,Investigation complete; no suspect identified,
fab1214b340c4522e122d5a374348523a023692028aef9969beead6d144f83b1,2024-09,South Wales Police,South Wales Police,-3.240273,51.497425,On or near Carter Place,W01001748,Cardiff 027B,Violence and sexual offences,Under investigation,
142d1d46287a0cbd8231fe557d08cd9cd7b4aa841a0a1933fc0cee1d5ab09516,2024-09,South Wales Police,South Wales Police,-3.243421,51.495575,On or near Kerrigan Close,W01001748,Cardiff 027B,Violence and sexual offences,Under investigation,
88a0b4abfaaf4fcf497aecfdd853c81aeb40fcc44077f88af6c8f657c5ad2ca4,2024-09,South Wales Police,South Wales Police,-3.243421,51.495575,On or near Kerrigan Close,W01001748,Cardiff 027B,Violence and sexual offences,Under investigation,
fbc9129af8c79eeb1cec1a5dec41595f98ce1079f24a80a1dbd5fdbfebf792f4,2024-09,South Wales Police,South Wales Police,-3.245401,51.499520,On or near Waterhall Road,W01001748,Cardiff 027B,Violence and sexual offences,Unable to prosecute suspect,
230faaaba0708d7e4422cf8aa517a765b4b1855a21d3a00080aed7d029ec6840,2024-09,South Wales Police,South Wales Police,-3.243562,51.498658,On or near Cosheston Road,W01001748,Cardiff 027B,Violence and sexual offences,Under investigation,
,2024-09,South Wales Police,South Wales Police,-3.255942,51.493068,On or near Beech Road,W01001749,Cardiff 027C,Anti-social behaviour,,
,2024-09,South Wales Police,South Wales Police,-3.252132,51.497524,On or near Cedar Grove,W01001749,Cardiff 027C,Anti-social behaviour,,
,2024-09,South Wales Police,South Wales Police,-3.258491,51.494066,On or near Summerwood Close,W01001749,Cardiff 027C,Anti-social behaviour,,
d8caf60a10bcd2b8165d64d9de4f6feddd2f5ef26a18fa8a8ac3d4446e7e0c4c,2024-09,South Wales Police,South Wales Police,-3.249010,51.499238,On or near Sports/Recreation Area,W01001749,Cardiff 027C,Bicycle theft,Investigation complete; no suspect identified,
30fc661b40e188fb87858d74fd206b879e38c815d5a58a3159ae3ae3900d0307,2024-09,South Wales Police,South Wales Police,-3.259039,51.494626,On or near Cornwood Close,W01001749,Cardiff 027C,Criminal damage and arson,Investigation complete; no suspect identified,
1e5793fb521021db458acc63abfe3dbedcdceffe41fe15141cd131bfae79c71c,2024-09,South Wales Police,South Wales Police,-3.255942,51.493068,On or near Beech Road,W01001749,Cardiff 027C,Criminal damage and arson,Unable to prosecute suspect,
8f8d41f90b7fdab78679afc5dee6277120cf8e32f03860a74e602b088e472baa,2024-09,South Wales Police,South Wales Police,-3.254648,51.496292,On or near Elderberry Road,W01001749,Cardiff 027C,Public order,Under investigation,
0902b78c71ffecfc0a0b85942df520f16e6cc805cd85bc9efda276a6626e917e,2024-09,South Wales Police,South Wales Police,-3.255942,51.493068,On or near Beech Road,W01001749,Cardiff 027C,Robbery,Further investigation is not in the public interest,
0e280f11d649af68b87ee4d9c90e106d00d86a3086f3e40c2b161342d8908f2d,2024-09,South Wales Police,South Wales Police,-3.255942,51.493068,On or near Beech Road,W01001749,Cardiff 027C,Vehicle crime,Investigation complete; no suspect identified,
e1e035ed087bc3b9c50e9dcc122d27dceb45e7e173ddf419826fbd61a6209e0a,2024-09,South Wales Police,South Wales Police,-3.258489,51.495055,On or near Bishop Hannon Drive,W01001749,Cardiff 027C,Vehicle crime,Investigation complete; no suspect identified,
5f54c25c9a5801c89e86ccdc00425186ded09bcce65c9f61c9f0596e53564510,2024-09,South Wales Police,South Wales Police,-3.258491,51.494066,On or near Summerwood Close,W01001749,Cardiff 027C,Violence and sexual offences,Awaiting court outcome,
03f9f956c726f4780bbad39fc3273b46b09ec3966712c7ae845d790977cf41c3,2024-09,South Wales Police,South Wales Police,-3.252132,51.497524,On or near Cedar Grove,W01001749,Cardiff 027C,Violence and sexual offences,Unable to prosecute suspect,
9a931891155a054a21166e4301b2a5bccb1dda9a7a7ae16cc26ffe1cbd4aa50b,2024-09,South Wales Police,South Wales Police,-3.252132,51.497524,On or near Cedar Grove,W01001749,Cardiff 027C,Violence and sexual offences,Investigation complete; no suspect identified,
ab8188fa4ceec2edc505b22ceb00af90d2b0b18839e03afb288c4c44aef45539,2024-09,South Wales Police,South Wales Police,-3.252132,51.497524,On or near Cedar Grove,W01001749,Cardiff 027C,Violence and sexual offences,Investigation complete; no suspect identified,
4c421c73f962ccc056d6ebd8b103fedcc80d0d8f6086691efc455b34415fdc6e,2024-09,South Wales Police,South Wales Police,-3.252132,51.497524,On or near Cedar Grove,W01001749,Cardiff 027C,Violence and sexual offences,Unable to prosecute suspect,
ab63c3d622490ebb2fedc5396df62a937ec5638a548da8111dc77ac5a2921e2a,2024-09,South Wales Police,South Wales Police,-3.252132,51.497524,On or near Cedar Grove,W01001749,Cardiff 027C,Violence and sexual offences,Unable to prosecute suspect,
6155faf62559c882e9617d9bc8dea884e70e145f4a73bc591853e50e11036dc8,2024-09,South Wales Police,South Wales Police,-3.258491,51.494066,On or near Summerwood Close,W01001749,Cardiff 027C,Violence and sexual offences,Investigation complete; no suspect identified,
,2024-09,South Wales Police,South Wales Police,-3.253650,51.492975,On or near Willowdale Close,W01001751,Cardiff 027D,Anti-social behaviour,,
,2024-09,South Wales Police,South Wales Police,-3.248486,51.492734,On or near Pinehurst Road,W01001751,Cardiff 027D,Anti-social behaviour,,
,2024-09,South Wales Police,South Wales Police,-3.250931,51.492060,On or near Yewtree Close,W01001751,Cardiff 027D,Anti-social behaviour,,
c5297cdee0da6f7fae03709810b4fe2489c7d26fd14083a07cf23e5b49889581,2024-09,South Wales Police,South Wales Police,-3.250488,51.495347,On or near Orange Grove,W01001751,Cardiff 027D,Burglary,Investigation complete; no suspect identified,
d981d2de5f5e151f58e8d88dc3ace5a5f3b1aa6418e3eeeccb32fe1765c6c109,2024-09,South Wales Police,South Wales Police,-3.248486,51.492734,On or near Pinehurst Road,W01001751,Cardiff 027D,Criminal damage and arson,Awaiting court outcome,
d7382cbaf0f2b7924cf80037b7aea23c83acf132031921d2d9bf13e782d9953c,2024-09,South Wales Police,South Wales Police,-3.251647,51.493482,On or near Honeysuckle Grove,W01001751,Cardiff 027D,Criminal damage and arson,Unable to prosecute suspect,
fcf1de022a1f1f192c43ff360cb09341720fedf0d70f4c5a40c4fcc419ea2359,2024-09,South Wales Police,South Wales Police,-3.254632,51.495707,On or near Maple Road,W01001751,Cardiff 027D,Vehicle crime,Investigation complete; no suspect identified,
7971e250a5b833105cee42075be7a879c56ba670e8c072a9d71e0b5d814a6c18,2024-09,South Wales Police,South Wales Police,-3.253650,51.492975,On or near Willowdale Close,W01001751,Cardiff 027D,Violence and sexual offences,Unable to prosecute suspect,
54d0aff0c1a7bef221d968c90eabbc475cdb125c17bb1363c4307834afcad994,2024-09,South Wales Police,South Wales Police,-3.253650,51.492975,On or near Willowdale Close,W01001751,Cardiff 027D,Violence and sexual offences,Unable to prosecute suspect,
b4a958f6712594713d00ba9d1edcb93c329cdd6e485e5356f43c195fe4ce207e,2024-09,South Wales Police,South Wales Police,-3.253650,51.492975,On or near Willowdale Close,W01001751,Cardiff 027D,Violence and sexual offences,Awaiting court outcome,
b0707b45de01c5b5d9f3559305a14caede4f6474c55b6fdddc79560904c9f301,2024-09,South Wales Police,South Wales Police,-3.251647,51.493482,On or near Honeysuckle Grove,W01001751,Cardiff 027D,Violence and sexual offences,Under investigation,
0a73f5658b482a2391b268ddc7c7d243e937ffdb33cf277ea6b2383a5f7e894b,2024-09,South Wales Police,South Wales Police,-3.250722,51.493906,On or near Lavender Grove,W01001751,Cardiff 027D,Violence and sexual offences,Under investigation,
3ae8ce7cefa64b7814a0b8e5170698e785fb075ec380dd0b528990eb447cde1d,2024-09,South Wales Police,South Wales Police,-3.252306,51.495472,On or near Beechley Drive,W01001751,Cardiff 027D,Violence and sexual offences,Unable to prosecute suspect,
0b393daf323beb5a5d81d1e43961cf6c077b2baa76f31bc8982f201b3008c6b1,2024-09,South Wales Police,South Wales Police,-3.252306,51.495472,On or near Beechley Drive,W01001751,Cardiff 027D,Violence and sexual offences,Unable to prosecute suspect,
f8baf88600d5fef32da305b9b7d641b5892edb25ef0ac9d847dc2d29d24b3e85,2024-09,South Wales Police,South Wales Police,-3.250931,51.492060,On or near Yewtree Close,W01001751,Cardiff 027D,Violence and sexual offences,Unable to prosecute suspect,
54a23c3ef033eab3f514c221b99a0b8a125a43bef55382d55b7d0b1fad57fa6c,2024-09,South Wales Police,South Wales Police,-3.253846,51.492775,On or near Willowdale Road,W01001751,Cardiff 027D,Violence and sexual offences,Unable to prosecute suspect,
2d2c36c360db4a172f4f969e2ac542ee536548f7896fba2cd2945bdca5c25460,2024-09,South Wales Police,South Wales Police,-3.179526,51.498106,On or near Dogfield Street,W01001718,Cardiff 028A,Burglary,Investigation complete; no suspect identified,
22f58d104ffb531e1ac0245d5f93de747e8f2b1c99766bb58b45db902599a112,2024-09,South Wales Police,South Wales Police,-3.176222,51.495666,On or near Lucas Street,W01001718,Cardiff 028A,Drugs,Under investigation,
045b08fdd034f65eeefd3a28250d4f56cdc117d3a102ce17be2c76075a2ca83d,2024-09,South Wales Police,South Wales Police,-3.176073,51.497709,On or near Gwennyth Street,W01001718,Cardiff 028A,Drugs,Formal action is not in the public interest,
3d6a8c01ef999e8a3b871403a6202cbef7d671af569a13f5a4695ffff4cd8263,2024-09,South Wales Police,South Wales Police,-3.179526,51.498106,On or near Dogfield Street,W01001718,Cardiff 028A,Violence and sexual offences,Unable to prosecute suspect,
,2024-09,South Wales Police,South Wales Police,-3.187180,51.496050,On or near Gelligaer Gardens,W01001719,Cardiff 028B,Anti-social behaviour,,
,2024-09,South Wales Police,South Wales Police,-3.184324,51.495342,On or near Pentyrch Street,W01001719,Cardiff 028B,Anti-social behaviour,,
,2024-09,South Wales Police,South Wales Police,-3.184324,51.495342,On or near Pentyrch Street,W01001719,Cardiff 028B,Anti-social behaviour,,
,2024-09,South Wales Police,South Wales Police,-3.183805,51.497019,On or near Cwmdare Street,W01001719,Cardiff 028B,Anti-social behaviour,,
f7d1ed6af24b0fa1029f0fa233f66dd24c05f25ce078ac6725d238382b3d7dd9,2024-09,South Wales Police,South Wales Police,-3.185920,51.495802,On or near Cosmeston Street,W01001719,Cardiff 028B,Burglary,Investigation complete; no suspect identified,
26af21970f005e19c4843d6e4b7b3bd8146764d77ed89e2114f0f81150cebfc4,2024-09,South Wales Police,South Wales Police,-3.185269,51.496258,On or near Lisvane Street,W01001719,Cardiff 028B,Burglary,Investigation complete; no suspect identified,
fae39968ef38f9406dd8b59c83de67642d80444892585c1ba20b0c0a20dc32ed,2024-09,South Wales Police,South Wales Police,-3.184324,51.495342,On or near Pentyrch Street,W01001719,Cardiff 028B,Burglary,Investigation complete; no suspect identified,
ba5b106386aa0eb8e5b4b1dbe4f63fea35500a5b405f949dd088631d8a213ff3,2024-09,South Wales Police,South Wales Police,-3.185269,51.496258,On or near Lisvane Street,W01001719,Cardiff 028B,Burglary,Investigation complete; no suspect identified,
8d7a2149578e0069e2a034ea304092a6d4cbb8447bbfeb412d10d4a9acb03b16,2024-09,South Wales Police,South Wales Police,-3.186459,51.494933,On or near Rhigos Gardens,W01001719,Cardiff 028B,Burglary,Investigation complete; no suspect identified,
3c5482b98152936bfafb7e997e987be3b503ae2e05ba7cc6e5262cd87bed18b0,2024-09,South Wales Police,South Wales Police,-3.184324,51.495342,On or near Pentyrch Street,W01001719,Cardiff 028B,Criminal damage and arson,Unable to prosecute suspect,
825598e0d6f114b4c4fb6fad549534cbdeef7afbd921aab73329636ff311112a,2024-09,South Wales Police,South Wales Police,-3.187180,51.496050,On or near Gelligaer Gardens,W01001719,Cardiff 028B,Violence and sexual offences,Under investigation,
c4890fffe7c1dfc942cc619fcbb93f4817358d182d34e651f87b3c913abc161c,2024-09,South Wales Police,South Wales Police,-3.184324,51.495342,On or near Pentyrch Street,W01001719,Cardiff 028B,Violence and sexual offences,Unable to prosecute suspect,
,2024-09,South Wales Police,South Wales Police,-3.175272,51.494579,On or near Alexander Street,W01001720,Cardiff 028C,Anti-social behaviour,,
,2024-09,South Wales Police,South Wales Police,-3.180683,51.496044,On or near Whitchurch Place,W01001720,Cardiff 028C,Anti-social behaviour,,
49db9f1e9eb4725d4a209831b26c0f340421179213d6e74e7cc997c2cfa7ff1c,2024-09,South Wales Police,South Wales Police,-3.180866,51.494774,On or near Minny Street,W01001720,Cardiff 028C,Criminal damage and arson,Investigation complete; no suspect identified,
5f5cd6dbcec69073c40af249c29509fd7a7eba5c86f8e20801a57c00326e4476,2024-09,South Wales Police,South Wales Police,-3.180683,51.496044,On or near Whitchurch Place,W01001720,Cardiff 028C,Drugs,Under investigation,
50721fab90d3d81e1b43f2968a37c1c0ffebff5caf6ec9860ade322f260f5df5,2024-09,South Wales Police,South Wales Police,-3.180683,51.496044,On or near Whitchurch Place,W01001720,Cardiff 028C,Possession of weapons,Under investigation,
90638469c357eef8ad8a35caf03324ec1552340e0ee8e0eb6530d1185b368c1c,2024-09,South Wales Police,South Wales Police,-3.176891,51.494805,On or near Crwys Road,W01001720,Cardiff 028C,Public order,Investigation complete; no suspect identified,
e9073772a0aab37cb2f876d5b6a845b946d510bfaf5695d9999a3dec77e0be75,2024-09,South Wales Police,South Wales Police,-3.180683,51.496044,On or near Whitchurch Place,W01001720,Cardiff 028C,Public order,Unable to prosecute suspect,
f5348999ef05e9de20d17e2c2e2b0ffe2af6f1bdca276d59afb6273daa21cfd8,2024-09,South Wales Police,South Wales Police,-3.178194,51.495619,On or near Supermarket,W01001720,Cardiff 028C,Robbery,Under investigation,
5c935099551aa39e7cdba21d9cad793d0f15f1d4c94a49f4b0b0ce81178274fb,2024-09,South Wales Police,South Wales Police,-3.176891,51.494805,On or near Crwys Road,W01001720,Cardiff 028C,Shoplifting,Awaiting court outcome,
3e0233449ef15ad1eb80378871e9ff2e6eaa2a5e4c54c6064090650b62759da4,2024-09,South Wales Police,South Wales Police,-3.176891,51.494805,On or near Crwys Road,W01001720,Cardiff 028C,Shoplifting,Investigation complete; no suspect identified,
b119bb68ef352ed1f6311dce63b951754a94c5f9c436ef0aacc22436fde3022b,2024-09,South Wales Police,South Wales Police,-3.176891,51.494805,On or near Crwys Road,W01001720,Cardiff 028C,Shoplifting,Investigation complete; no suspect identified,
74038ed0da845363ce5fedab8080c7bcc698b96aa1fa1003aad17d20d652dcef,2024-09,South Wales Police,South Wales Police,-3.176891,51.494805,On or near Crwys Road,W01001720,Cardiff 028C,Shoplifting,Investigation complete; no suspect identified,
78f932a57435d9cc7aa6a3db3c3ec27017e10d98b238361f3a3607d65d241c94,2024-09,South Wales Police,South Wales Police,-3.176891,51.494805,On or near Crwys Road,W01001720,Cardiff 028C,Shoplifting,Investigation complete; no suspect identified,
e8dd3c40be3482f582e6fefed252709fb503a3aac00e91aa666fb8c0c6bd6f03,2024-09,South Wales Police,South Wales Police,-3.180866,51.494774,On or near Minny Street,W01001720,Cardiff 028C,Violence and sexual offences,Unable to prosecute suspect,
b5ef416f0ebfe2a82cf26556706d1ba5b0d59b1d95a1ee0928e226dbdc98659f,2024-09,South Wales Police,South Wales Police,-3.176891,51.494805,On or near Crwys Road,W01001720,Cardiff 028C,Violence and sexual offences,Awaiting court outcome,
0a3de622df9df702f4a8b60f835eb2c67452a6973e3c589ebf93f0a9a22c6bf8,2024-09,South Wales Police,South Wales Police,-3.180683,51.496044,On or near Whitchurch Place,W01001720,Cardiff 028C,Other crime,Investigation complete; no suspect identified,
,2024-09,South Wales Police,South Wales Police,-3.183059,51.494905,On or near Darran Street,W01001722,Cardiff 028D,Anti-social behaviour,,
,2024-09,South Wales Police,South Wales Police,-3.183785,51.493441,On or near Merthyr Street,W01001722,Cardiff 028D,Anti-social behaviour,,
6d88cfcb0dbaed4e9e2d08b384c00168b99fa306c38bc6fe66e1333ff4cdcc58,2024-09,South Wales Police,South Wales Police,-3.183059,51.494905,On or near Darran Street,W01001722,Cardiff 028D,Bicycle theft,Investigation complete; no suspect identified,
6178c63f44bac4aa234371417bfd03637f56b2823c0a891adce31ead533d6108,2024-09,South Wales Police,South Wales Police,-3.182852,51.494152,On or near Hirwain Street,W01001722,Cardiff 028D,Burglary,Investigation complete; no suspect identified,
0f534d4051ba02ae84f6564437c1ae639a231cc321e51615a244660674ce23a3,2024-09,South Wales Police,South Wales Police,-3.183785,51.493441,On or near Merthyr Street,W01001722,Cardiff 028D,Vehicle crime,Investigation complete; no suspect identified,
1ab8a8d45e8b57453879690c0935b6be926a23d6c3cba04e0cc5cf891dd434c3,2024-09,South Wales Police,South Wales Police,-3.184619,51.496723,On or near Brithdir Street,W01001722,Cardiff 028D,Violence and sexual offences,Unable to prosecute suspect,
5110ae47b4dff3ac8e0f99bb3d23057a012fc6cf78c198c507d853a6883c9b65,2024-09,South Wales Police,South Wales Police,-3.183785,51.493441,On or near Merthyr Street,W01001722,Cardiff 028D,Other crime,Awaiting court outcome,
,2024-09,South Wales Police,South Wales Police,-3.183572,51.497489,On or near Gelligaer Lane,W01001726,Cardiff 028E,Anti-social behaviour,,
270d32fd87428401006157907061a20e402d9b3182b5a1b62360957f44dd2fa8,2024-09,South Wales Police,South Wales Police,-3.178137,51.498434,On or near Bruce Street,W01001726,Cardiff 028E,Burglary,Investigation complete; no suspect identified,
5b26dbf58f62bc286723d1e5213556bdb17f465a51ac2d8b0d86a262c0d9d19f,2024-09,South Wales Police,South Wales Police,-3.186522,51.497352,On or near Gelligaer Street,W01001726,Cardiff 028E,Burglary,Investigation complete; no suspect identified,
9e9e918535ec7509d422c3d9bd170a4aa33126d97a501a754b85586509080891,2024-09,South Wales Police,South Wales Police,-3.179593,51.499031,On or near Malefant Street,W01001726,Cardiff 028E,Criminal damage and arson,Investigation complete; no suspect identified,
0a3c745142c8e15537492c0f2644cc05c7579f409e1fd300960fa2367af5c0af,2024-09,South Wales Police,South Wales Police,-3.183572,51.497489,On or near Gelligaer Lane,W01001726,Cardiff 028E,Drugs,Awaiting court outcome,
ade25f0cf0ec8e32a13dbb567a0015a62f94fd7fd98509ab4cb535b8b2b70cd1,2024-09,South Wales Police,South Wales Police,-3.179593,51.499031,On or near Malefant Street,W01001726,Cardiff 028E,Drugs,Investigation complete; no suspect identified,
53b8a2d686d929867098e8f3e7c37b6a11c9dce3bf467c3d37e7b9ed3ed06881,2024-09,South Wales Police,South Wales Police,-3.186522,51.497352,On or near Gelligaer Street,W01001726,Cardiff 028E,Public order,Investigation complete; no suspect identified,
730c9a4c3fc83dae1656158176230933d262461aa3c18e2b3c877db91d0b1b3e,2024-09,South Wales Police,South Wales Police,-3.183572,51.497489,On or near Gelligaer Lane,W01001726,Cardiff 028E,Vehicle crime,Investigation complete; no suspect identified,
75f3771159f213c789b99fecac12a5919c58146add030fccbd9dc7e3b907483c,2024-09,South Wales Police,South Wales Police,-3.178137,51.498434,On or near Bruce Street,W01001726,Cardiff 028E,Vehicle crime,Investigation complete; no suspect identified,
d277a2072e0ce6c769367a4c3552bcab56c1f5ef6a465a20cece1bec0dc908dc,2024-09,South Wales Police,South Wales Police,-3.176494,51.499530,On or near Clun Terrace,W01001726,Cardiff 028E,Vehicle crime,Under investigation,
ee60f33a38e33b5d82b444b6915e2b560527aa847e0ce2351ee332c1444ff4d9,2024-09,South Wales Police,South Wales Police,-3.183572,51.497489,On or near Gelligaer Lane,W01001726,Cardiff 028E,Violence and sexual offences,Unable to prosecute suspect,
3c774985f8067dd481837679332847616a24b44221920b0e24312e0255209ce3,2024-09,South Wales Police,South Wales Police,-3.183572,51.497489,On or near Gelligaer Lane,W01001726,Cardiff 028E,Violence and sexual offences,Under investigation,
7616ebc01e313c8e4711e1c90384c7a8109f0d72ca14c273389edbb59c9c80b7,2024-09,South Wales Police,South Wales Police,-3.183572,51.497489,On or near Gelligaer Lane,W01001726,Cardiff 028E,Violence and sexual offences,Unable to prosecute suspect,
b4a96066bfd4ec908430a08c1be80a1a443b9cb953da5d1f5e4a8d4054c39e5e,2024-09,South Wales Police,South Wales Police,-3.183572,51.497489,On or near Gelligaer Lane,W01001726,Cardiff 028E,Violence and sexual offences,Unable to prosecute suspect,
,2024-09,South Wales Police,South Wales Police,-3.152863,51.497103,On or near Doe Close,W01001822,Cardiff 029A,Anti-social behaviour,,
,2024-09,South Wales Police,South Wales Police,-3.148969,51.499191,On or near Attfield Close,W01001822,Cardiff 029A,Anti-social behaviour,,
,2024-09,South Wales Police,South Wales Police,-3.141976,51.499556,On or near Petrol Station,W01001822,Cardiff 029A,Anti-social behaviour,,
,2024-09,South Wales Police,South Wales Police,-3.152863,51.497103,On or near Doe Close,W01001822,Cardiff 029A,Anti-social behaviour,,
,2024-09,South Wales Police,South Wales Police,-3.141869,51.499854,On or near Supermarket,W01001822,Cardiff 029A,Anti-social behaviour,,
fb3b3da97998839db9ba038e1d63faf9dce1ee313da13fbdbb31235edb256206,2024-09,South Wales Police,South Wales Police,-3.159433,51.499969,On or near Winchester Avenue,W01001822,Cardiff 029A,Burglary,Investigation complete; no suspect identified,
86a1483a674ef6adc8e5334987ddc9f58cd24ef2dc413537bb0ce91a405f492a,2024-09,South Wales Police,South Wales Police,-3.159433,51.499969,On or near Winchester Avenue,W01001822,Cardiff 029A,Burglary,Investigation complete; no suspect identified,
2c44f96a44d27698d8b2383a91198df79db0b37153fc75aa3f05c9cdac262303,2024-09,South Wales Police,South Wales Police,-3.141976,51.499556,On or near Petrol Station,W01001822,Cardiff 029A,Burglary,Investigation complete; no suspect identified,
0357363343bbf50654da76842b669041b091bc5ae1c14091a4e37932f094cbed,2024-09,South Wales Police,South Wales Police,-3.153151,51.498809,On or near Mathias Close,W01001822,Cardiff 029A,Burglary,Investigation complete; no suspect identified,
c7cd16c37cf79ce9dd662d09bb81189a10164baea0a21439639c19ecc7d0403d,2024-09,South Wales Police,South Wales Police,-3.143048,51.498035,On or near Norwich Road,W01001822,Cardiff 029A,Burglary,Investigation complete; no suspect identified,
19d434a55aa90345df2545959bebece19b1d102bafa8ccaf842ed9e8fb05eb86,2024-09,South Wales Police,South Wales Police,-3.147992,51.499318,On or near Salmon Close,W01001822,Cardiff 029A,Burglary,Investigation complete; no suspect identified,
ec75f1bee7ead727adb014113b335184563e5ac2791f0d15621453341c6eab16,2024-09,South Wales Police,South Wales Police,-3.153830,51.497165,On or near Colchester Court,W01001822,Cardiff 029A,Criminal damage and arson,Unable to prosecute suspect,
402269355f946efa0c0d8dbfed282a473986d90349f28990663d115e29d759eb,2024-09,South Wales Police,South Wales Police,-3.141976,51.499556,On or near Petrol Station,W01001822,Cardiff 029A,Other theft,Investigation complete; no suspect identified,
b84c7b9ce2526857370f059c951cf0e4388f1c224c18307c6557f289b3aaeafe,2024-09,South Wales Police,South Wales Police,-3.143048,51.498035,On or near Norwich Road,W01001822,Cardiff 029A,Other theft,Investigation complete; no suspect identified,
deb2ec8f6c8574a5073ab82ffbe776e58715d10ae9d50668723dc45d9f457139,2024-09,South Wales Police,South Wales Police,-3.143048,51.498035,On or near Norwich Road,W01001822,Cardiff 029A,Other theft,Investigation complete; no suspect identified,
ae66a3dbbc6931a37169d9dda6a23e82557ef74e1c30edfd505ef2fb3fb1bc52,2024-09,South Wales Police,South Wales Police,-3.152863,51.497103,On or near Doe Close,W01001822,Cardiff 029A,Other theft,Unable to prosecute suspect,
65f65adab2c50ab3559436cbb298f273bdf4d51316a65aa5e82a9417dd25f4eb,2024-09,South Wales Police,South Wales Police,-3.141869,51.499854,On or near Supermarket,W01001822,Cardiff 029A,Other theft,Investigation complete; no suspect identified,
0727ac5c30ebd43b0c4c835d08b526896ccec2519337f02ee44c9d6406e8d83e,2024-09,South Wales Police,South Wales Police,-3.141869,51.499854,On or near Supermarket,W01001822,Cardiff 029A,Other theft,Investigation complete; no suspect identified,
4bbd1820b879c40ffc8a6c54747b607d53da13aa4ddf7ca7773300e3b8954ee0,2024-09,South Wales Police,South Wales Police,-3.141869,51.499854,On or near Supermarket,W01001822,Cardiff 029A,Other theft,Investigation complete; no suspect identified,
be76c2e84ff2617067c2a5fa9bce93d2de3be00ddeac2820681b36551237f5e2,2024-09,South Wales Police,South Wales Police,-3.141869,51.499854,On or near Supermarket,W01001822,Cardiff 029A,Other theft,Investigation complete; no suspect identified,
ce4612bf166ca893ee3c631de60f65ae6ea85e90803153b19ba5b96eb8eb02d8,2024-09,South Wales Police,South Wales Police,-3.148969,51.499191,On or near Attfield Close,W01001822,Cardiff 029A,Public order,Unable to prosecute suspect,
f3562eea1c80c25849b83a04be4de46986f31be28180dcb2035c9f9270bf62d7,2024-09,South Wales Police,South Wales Police,-3.147992,51.499318,On or near Salmon Close,W01001822,Cardiff 029A,Public order,Unable to prosecute suspect,
f02757e1f706a32da19283c3677d6d6c8e6f946f42905c00d2cbeb8f5218669a,2024-09,South Wales Police,South Wales Police,-3.159433,51.499969,On or near Winchester Avenue,W01001822,Cardiff 029A,Public order,Unable to prosecute suspect,
631d838c163e964830cdef95fa346ad673783b860ee716ce2b7260e8950a5446,2024-09,South Wales Police,South Wales Police,-3.153830,51.497165,On or near Colchester Court,W01001822,Cardiff 029A,Public order,Investigation complete; no suspect identified,
b34daeabc2b77076909db88fd225b0b86715236b8404cea37cd1f3beab111de8,2024-09,South Wales Police,South Wales Police,-3.143048,51.498035,On or near Norwich Road,W01001822,Cardiff 029A,Shoplifting,Awaiting court outcome,
07a4b4403177ae6c00e049b7515d1c6657c752cd16ca513692cee64f095234d6,2024-09,South Wales Police,South Wales Police,-3.141976,51.499556,On or near Petrol Station,W01001822,Cardiff 029A,Shoplifting,Investigation complete; no suspect identified,
c3a59eec1ad8505b93d6a5d4c86550e7c3fad07a636ce6fb40109db431437af7,2024-09,South Wales Police,South Wales Police,-3.141869,51.499854,On or near Supermarket,W01001822,Cardiff 029A,Shoplifting,Investigation complete; no suspect identified,
b0b51eaf3460ba1f22a7e6c44647b664f04d0f029692cac2748e7c0a5bd01de7,2024-09,South Wales Police,South Wales Police,-3.141869,51.499854,On or near Supermarket,W01001822,Cardiff 029A,Shoplifting,Investigation complete; no suspect identified,
109bb93073df8c2bc5405d8bb0412bdd7636753bc9be654a8e1336d188447c05,2024-09,South Wales Police,South Wales Police,-3.143048,51.498035,On or near Norwich Road,W01001822,Cardiff 029A,Shoplifting,Investigation complete; no suspect identified,
56c5d02c222df28e0cd8945dd960f78b7eeb65d871c45d19402d297953089e3a,2024-09,South Wales Police,South Wales Police,-3.159433,51.499969,On or near Winchester Avenue,W01001822,Cardiff 029A,Vehicle crime,Investigation complete; no suspect identified,
812974cebaa72b6d54b4cab722a6bf6337306064cdf73685999f3e68976a0a90,2024-09,South Wales Police,South Wales Police,-3.152863,51.497103,On or near Doe Close,W01001822,Cardiff 029A,Violence and sexual offences,Unable to prosecute suspect,
abdc56c9343c9e3927e085d5cbaf73c713b366a918255c3095c25761aca6d299,2024-09,South Wales Police,South Wales Police,-3.147992,51.499318,On or near Salmon Close,W01001822,Cardiff 029A,Violence and sexual offences,Under investigation,
e7866d2671f2003be9631a48868c7debe6092c6456f383f7fc8c22767109aa99,2024-09,South Wales Police,South Wales Police,-3.152863,51.497103,On or near Doe Close,W01001822,Cardiff 029A,Violence and sexual offences,Awaiting court outcome,
2b9b693facef20d02977be3d7a588a74c95d09c0cea027f53596d3b1bec634cc,2024-09,South Wales Police,South Wales Police,-3.151036,51.499486,On or near Woosnam Close,W01001822,Cardiff 029A,Violence and sexual offences,Unable to prosecute suspect,
ecc7436b58254a93711963d34c0756d7add174814bac793c2a277f3b1d130068,2024-09,South Wales Police,South Wales Police,-3.149608,51.497683,On or near Scholars Drive,W01001822,Cardiff 029A,Violence and sexual offences,Unable to prosecute suspect,
0989c802d65d256cc80434158dc7e28f0feede83627f784a6b088c1f4cd18559,2024-09,South Wales Police,South Wales Police,-3.151036,51.499486,On or near Woosnam Close,W01001822,Cardiff 029A,Violence and sexual offences,Unable to prosecute suspect,
332d4bfdef5b9a37bc44db3cc05a0066cea60fc066de208c2ecf536f3f12a8f0,2024-09,South Wales Police,South Wales Police,-3.151036,51.499486,On or near Woosnam Close,W01001822,Cardiff 029A,Violence and sexual offences,Unable to prosecute suspect,
9496bdce59ba2491fafe9aaf959e9fca0f6db4cbba1eb3c55c339771297c8303,2024-09,South Wales Police,South Wales Police,-3.149608,51.497683,On or near Scholars Drive,W01001822,Cardiff 029A,Violence and sexual offences,Unable to prosecute suspect,
02f8f568a29bc24e8b79349ef95605ffc40f9cf26eff97951a66217210dc4647,2024-09,South Wales Police,South Wales Police,-3.141869,51.499854,On or near Supermarket,W01001822,Cardiff 029A,Other crime,Under investigation,
945e4db6ed8034c4d52f4711c6df45ae72902137ec4742a4395dc8dbf6b59ecb,2024-09,South Wales Police,South Wales Police,-3.156816,51.497316,On or near Waterloo Road,W01001823,Cardiff 029B,Burglary,Investigation complete; no suspect identified,
6d1d8efaba4754924944811b3e25886443d42202d650d82cb2aa01defe106244,2024-09,South Wales Police,South Wales Police,-3.160079,51.497032,On or near Ladysmith Road,W01001823,Cardiff 029B,Burglary,Investigation complete; no suspect identified,
b77f4edf64aea179a6a2f234f7c37ea4dbc2cb381882c317169c1e7f2a37bfb1,2024-09,South Wales Police,South Wales Police,-3.160938,51.497401,On or near Mafeking Road,W01001823,Cardiff 029B,Criminal damage and arson,Investigation complete; no suspect identified,
41d2db72ffeda8fc41fa75132b1ba1cd265db2a8079270dc401bbe6cbcf5f119,2024-09,South Wales Police,South Wales Police,-3.160079,51.497032,On or near Ladysmith Road,W01001823,Cardiff 029B,Other theft,Investigation complete; no suspect identified,
68efba31a2f45660f955e6fa9fd98b4ee7970bacb25af66cffc33060ac959d82,2024-09,South Wales Police,South Wales Police,-3.158205,51.494128,On or near Grenville Road,W01001823,Cardiff 029B,Other theft,Investigation complete; no suspect identified,
7b0a6a252b10ce917bcd7e9b2568f58a62349f813413164b2c86f00b4636d095,2024-09,South Wales Police,South Wales Police,-3.158205,51.494128,On or near Grenville Road,W01001823,Cardiff 029B,Public order,Investigation complete; no suspect identified,
87226a3a1c93bd359703e4546dcf896d9af5dad361f2f810c2b959335e15a288,2024-09,South Wales Police,South Wales Police,-3.158963,51.496180,On or near Kimberley Road,W01001823,Cardiff 029B,Vehicle crime,Investigation complete; no suspect identified,
fd6961ca988e90788aafcb997e51ba53dca9031868e0e5f6a6036c17d1ac6970,2024-09,South Wales Police,South Wales Police,-3.160079,51.497032,On or near Ladysmith Road,W01001823,Cardiff 029B,Vehicle crime,Investigation complete; no suspect identified,
17a2d0346398c5038629fe3b515d86544d018325c5b75edc182f00e9a61c211d,2024-09,South Wales Police,South Wales Police,-3.160085,51.495557,On or near Sandringham Road,W01001823,Cardiff 029B,Vehicle crime,Investigation complete; no suspect identified,
04a373b37c5cc85d794ebba26db950835397c165af946e83321f602a9f7edb74,2024-09,South Wales Police,South Wales Police,-3.160079,51.497032,On or near Ladysmith Road,W01001823,Cardiff 029B,Vehicle crime,Investigation complete; no suspect identified,
61c6d62942e113ceb4a614a338544efee0a8a6475f53a236c562f653fb9a04ce,2024-09,South Wales Police,South Wales Police,-3.160085,51.495557,On or near Sandringham Road,W01001823,Cardiff 029B,Vehicle crime,Investigation complete; no suspect identified,
52502bb66f8bd9b704809b43cdfdd1d0634b6c59e291676ce75aaad4f41fb233,2024-09,South Wales Police,South Wales Police,-3.160938,51.497401,On or near Mafeking Road,W01001823,Cardiff 029B,Violence and sexual offences,Unable to prosecute suspect,
72828b0f7151fe6046efd61191d604ff0a25215f05c0da2620463b23f92b2b27,2024-09,South Wales Police,South Wales Police,-3.160938,51.497401,On or near Mafeking Road,W01001823,Cardiff 029B,Violence and sexual offences,Unable to prosecute suspect,
,2024-09,South Wales Police,South Wales Police,-3.162256,51.493710,On or near Albany Road,W01001824,Cardiff 029C,Anti-social behaviour,,
,2024-09,South Wales Police,South Wales Police,-3.162977,51.497138,On or near Westville Walk,W01001824,Cardiff 029C,Anti-social behaviour,,
,2024-09,South Wales Police,South Wales Police,-3.163764,51.495790,On or near Balaclava Road,W01001824,Cardiff 029C,Anti-social behaviour,,
,2024-09,South Wales Police,South Wales Police,-3.163764,51.495790,On or near Balaclava Road,W01001824,Cardiff 029C,Anti-social behaviour,,
,2024-09,South Wales Police,South Wales Police,-3.163764,51.495790,On or near Balaclava Road,W01001824,Cardiff 029C,Anti-social behaviour,,
acb4be2574cec29056476690b5f8e17993e5936811d7bb364347d0cb947c9fae,2024-09,South Wales Police,South Wales Police,-3.160326,51.494269,On or near Marlborough Road,W01001824,Cardiff 029C,Criminal damage and arson,Investigation complete; no suspect identified,
c336a53457a24bbdd6d7f246770b5f614d940402fd29b8057e6075492880a577,2024-09,South Wales Police,South Wales Police,-3.162150,51.495177,On or near Cressy Road,W01001824,Cardiff 029C,Other theft,Unable to prosecute suspect,
a1268d9d1a9f42553a04c98d56e14a2fac7d557a3e133763ba3dd9f9181fe9ed,2024-09,South Wales Police,South Wales Police,-3.163764,51.495790,On or near Balaclava Road,W01001824,Cardiff 029C,Public order,Unable to prosecute suspect,
c6dedd02daf1ee59fa94100306fd3130c6684fe20e67bfb1df523394e59dd308,2024-09,South Wales Police,South Wales Police,-3.162977,51.497138,On or near Westville Walk,W01001824,Cardiff 029C,Public order,Unable to prosecute suspect,
993d6f197846b98cc5bb5f0b0ee8d71f5fff8b5ad70bb942e755f973c83aa48c,2024-09,South Wales Police,South Wales Police,-3.160326,51.494269,On or near Marlborough Road,W01001824,Cardiff 029C,Vehicle crime,Investigation complete; no suspect identified,
,2024-09,South Wales Police,South Wales Police,-3.149158,51.495826,On or near Ffordd Nowell,W01001825,Cardiff 029D,Anti-social behaviour,,
,2024-09,South Wales Police,South Wales Police,-3.145531,51.493677,On or near Watford Road,W01001825,Cardiff 029D,Anti-social behaviour,,
,2024-09,South Wales Police,South Wales Police,-3.154759,51.493443,On or near Church Terrace,W01001825,Cardiff 029D,Anti-social behaviour,,
2fc09cacd8a0af4fbec223b3f5f3e9c0e16752cc5d17879e4f5f3b39c3f33818,2024-09,South Wales Police,South Wales Police,-3.138666,51.498527,On or near Rhymney River Bridge Road,W01001825,Cardiff 029D,Bicycle theft,Under investigation,
ea244ce8333078c7472455f1e2ad9fb339717aa6cb8a71e217898696fc0bc559,2024-09,South Wales Police,South Wales Police,-3.153241,51.492073,On or near Southminster Road,W01001825,Cardiff 029D,Burglary,Investigation complete; no suspect identified,
64cc6ddcab6160fde3b610c2ab2405eb0afcb4a7c9c5620a887e008f37c6ad5e,2024-09,South Wales Police,South Wales Police,-3.138666,51.498527,On or near Rhymney River Bridge Road,W01001825,Cardiff 029D,Burglary,Investigation complete; no suspect identified,
c69806f18b9bbb690528fee6b9d9b02623b2c81749f8982f5b142c19fc733021,2024-09,South Wales Police,South Wales Police,-3.138666,51.498527,On or near Rhymney River Bridge Road,W01001825,Cardiff 029D,Other theft,Investigation complete; no suspect identified,
66bee9ea55cf76e3dd21abc5d6199607320cde1c3df8f96ea8cb1b3dc406dbe9,2024-09,South Wales Police,South Wales Police,-3.138666,51.498527,On or near Rhymney River Bridge Road,W01001825,Cardiff 029D,Other theft,Investigation complete; no suspect identified,
0c64da0b6709a30131f60cc45c17bbc39d79455e150107709eb561871039966d,2024-09,South Wales Police,South Wales Police,-3.145531,51.493677,On or near Watford Road,W01001825,Cardiff 029D,Other theft,Under investigation,
7b5992840317951900fc1e170377b603fcfe7ccc4588a100a809cb5aee1450ed,2024-09,South Wales Police,South Wales Police,-3.145531,51.493677,On or near Watford Road,W01001825,Cardiff 029D,Other theft,Investigation complete; no suspect identified,
03ee6d57032674d26e1cb2bf7ceb82be27966d69b3155d03c1312de19d523f5f,2024-09,South Wales Police,South Wales Police,-3.151839,51.497608,On or near Colchester Avenue,W01001825,Cardiff 029D,Public order,Unable to prosecute suspect,
014468cd2e3083801639875578a8a7cbda2bfae57b5d544fa4d909b812ff3c3a,2024-09,South Wales Police,South Wales Police,-3.148230,51.495479,On or near Shopping Area,W01001825,Cardiff 029D,Public order,Unable to prosecute suspect,
84eb3cb0ab92bf59c0d062ec70ba2926454ee69c6476c3e0cc6deaa2db0fc1a9,2024-09,South Wales Police,South Wales Police,-3.154468,51.492762,On or near St Margaret'S Crescent,W01001825,Cardiff 029D,Public order,Under investigation,
39df717a6bf25ddad7f0af88bc0661e8fd4cc49de451bc3a3401a9b9c72927e0,2024-09,South Wales Police,South Wales Police,-3.154759,51.493443,On or near Church Terrace,W01001825,Cardiff 029D,Public order,Unable to prosecute suspect,
bbbe126ae4ff6b7bffd9822fef3b7da16081e8eef955d795b4e521168bf07c1e,2024-09,South Wales Police,South Wales Police,-3.153953,51.495177,On or near Stallcourt Avenue,W01001825,Cardiff 029D,Public order,Investigation complete; no suspect identified,
2e88249bace7cc057f0f390cc70a7bdfc05738fcacb0c084147b8160174c039f,2024-09,South Wales Police,South Wales Police,-3.148394,51.492354,On or near Harlequin Court,W01001825,Cardiff 029D,Robbery,Investigation complete; no suspect identified,
b29f1b283e13736c3f7e538e7539a15806e66e7a9f28c81cf789c659986e57a9,2024-09,South Wales Police,South Wales Police,-3.153241,51.492073,On or near Southminster Road,W01001825,Cardiff 029D,Robbery,Investigation complete; no suspect identified,
435695fdbf9067c9966384808303d9c7a23997a41eab213435ecbdbc185b433c,2024-09,South Wales Police,South Wales Police,-3.148226,51.493129,On or near Dominion Way,W01001825,Cardiff 029D,Shoplifting,Investigation complete; no suspect identified,
0bf394fe96f1b6af7bfe35190cfdeff73f9f6ceb1e7d2029e02d9512fcafdf14,2024-09,South Wales Police,South Wales Police,-3.138666,51.498527,On or near Rhymney River Bridge Road,W01001825,Cardiff 029D,Shoplifting,Investigation complete; no suspect identified,
73b2873f0f7aafced8a780d06fda79355a5fd56a69779bce40e5fd4e7e989de1,2024-09,South Wales Police,South Wales Police,-3.138666,51.498527,On or near Rhymney River Bridge Road,W01001825,Cardiff 029D,Shoplifting,Investigation complete; no suspect identified,
dc6ffab4b6190c7e04921a4c918c309aa7b6b9866c8ccea81693339fa2c6e2fc,2024-09,South Wales Police,South Wales Police,-3.148230,51.495479,On or near Shopping Area,W01001825,Cardiff 029D,Shoplifting,Awaiting court outcome,
433ca821003cefc615403d6ff2c698c62e47091374ce5bf0a0ed1fceaff3fc9f,2024-09,South Wales Police,South Wales Police,-3.145531,51.493677,On or near Watford Road,W01001825,Cardiff 029D,Shoplifting,Awaiting court outcome,
f9f37c4e30ec21b18124a69cea36c117d2cc7039850b9527ed234826a74288db,2024-09,South Wales Police,South Wales Police,-3.138666,51.498527,On or near Rhymney River Bridge Road,W01001825,Cardiff 029D,Shoplifting,Awaiting court outcome,
a8fd70b390775bdfd0c1361a2cc82fa81935262bd706637c3dc0d3789b74442e,2024-09,South Wales Police,South Wales Police,-3.148230,51.495479,On or near Shopping Area,W01001825,Cardiff 029D,Shoplifting,Unable to prosecute suspect,
b5b5915b00bb0e5ddff300beea46063d6e78fbe2be9878f918989ed92a7dbfec,2024-09,South Wales Police,South Wales Police,-3.148230,51.495479,On or near Shopping Area,W01001825,Cardiff 029D,Shoplifting,Awaiting court outcome,
1391f15d4a5988c1cc43905482d1c36e193918990fe2ade67b7a7c741e8694ac,2024-09,South Wales Police,South Wales Police,-3.148230,51.495479,On or near Shopping Area,W01001825,Cardiff 029D,Shoplifting,Investigation complete; no suspect identified,
5185fbce00663a945fa85201bec4b371cb123cc9f96906f53e3a11f66d55530a,2024-09,South Wales Police,South Wales Police,-3.138666,51.498527,On or near Rhymney River Bridge Road,W01001825,Cardiff 029D,Shoplifting,Investigation complete; no suspect identified,
4d57e3a2c69bb36b5b8fa018bd03313bff6468e1274b664079490749529501a4,2024-09,South Wales Police,South Wales Police,-3.148230,51.495479,On or near Shopping Area,W01001825,Cardiff 029D,Shoplifting,Investigation complete; no suspect identified,
d77120be1888cee5ad9b10f1aadf5bce27e09155bedfe5f5e3d853581bde1383,2024-09,South Wales Police,South Wales Police,-3.138666,51.498527,On or near Rhymney River Bridge Road,W01001825,Cardiff 029D,Shoplifting,Unable to prosecute suspect,
ffcc6f101c3b1f2160a0380b1cdedcfaa54f50465c966db4e9db7658cfd9599e,2024-09,South Wales Police,South Wales Police,-3.138666,51.498527,On or near Rhymney River Bridge Road,W01001825,Cardiff 029D,Shoplifting,Awaiting court outcome,
2ff535bd7e035350dba62da58fc2782fb1372ea8dd90c9836a9205b05688ec06,2024-09,South Wales Police,South Wales Police,-3.138666,51.498527,On or near Rhymney River Bridge Road,W01001825,Cardiff 029D,Shoplifting,Awaiting court outcome,
ddc22bc9c3a244c87412500b374585b1d6663080658329aa3c29d41c8cfd43a2,2024-09,South Wales Police,South Wales Police,-3.138666,51.498527,On or near Rhymney River Bridge Road,W01001825,Cardiff 029D,Shoplifting,Investigation complete; no suspect identified,
04376ceca34839a1d2f336737409abf54e9db35a9de4a81977b6c59d4831cd23,2024-09,South Wales Police,South Wales Police,-3.148226,51.493129,On or near Dominion Way,W01001825,Cardiff 029D,Vehicle crime,Unable to prosecute suspect,
ac94544a6560e2c030b90ea5828c87160b8ae7854036ca160553b8eeed7f30fe,2024-09,South Wales Police,South Wales Police,-3.145531,51.493677,On or near Watford Road,W01001825,Cardiff 029D,Vehicle crime,Investigation complete; no suspect identified,
3528e264b4454d6e03fdeb61ebcc10ada4893ec9c0114a54b4ede32e5e00c85f,2024-09,South Wales Police,South Wales Police,-3.157529,51.493604,On or near Trafalgar Road,W01001825,Cardiff 029D,Vehicle crime,Investigation complete; no suspect identified,
7061b41f9c2e714c7a50dd8c4bdce073fece6546d8eda459285a793558b741b9,2024-09,South Wales Police,South Wales Police,-3.154468,51.492762,On or near St Margaret'S Crescent,W01001825,Cardiff 029D,Violence and sexual offences,Unable to prosecute suspect,
f1b828bf0b001b9fca88417b80ac6d9f23b63c8fb8984e905313284753438dcf,2024-09,South Wales Police,South Wales Police,-3.145531,51.493677,On or near Watford Road,W01001825,Cardiff 029D,Violence and sexual offences,Further investigation is not in the public interest,
0346cc6ace9626a3544abc2fcf6eaeb76724397b3b9faa7b7dbf269e56bde0e5,2024-09,South Wales Police,South Wales Police,-3.138666,51.498527,On or near Rhymney River Bridge Road,W01001825,Cardiff 029D,Violence and sexual offences,Investigation complete; no suspect identified,
1834073f3e8bbcef32e5edad10b6a0574d5b69f86dd56012666bb0a6102071c9,2024-09,South Wales Police,South Wales Police,-3.149158,51.495826,On or near Ffordd Nowell,W01001825,Cardiff 029D,Violence and sexual offences,Unable to prosecute suspect,
75f91e2f6852c15479517a89c7b3e711c58d20e37cc16b43d447abb3e02662d6,2024-09,South Wales Police,South Wales Police,-3.152010,51.498118,On or near Sharpe Close,W01001825,Cardiff 029D,Violence and sexual offences,Unable to prosecute suspect,
5018bc5426e7b15862bae50856b35d821f05e3d9dd8c5a1759387f45276a98ca,2024-09,South Wales Police,South Wales Police,-3.151839,51.497608,On or near Colchester Avenue,W01001825,Cardiff 029D,Violence and sexual offences,Unable to prosecute suspect,
9daa9efc339fb783726b5d017a1fb24d279e77226fc033962443524296e62d38,2024-09,South Wales Police,South Wales Police,-3.146369,51.496043,On or near Petrol Station,W01001825,Cardiff 029D,Violence and sexual offences,Unable to prosecute suspect,
6ccaf0877012f8abf363f0043093a8831c0823ec9a99e843009c72a5b7b34df3,2024-09,South Wales Police,South Wales Police,-3.149158,51.495826,On or near Ffordd Nowell,W01001825,Cardiff 029D,Violence and sexual offences,Awaiting court outcome,
30446c73301d532cd8a1c5396d18edcf1fea97c1ec50e77254ebae49413a558a,2024-09,South Wales Police,South Wales Police,-3.149158,51.495826,On or near Ffordd Nowell,W01001825,Cardiff 029D,Violence and sexual offences,Awaiting court outcome,
0335ebfd3f24eed906a60cdd665a4826d6e9bbef49307243f222f2fe3e110c9c,2024-09,South Wales Police,South Wales Police,-3.148394,51.492354,On or near Harlequin Court,W01001825,Cardiff 029D,Violence and sexual offences,Unable to prosecute suspect,
553b319038a3f2901af3ab6b96f3514d0505fcffed86914c3e25ab2c0c4376cd,2024-09,South Wales Police,South Wales Police,-3.153241,51.492073,On or near Southminster Road,W01001825,Cardiff 029D,Other crime,Awaiting court outcome,
817b6ee82199d832c0368ce56c1ff31b5b610ef26097a8d04d332adeae5e3b3c,2024-09,South Wales Police,South Wales Police,-3.148394,51.492354,On or near Harlequin Court,W01001825,Cardiff 029D,Other crime,Awaiting court outcome,
,2024-09,South Wales Police,South Wales Police,-3.168613,51.492730,On or near Strathnairn Street,W01001831,Cardiff 030A,Anti-social behaviour,,
,2024-09,South Wales Police,South Wales Police,-3.168613,51.492730,On or near Strathnairn Street,W01001831,Cardiff 030A,Anti-social behaviour,,
,2024-09,South Wales Police,South Wales Police,-3.165505,51.495144,On or near Wellfield Road,W01001831,Cardiff 030A,Anti-social behaviour,,
6d551ddf9da12caf26ae4263b9ea2cdabce6e6ab42d5d0fada04729044cba333,2024-09,South Wales Police,South Wales Police,-3.165135,51.494752,On or near Wellfield Place,W01001831,Cardiff 030A,Bicycle theft,Investigation complete; no suspect identified,
8da901e214fc36b302520ba9e162aa6b9aae6150160255f32237032caa112518,2024-09,South Wales Police,South Wales Police,-3.165135,51.494752,On or near Wellfield Place,W01001831,Cardiff 030A,Criminal damage and arson,Investigation complete; no suspect identified,
308e9c9de275fa8bb59680c1e8d9d4b38a34681af846b62cfdb72a06f876b14e,2024-09,South Wales Police,South Wales Police,-3.165135,51.494752,On or near Wellfield Place,W01001831,Cardiff 030A,Other theft,Investigation complete; no suspect identified,
f95a0e779554710b2ad04fbe40b76478934256c67b673ec9c12774a47b92488f,2024-09,South Wales Police,South Wales Police,-3.165135,51.494752,On or near Wellfield Place,W01001831,Cardiff 030A,Public order,Unable to prosecute suspect,
d6df962105239202adf7e20d41d9b776f8f0c28a182f014b9e35f9f7e929bf0f,2024-09,South Wales Police,South Wales Police,-3.168613,51.492730,On or near Strathnairn Street,W01001831,Cardiff 030A,Shoplifting,Investigation complete; no suspect identified,
db7362324eb0c1468859e38f2ec1d1147b2dc1afa39e1e4173bc7514767f72e6,2024-09,South Wales Police,South Wales Police,-3.165505,51.495144,On or near Wellfield Road,W01001831,Cardiff 030A,Shoplifting,Investigation complete; no suspect identified,
cfd6c7199f36bca8bebe695e30e1e9223714dbc589f2d9c05ad2df32bf422f02,2024-09,South Wales Police,South Wales Police,-3.168613,51.492730,On or near Strathnairn Street,W01001831,Cardiff 030A,Shoplifting,Investigation complete; no suspect identified,
7b3d201abc37405b5263a84a96fd8919d3885e1363285dce5da7593cea39c5dc,2024-09,South Wales Police,South Wales Police,-3.168613,51.492730,On or near Strathnairn Street,W01001831,Cardiff 030A,Shoplifting,Investigation complete; no suspect identified,
c50d7727b5cf89db7f40344fc51f86f38b8aeaf899c557931618a58724b98ba5,2024-09,South Wales Police,South Wales Police,-3.168613,51.492730,On or near Strathnairn Street,W01001831,Cardiff 030A,Shoplifting,Investigation complete; no suspect identified,
d8b04fa97ee321a245301c0fb01b500c0f4c74bb48212fe692b9b8c420e1aaa4,2024-09,South Wales Police,South Wales Police,-3.168613,51.492730,On or near Strathnairn Street,W01001831,Cardiff 030A,Shoplifting,Unable to prosecute suspect,
984ea52ca4e3be42d4ee27ece3c603665bea7b9af9d514b724bb905a2797e874,2024-09,South Wales Police,South Wales Police,-3.165135,51.494752,On or near Wellfield Place,W01001831,Cardiff 030A,Shoplifting,Investigation complete; no suspect identified,
7a3e5908a97de00fb37d271921091cebe791fd45d20890d567b1b46bc7125bb3,2024-09,South Wales Police,South Wales Police,-3.165505,51.495144,On or near Wellfield Road,W01001831,Cardiff 030A,Shoplifting,Unable to prosecute suspect,
60895c8e2020f7f4b8b1f20116a35115c19e4261934b7a8e7c3a8fa161de7d03,2024-09,South Wales Police,South Wales Police,-3.168613,51.492730,On or near Strathnairn Street,W01001831,Cardiff 030A,Shoplifting,Investigation complete; no suspect identified,
39e3d87f81b81035faaf2042c5f3fd37c6945a4d11717a9227b5df1cb1925add,2024-09,South Wales Police,South Wales Police,-3.168613,51.492730,On or near Strathnairn Street,W01001831,Cardiff 030A,Shoplifting,Investigation complete; no suspect identified,
0cf103853741c3433d6c8db17b7491e12808b1d34f220743a355fefc459e8583,2024-09,South Wales Police,South Wales Police,-3.168613,51.492730,On or near Strathnairn Street,W01001831,Cardiff 030A,Shoplifting,Investigation complete; no suspect identified,
aff8731cf5c4c85e820891c12b23c38fdfaf5ed431fa88f9e69e8a3167a27627,2024-09,South Wales Police,South Wales Police,-3.168613,51.492730,On or near Strathnairn Street,W01001831,Cardiff 030A,Shoplifting,Investigation complete; no suspect identified,
cb44c25d8bc603799d1f30cc69ebac1762cb1b37b34d29b869ba419a9f2ad377,2024-09,South Wales Police,South Wales Police,-3.168613,51.492730,On or near Strathnairn Street,W01001831,Cardiff 030A,Shoplifting,Investigation complete; no suspect identified,
f8282cf42ca636f8cea1ad7650f185b816d7b7d8784cb83a5609f74e3f9a9bb2,2024-09,South Wales Police,South Wales Police,-3.168613,51.492730,On or near Strathnairn Street,W01001831,Cardiff 030A,Shoplifting,Investigation complete; no suspect identified,
128ea906393ebfb7ab52119430fd67a9b3ac951c32e70905a999cc6856d98d22,2024-09,South Wales Police,South Wales Police,-3.168613,51.492730,On or near Strathnairn Street,W01001831,Cardiff 030A,Shoplifting,Investigation complete; no suspect identified,
ac61e250bd077fca5f2afb8500a68e07d83c0ceceffa82215a629facf10d39ce,2024-09,South Wales Police,South Wales Police,-3.165135,51.494752,On or near Wellfield Place,W01001831,Cardiff 030A,Violence and sexual offences,Under investigation,
6398151a9af4ede169be72405a0ef947088ee04fec8daa7d86321b93ba06b7e5,2024-09,South Wales Police,South Wales Police,-3.165135,51.494752,On or near Wellfield Place,W01001831,Cardiff 030A,Violence and sexual offences,Unable to prosecute suspect,
ca7a8ce5446f4c0b7784e2c560cf19c2d8fca65e139ef3e317ce5204c2843c8d,2024-09,South Wales Police,South Wales Police,-3.165135,51.494752,On or near Wellfield Place,W01001831,Cardiff 030A,Violence and sexual offences,Unable to prosecute suspect,
,2024-09,South Wales Police,South Wales Police,-3.175584,51.500537,On or near Shirley Road,W01001836,Cardiff 030B,Anti-social behaviour,,
,2024-09,South Wales Police,South Wales Police,-3.175584,51.500537,On or near Shirley Road,W01001836,Cardiff 030B,Anti-social behaviour,,
f68dad0f2c1d461261cffb66cce6a314ec1ed0042b4b37ed2618cc85e0a7d732,2024-09,South Wales Police,South Wales Police,-3.171747,51.498678,On or near Kelvin Road,W01001836,Cardiff 030B,Burglary,Investigation complete; no suspect identified,
073954df92d156192ee53198f55198648d2045533a873d7143d56c6449330b12,2024-09,South Wales Police,South Wales Police,-3.173470,51.499569,On or near Morlais Street,W01001836,Cardiff 030B,Burglary,Investigation complete; no suspect identified,
a8fa9a58e11b8b14bf30f403afa6f85dfdf83352460d2ce2af41fbd469eb5123,2024-09,South Wales Police,South Wales Police,-3.174836,51.498917,On or near Pen-Y-Wain Lane,W01001836,Cardiff 030B,Criminal damage and arson,Unable to prosecute suspect,
bd4fcc5d49633ad11891d8ae9c44e9bdff171e158a70dcfad63a571399cabee4,2024-09,South Wales Police,South Wales Police,-3.167412,51.497049,On or near Montgomery Street,W01001836,Cardiff 030B,Criminal damage and arson,Investigation complete; no suspect identified,
d413d29ae1ab21d40f3e27922b7cecff75a057bc6e3db5d6e405d2322a42f780,2024-09,South Wales Police,South Wales Police,-3.166012,51.496379,On or near Bangor Lane,W01001836,Cardiff 030B,Public order,Investigation complete; no suspect identified,
4ea5ab1d2bef4043546fabe3131d91b96b25e6da7c40155ed755eb63fde7a511,2024-09,South Wales Police,South Wales Police,-3.174836,51.498917,On or near Pen-Y-Wain Lane,W01001836,Cardiff 030B,Vehicle crime,Investigation complete; no suspect identified,
7dd716b09a78be619b90e61dc6a46e84efbabcf76509c7a9b2b9f9fd714cb05a,2024-09,South Wales Police,South Wales Police,-3.170604,51.499067,On or near Ninian Road,W01001836,Cardiff 030B,Vehicle crime,Investigation complete; no suspect identified,
61af3f6213a535d0f855d89c52adf5b8ed7d18d40ca9ed68004bcd950f4f39fb,2024-09,South Wales Police,South Wales Police,-3.163141,51.497928,On or near Pen-Y-Lan Road,W01001836,Cardiff 030B,Vehicle crime,Investigation complete; no suspect identified,
33c52d6382ffe0a72656d3def020e0218061926ad9e8f76fb659125f263ba8c8,2024-09,South Wales Police,South Wales Police,-3.172110,51.498252,On or near Pen-Y-Wain Road,W01001836,Cardiff 030B,Vehicle crime,Investigation complete; no suspect identified,
99d59096184f575b3a8d3bc5a967888130596a51601c67067d6769d3a01c5904,2024-09,South Wales Police,South Wales Police,-3.172340,51.499347,On or near Boverton Street,W01001836,Cardiff 030B,Vehicle crime,Investigation complete; no suspect identified,
f1630d82476393ecec1644dc4dd9eff2fa28e4cb25e3e5beedde871bac107845,2024-09,South Wales Police,South Wales Police,-3.174726,51.499700,On or near Tydfil Place,W01001836,Cardiff 030B,Vehicle crime,Investigation complete; no suspect identified,
25dabcb66acca002978cc0d893ce89be584771302957b73288a4add2a09e1ecf,2024-09,South Wales Police,South Wales Police,-3.174836,51.498917,On or near Pen-Y-Wain Lane,W01001836,Cardiff 030B,Violence and sexual offences,Unable to prosecute suspect,
f7d06f359457d2865b8d4adf9ffb18da3e0a98da8a527dca9097d0c153c11ef1,2024-09,South Wales Police,South Wales Police,-3.172110,51.498252,On or near Pen-Y-Wain Road,W01001836,Cardiff 030B,Violence and sexual offences,Unable to prosecute suspect,
,2024-09,South Wales Police,South Wales Police,-3.172564,51.493491,On or near Violet Row,W01001837,Cardiff 030C,Anti-social behaviour,,
,2024-09,South Wales Police,South Wales Police,-3.173562,51.498102,On or near Ty'N-Y-Coed Lane,W01001837,Cardiff 030C,Anti-social behaviour,,
,2024-09,South Wales Police,South Wales Police,-3.172564,51.493491,On or near Violet Row,W01001837,Cardiff 030C,Anti-social behaviour,,
,2024-09,South Wales Police,South Wales Police,-3.172564,51.493491,On or near Violet Row,W01001837,Cardiff 030C,Anti-social behaviour,,
,2024-09,South Wales Police,South Wales Police,-3.172564,51.493491,On or near Violet Row,W01001837,Cardiff 030C,Anti-social behaviour,,
,2024-09,South Wales Police,South Wales Police,-3.173471,51.494579,On or near Braeval Street,W01001837,Cardiff 030C,Anti-social behaviour,,
,2024-09,South Wales Police,South Wales Police,-3.173471,51.494579,On or near Braeval Street,W01001837,Cardiff 030C,Anti-social behaviour,,
,2024-09,South Wales Police,South Wales Police,-3.172564,51.493491,On or near Violet Row,W01001837,Cardiff 030C,Anti-social behaviour,,
9e87aa6a9997f9397cfde40835e935280858e494e82ced3dbea17fcb642edbf6,2024-09,South Wales Police,South Wales Police,-3.174443,51.496520,On or near Daviot Street,W01001837,Cardiff 030C,Criminal damage and arson,Under investigation,
cd3a9ff9688251ba1ab0af3793a980ebb5533dfbd74f2ced7b35ffecac8b2023,2024-09,South Wales Police,South Wales Police,-3.173244,51.493034,On or near Crwys Place,W01001837,Cardiff 030C,Criminal damage and arson,Investigation complete; no suspect identified,
6594e6b8d0a0c0cac18c83ee62ba0d272b5210c8a6b13908ece358c14cdb5156,2024-09,South Wales Police,South Wales Police,-3.174212,51.495398,On or near Daviot Court,W01001837,Cardiff 030C,Criminal damage and arson,Investigation complete; no suspect identified,
2d8aff91226ca078ede77bb0e655064bde2aad9f7a437e780425dbdd9b265477,2024-09,South Wales Police,South Wales Police,-3.173244,51.493034,On or near Crwys Place,W01001837,Cardiff 030C,Criminal damage and arson,Investigation complete; no suspect identified,
9a6a07e251eade366df7a446bfef4454ac9bb07c4b4fc8ebfb398429c7669b10,2024-09,South Wales Police,South Wales Police,-3.173244,51.493034,On or near Crwys Place,W01001837,Cardiff 030C,Drugs,Formal action is not in the public interest,
6ed05fe109d43a1c84b1532a3fd8c06ef83050d7092efbc3dd4fc80a8c177be5,2024-09,South Wales Police,South Wales Police,-3.173562,51.498102,On or near Ty'N-Y-Coed Lane,W01001837,Cardiff 030C,Other theft,Unable to prosecute suspect,
ecd36f154cae39298d88999949a6937547b280f31b0478c16156c42b5826c1ef,2024-09,South Wales Police,South Wales Police,-3.172564,51.493491,On or near Violet Row,W01001837,Cardiff 030C,Public order,Under investigation,
6bc7f04af1fa0b44e32b0b2ff2c312f47b8f7dd2d54fa511e1bbc9427c4ae583,2024-09,South Wales Police,South Wales Police,-3.173244,51.493034,On or near Crwys Place,W01001837,Cardiff 030C,Public order,Investigation complete; no suspect identified,
4cdea3644c548e4780df0c19c069dc58d764dd5cd999fd0b2e3bc43bff289674,2024-09,South Wales Police,South Wales Police,-3.172564,51.493491,On or near Violet Row,W01001837,Cardiff 030C,Shoplifting,Awaiting court outcome,
6747e9b43f8ae3df4c0b784bd07407786dabd63b560f90018e4b6fc9d640ff7f,2024-09,South Wales Police,South Wales Police,-3.172564,51.493491,On or near Violet Row,W01001837,Cardiff 030C,Shoplifting,Investigation complete; no suspect identified,
bc85ee4e3b7c3547e1b77d5c1f57ced061835009fa9db05ea72802b7f074708b,2024-09,South Wales Police,South Wales Police,-3.172564,51.493491,On or near Violet Row,W01001837,Cardiff 030C,Shoplifting,Investigation complete; no suspect identified,
32325e2df5df97656c3e90483dc3c96e90816c7dc78862b5cb013ce21b72801a,2024-09,South Wales Police,South Wales Police,-3.172564,51.493491,On or near Violet Row,W01001837,Cardiff 030C,Shoplifting,Investigation complete; no suspect identified,
e3a9787579b7690624ebd1024f4722b513e35d7db0944a5ecfac8e9132b76c2c,2024-09,South Wales Police,South Wales Police,-3.172564,51.493491,On or near Violet Row,W01001837,Cardiff 030C,Shoplifting,Investigation complete; no suspect identified,
f2ab07460900b9d25462307a3fcdb28cc978916316e74632d202d91c1b0900ae,2024-09,South Wales Police,South Wales Police,-3.172564,51.493491,On or near Violet Row,W01001837,Cardiff 030C,Shoplifting,Investigation complete; no suspect identified,
288787283e78ee8965f5ed2e48d69dbc66733bea11d5f90c573883feddbd64fb,2024-09,South Wales Police,South Wales Police,-3.172564,51.493491,On or near Violet Row,W01001837,Cardiff 030C,Shoplifting,Investigation complete; no suspect identified,
b512ab1a19cfb9a3af01b66feff75dfcab66bace2ce7fc43fb65f75d96a2c3f5,2024-09,South Wales Police,South Wales Police,-3.172564,51.493491,On or near Violet Row,W01001837,Cardiff 030C,Shoplifting,Under investigation,
c335817a9ef65870d959a7610455e6b5f5326a941a7e75a9f1453bb0c3e1125d,2024-09,South Wales Police,South Wales Police,-3.172564,51.493491,On or near Violet Row,W01001837,Cardiff 030C,Shoplifting,Investigation complete; no suspect identified,
80367964b18b546c5b05194ce8bb8b13f944954d93ca03aa679781c23602ce1a,2024-09,South Wales Police,South Wales Police,-3.172564,51.493491,On or near Violet Row,W01001837,Cardiff 030C,Shoplifting,Investigation complete; no suspect identified,
b6cc15728e07cfffe11068ae41b65628644bc2bfa2fc86e9318ab73ca77bf0e9,2024-09,South Wales Police,South Wales Police,-3.172564,51.493491,On or near Violet Row,W01001837,Cardiff 030C,Shoplifting,Investigation complete; no suspect identified,
ea3646d90747eb3a94bd72d54983440c08d55fd1c36b25741c2f3e437596f92a,2024-09,South Wales Police,South Wales Police,-3.172564,51.493491,On or near Violet Row,W01001837,Cardiff 030C,Shoplifting,Investigation complete; no suspect identified,
c9cc33d8477042d7e504ecdc20f0ad6efe48f23d1dcb5d8ab050cdfc0646aaa8,2024-09,South Wales Police,South Wales Police,-3.173244,51.493034,On or near Crwys Place,W01001837,Cardiff 030C,Theft from the person,Investigation complete; no suspect identified,
77a4ea81f6b16894696c7604e540040c7d2f6cbc1df4d7a3e03ba837b5bd469b,2024-09,South Wales Police,South Wales Police,-3.173562,51.498102,On or near Ty'N-Y-Coed Lane,W01001837,Cardiff 030C,Vehicle crime,Investigation complete; no suspect identified,
bda4bd65dca45a572021698fa4b8350c2dc6f600673eb87e33d40fd014526297,2024-09,South Wales Police,South Wales Police,-3.173244,51.493034,On or near Crwys Place,W01001837,Cardiff 030C,Vehicle crime,Investigation complete; no suspect identified,
a8da57751307b5ca0f3d787deafae27e75952dfc674219f9ea5162996a58938d,2024-09,South Wales Police,South Wales Police,-3.173471,51.494579,On or near Braeval Street,W01001837,Cardiff 030C,Vehicle crime,Investigation complete; no suspect identified,
b43761ebf65aad8747fbc1ae5de12e040940ed7c45ed57310fe54ce74addf649,2024-09,South Wales Police,South Wales Police,-3.173562,51.498102,On or near Ty'N-Y-Coed Lane,W01001837,Cardiff 030C,Vehicle crime,Investigation complete; no suspect identified,
ede4cdfa505af4143286fce617ca3cc8390e8b05afc653ba4453fd3dc0a4c654,2024-09,South Wales Police,South Wales Police,-3.173562,51.498102,On or near Ty'N-Y-Coed Lane,W01001837,Cardiff 030C,Violence and sexual offences,Unable to prosecute suspect,
c63d056763d1b1b3f4222437e3c18da302258b5e45f0f075542208b20bacba0f,2024-09,South Wales Police,South Wales Police,-3.173244,51.493034,On or near Crwys Place,W01001837,Cardiff 030C,Violence and sexual offences,Investigation complete; no suspect identified,
73b7a8e700bae17aecfbce1d53caed047ed8cc6676c907ce003179b98285f3e6,2024-09,South Wales Police,South Wales Police,-3.172564,51.493491,On or near Violet Row,W01001837,Cardiff 030C,Violence and sexual offences,Investigation complete; no suspect identified,
7315f08415f578018cdd663eabfb3dcc220f3dc387798f92030fa972c426ab6d,2024-09,South Wales Police,South Wales Police,-3.173244,51.493034,On or near Crwys Place,W01001837,Cardiff 030C,Violence and sexual offences,Investigation complete; no suspect identified,
,2024-09,South Wales Police,South Wales Police,-3.167507,51.495124,On or near Angus Street,W01001838,Cardiff 030D,Anti-social behaviour,,
08952e2c00f44e9f4e27e3ac903c4e5bdfe028d2576887d46b33b7a229878e7a,2024-09,South Wales Police,South Wales Police,-3.168449,51.495348,On or near Alfred Street,W01001838,Cardiff 030D,Burglary,Under investigation,
600da2dc612f0d27bcda7a429418c67f594040bb778f5968accb2c406207f2f9,2024-09,South Wales Police,South Wales Police,-3.167393,51.495754,On or near Essich Street,W01001838,Cardiff 030D,Criminal damage and arson,Investigation complete; no suspect identified,
4d7368e08d75a83aab1fbdab1f53a248c81864a56da553058e91b5a7f520cf37,2024-09,South Wales Police,South Wales Police,-3.170474,51.498493,On or near Hendy Street,W01001838,Cardiff 030D,Public order,Under investigation,
9e0a7209e2aa274f6aad07317ba186f134f77e2c892600864d051cdebef80f60,2024-09,South Wales Police,South Wales Police,-3.167507,51.495124,On or near Angus Street,W01001838,Cardiff 030D,Shoplifting,Investigation complete; no suspect identified,
148a06b98083554ec4e4ddfdba9d016ab2b341d2ba4e659319d517ba4adf872d,2024-09,South Wales Police,South Wales Police,-3.167507,51.495124,On or near Angus Street,W01001838,Cardiff 030D,Shoplifting,Investigation complete; no suspect identified,
9c0122b1de6e009a49ae3d7b4e2ad05021be2725721b1d431bb6fc612f9c0521,2024-09,South Wales Police,South Wales Police,-3.167507,51.495124,On or near Angus Street,W01001838,Cardiff 030D,Shoplifting,Investigation complete; no suspect identified,
bfd6c20de2007aac8285529182d0f9e8164e1c9148b0d64db5b629d8ee84356d,2024-09,South Wales Police,South Wales Police,-3.167507,51.495124,On or near Angus Street,W01001838,Cardiff 030D,Shoplifting,Under investigation,
c30de176354a0eef85713798e022dbb29bf148d7d22d8488aea984b8928617c0,2024-09,South Wales Police,South Wales Police,-3.167507,51.495124,On or near Angus Street,W01001838,Cardiff 030D,Shoplifting,Investigation complete; no suspect identified,
dfde80ed7fee1aa74f006f5396f2c3dcc8fe2c75bf3064ef591cbb99ae3ff961,2024-09,South Wales Police,South Wales Police,-3.167507,51.495124,On or near Angus Street,W01001838,Cardiff 030D,Shoplifting,Awaiting court outcome,
169c4b433134257d8b4cf702ecd8be105372a5d19bc002e6087501c2f5e4a3ce,2024-09,South Wales Police,South Wales Police,-3.171705,51.497051,On or near Ty'N-Y-Coed Place,W01001838,Cardiff 030D,Violence and sexual offences,Under investigation,
3c51e3d29356e502fc43822d488eb04d75b3c32c953c6ca1fd7c7051a0200ab7,2024-09,South Wales Police,South Wales Police,-3.167507,51.495124,On or near Angus Street,W01001838,Cardiff 030D,Violence and sexual offences,Investigation complete; no suspect identified,
c6972ec0f1fc345fadcfbd1399fd7a04df3e20c34b3a6928c78c67abe2f0dfb3,2024-09,South Wales Police,South Wales Police,-3.170762,51.494525,On or near Moy Road,W01001839,Cardiff 030E,Violence and sexual offences,Under investigation,
1492e3d49ee5f919ad1557fd06fce68278bb638e16393d3d01bc47cc973b9308,2024-09,South Wales Police,South Wales Police,-3.170762,51.494525,On or near Moy Road,W01001839,Cardiff 030E,Violence and sexual offences,Investigation complete; no suspect identified,
,2024-09,South Wales Police,South Wales Police,-3.245443,51.492613,On or near Laburnum Place,W01001750,Cardiff 031A,Anti-social behaviour,,
,2024-09,South Wales Police,South Wales Police,-3.234289,51.492938,On or near Marionville Gardens,W01001750,Cardiff 031A,Anti-social behaviour,,
,2024-09,South Wales Police,South Wales Police,-3.241245,51.493962,On or near Ferrier Avenue,W01001750,Cardiff 031A,Anti-social behaviour,,
,2024-09,South Wales Police,South Wales Police,-3.237199,51.494562,On or near Elfed Green,W01001750,Cardiff 031A,Anti-social behaviour,,
53aab25827ea026fb01a7795479ea3c470510d5159056e9a1b8bcc55c269e63e,2024-09,South Wales Police,South Wales Police,-3.247775,51.495700,On or near Poplar Close,W01001750,Cardiff 031A,Burglary,Investigation complete; no suspect identified,
d7e26f4a148bc0c1627eb13f5babe11d57e92cc4e701042745fe298a42725fdf,2024-09,South Wales Police,South Wales Police,-3.243940,51.492935,On or near Plas-Mawr Road,W01001750,Cardiff 031A,Burglary,Unable to prosecute suspect,
eb1312f049f840776334b6bdfb85e33daa8fbcb2166c0c4a35b8b20441fbbe21,2024-09,South Wales Police,South Wales Police,-3.247775,51.495700,On or near Poplar Close,W01001750,Cardiff 031A,Public order,Under investigation,
a32f05aaa110a643b5fa44d1b05737b4cde8220a462b38bc600f7c8f2078ef87,2024-09,South Wales Police,South Wales Police,-3.242681,51.490619,On or near Fern Place,W01001750,Cardiff 031A,Vehicle crime,Under investigation,
642f2e4960039153af9c617b92176c975a8786450be4f6a32e3a9ddf2f2d1870,2024-09,South Wales Police,South Wales Police,-3.234289,51.492938,On or near Marionville Gardens,W01001750,Cardiff 031A,Violence and sexual offences,Under investigation,
df666f7adab35cbf9ebca524422c66308f1c8387d5ffab5cd1458b63249940be,2024-09,South Wales Police,South Wales Police,-3.243940,51.492935,On or near Plas-Mawr Road,W01001750,Cardiff 031A,Violence and sexual offences,Unable to prosecute suspect,
db323ad99d2f85aca9d4fe9cf640be6a03bb1476477e8e5506eec5b31955ecef,2024-09,South Wales Police,South Wales Police,-3.242681,51.490619,On or near Fern Place,W01001750,Cardiff 031A,Violence and sexual offences,Under investigation,
0d3355ea73f02a5df7e7fe875ac6750f5f0552efa843de4e5e887895cde6c97d,2024-09,South Wales Police,South Wales Police,-3.242681,51.490619,On or near Fern Place,W01001750,Cardiff 031A,Violence and sexual offences,Unable to prosecute suspect,
6e975f16e928ea0aaaec577dd88dbd99c7837e7b8b4793a6b83827321648dfb2,2024-09,South Wales Police,South Wales Police,-3.246260,51.491939,On or near Gorse Place,W01001750,Cardiff 031A,Violence and sexual offences,Unable to prosecute suspect,
4eb07e454a38e695f2d70094618f85a85cc6b40a308cd8179776ab2aa266ceea,2024-09,South Wales Police,South Wales Police,-3.245443,51.492613,On or near Laburnum Place,W01001750,Cardiff 031A,Violence and sexual offences,Unable to prosecute suspect,
6f27724c937eb141b0c3589addae62d1be398878dc82517b40c9a015bb4b0c41,2024-09,South Wales Police,South Wales Police,-3.238286,51.491080,On or near Perrots Close,W01001750,Cardiff 031A,Violence and sexual offences,Unable to prosecute suspect,
d50d9178a0a84950b55c549e7256b3b2986faf0a7bc947a919e88a2ff22eff80,2024-09,South Wales Police,South Wales Police,-3.247372,51.493627,On or near Poplar Road,W01001750,Cardiff 031A,Violence and sexual offences,Unable to prosecute suspect,
11e314a6bb9e61eeeafe7e76eb807a49fd1b3ade751f475ac57e616e05a812e7,2024-09,South Wales Police,South Wales Police,-3.237199,51.494562,On or near Elfed Green,W01001750,Cardiff 031A,Violence and sexual offences,Under investigation,
7374931b0513810f70fbafd8af575b635fefa29733c5cb67480c0561616fe427,2024-09,South Wales Police,South Wales Police,-3.234289,51.492938,On or near Marionville Gardens,W01001750,Cardiff 031A,Violence and sexual offences,Under investigation,
,2024-09,South Wales Police,South Wales Police,-3.241017,51.490331,On or near Chestnut Road,W01001752,Cardiff 031B,Anti-social behaviour,,
,2024-09,South Wales Police,South Wales Police,-3.241017,51.490331,On or near Chestnut Road,W01001752,Cardiff 031B,Anti-social behaviour,,
,2024-09,South Wales Police,South Wales Police,-3.241017,51.490331,On or near Chestnut Road,W01001752,Cardiff 031B,Anti-social behaviour,,
d9e22dba3f4af33f378be7371fade787488d76b6af6f6d231fcc67c88c28aa2e,2024-09,South Wales Police,South Wales Police,-3.241404,51.487603,On or near Everswell Avenue,W01001752,Cardiff 031B,Other theft,Investigation complete; no suspect identified,
e4681c65f3bdfb0ab53b4b50774e960eba95645f1ab145c5af7134173723484a,2024-09,South Wales Police,South Wales Police,-3.241178,51.489367,On or near Supermarket,W01001752,Cardiff 031B,Possession of weapons,Unable to prosecute suspect,
b45e34c83a920af9a9a1c1c4d09df7417b6d4046a813e1b0db1e0afc114e43fb,2024-09,South Wales Police,South Wales Police,-3.241178,51.489367,On or near Supermarket,W01001752,Cardiff 031B,Shoplifting,Awaiting court outcome,
cec8707e1ca201ac1a96632d0ea68877d5c524a549ebc437379df8ff13908c8b,2024-09,South Wales Police,South Wales Police,-3.241017,51.490331,On or near Chestnut Road,W01001752,Cardiff 031B,Vehicle crime,Investigation complete; no suspect identified,
47c1e6f02a3a40842c6d346968f6ba0a9e8aa9040b531d7fc449f15992cc8f2d,2024-09,South Wales Police,South Wales Police,-3.241178,51.489367,On or near Supermarket,W01001752,Cardiff 031B,Violence and sexual offences,Investigation complete; no suspect identified,
c720e73cfafc4cf93a8f0156715df44c90a2a72a7213e2d8278a26842406de23,2024-09,South Wales Police,South Wales Police,-3.236811,51.489800,On or near Cadwgan Place,W01001752,Cardiff 031B,Violence and sexual offences,Awaiting court outcome,
,2024-09,South Wales Police,South Wales Police,-3.253625,51.489451,On or near Clos Ty Bronna,W01001753,Cardiff 031C,Anti-social behaviour,,
c641918b7b8a35ff95e43bf362645eca3e26002a23f4f477befe7fd7541c0596,2024-09,South Wales Police,South Wales Police,-3.249036,51.486505,On or near Landwade Close,W01001753,Cardiff 031C,Burglary,Investigation complete; no suspect identified,
3658e55a2dd1728269f38c5b4d292508a69b645bb3377ac57bf70f4543d6142b,2024-09,South Wales Police,South Wales Police,-3.250891,51.490604,On or near Hill View,W01001753,Cardiff 031C,Public order,Unable to prosecute suspect,
a818331d95f972d33b52519e660fc63d161c7acb6f5d379753634faade3c9f89,2024-09,South Wales Police,South Wales Police,-3.249160,51.487889,On or near Glan Ely Close,W01001753,Cardiff 031C,Vehicle crime,Investigation complete; no suspect identified,
83039aa25170f04b45a9ed2ffb125880c802861698634c6d98c6bf58f71635e1,2024-09,South Wales Police,South Wales Police,-3.249160,51.487889,On or near Glan Ely Close,W01001753,Cardiff 031C,Violence and sexual offences,Under investigation,
50acdfdd4c95ac9b828b78cfcc89669dc05e40ea1d2a983e60fcd856ef253370,2024-09,South Wales Police,South Wales Police,-3.250891,51.490604,On or near Hill View,W01001753,Cardiff 031C,Violence and sexual offences,Under investigation,
f5a5e97fc25da3edd0aa47c2132edcf83947f4c43311eea8851ecc57eb0550aa,2024-09,South Wales Police,South Wales Police,-3.254385,51.488301,On or near Monkton Close,W01001753,Cardiff 031C,Violence and sexual offences,Unable to prosecute suspect,
6a1c5ac4d18b91b7223d4f23b42a00806dff9117395cf425ace509f400c8cd14,2024-09,South Wales Police,South Wales Police,-3.250891,51.490604,On or near Hill View,W01001753,Cardiff 031C,Violence and sexual offences,Unable to prosecute suspect,
79f56ed4500bae3416fefc7a144e3d195159afd139f6e37cae74c323cf65479f,2024-09,South Wales Police,South Wales Police,-3.253625,51.489451,On or near Clos Ty Bronna,W01001753,Cardiff 031C,Violence and sexual offences,Unable to prosecute suspect,
cc3ffcfeefa11bf051122e842ea2a42f77b10743337982e1e9e881a3a9d2b55a,2024-09,South Wales Police,South Wales Police,-3.253625,51.489451,On or near Clos Ty Bronna,W01001753,Cardiff 031C,Violence and sexual offences,Unable to prosecute suspect,
,2024-09,South Wales Police,South Wales Police,-3.235147,51.488442,On or near Bailey Close,W01001754,Cardiff 031D,Anti-social behaviour,,
,2024-09,South Wales Police,South Wales Police,-3.237009,51.490194,On or near Milton Place,W01001754,Cardiff 031D,Anti-social behaviour,,
,2024-09,South Wales Police,South Wales Police,-3.237009,51.490194,On or near Milton Place,W01001754,Cardiff 031D,Anti-social behaviour,,
297c6ade687a36380d4c53a51de79a888d293e7a6f626b45faa475c7241bd4c9,2024-09,South Wales Police,South Wales Police,-3.230959,51.485896,On or near Limeslade Close,W01001754,Cardiff 031D,Bicycle theft,Investigation complete; no suspect identified,
317e39d3142f65153cc30623f6be6e038fee2776a28e20274a875e5cc13d7a2f,2024-09,South Wales Police,South Wales Police,-3.229478,51.486523,On or near Sentinel Court,W01001754,Cardiff 031D,Criminal damage and arson,Investigation complete; no suspect identified,
ef1472ebe853df1c66028b5498fb80f87ce74f59f2f62e8f4cccd7fc3772045c,2024-09,South Wales Police,South Wales Police,-3.233803,51.485084,On or near Wroughton Place,W01001754,Cardiff 031D,Criminal damage and arson,Investigation complete; no suspect identified,
5dd05922f5f1199a672f7a0dd84ea71f7b21d5ced64b54f206b361cc82cf388e,2024-09,South Wales Police,South Wales Police,-3.229665,51.487582,On or near Davies Place,W01001754,Cardiff 031D,Possession of weapons,Unable to prosecute suspect,
d902f981c437ebbe28d71b6dca94dfa5f864b0d18cba1c5f685e678a0cd213c6,2024-09,South Wales Police,South Wales Police,-3.229478,51.486523,On or near Sentinel Court,W01001754,Cardiff 031D,Vehicle crime,Investigation complete; no suspect identified,
903694f43c6bdcc7e0b1bef1a4a02ab4911553f98b6b77affd607a7412a1cdab,2024-09,South Wales Police,South Wales Police,-3.235147,51.488442,On or near Bailey Close,W01001754,Cardiff 031D,Violence and sexual offences,Investigation complete; no suspect identified,
cd305b4297c99d8edb3617fd38e16d444928ae753ed1ba28eb60817b673cf041,2024-09,South Wales Police,South Wales Police,-3.237009,51.490194,On or near Milton Place,W01001754,Cardiff 031D,Violence and sexual offences,Further investigation is not in the public interest,
5d183bf81fe85049e94bfbf66bfb569e0e33c06350c19a09b78856fa7e2890ab,2024-09,South Wales Police,South Wales Police,-3.233632,51.487307,On or near Norbury Road,W01001754,Cardiff 031D,Violence and sexual offences,Under investigation,
70e5869eac5684415ea177ddac69197ceaa2cbcbdf35c9b33e477d1632475773,2024-09,South Wales Police,South Wales Police,-3.233387,51.488344,On or near St Fagans Close,W01001754,Cardiff 031D,Violence and sexual offences,Unable to prosecute suspect,
,2024-09,South Wales Police,South Wales Police,-3.181991,51.490914,On or near Supermarket,W01001721,Cardiff 032A,Anti-social behaviour,,
,2024-09,South Wales Police,South Wales Police,-3.181991,51.490914,On or near Supermarket,W01001721,Cardiff 032A,Anti-social behaviour,,
c634af0ac2015f7943c4f97258e179eec5f3b51e717f4a4e3c8c9191578790ec,2024-09,South Wales Police,South Wales Police,-3.188913,51.494009,On or near Blackweir Terrace,W01001721,Cardiff 032A,Bicycle theft,Investigation complete; no suspect identified,
03158de98a3667b0d18bc67d4400d81f9309bdd6aad1d9bd34d214442c7162de,2024-09,South Wales Police,South Wales Police,-3.187376,51.492514,On or near Colum Place,W01001721,Cardiff 032A,Burglary,Under investigation,
dd3229e0c9404081c2d949db9e912a8b4542eaf4a5b685a7edb8eba033bc9838,2024-09,South Wales Police,South Wales Police,-3.186165,51.491349,On or near Colum Road,W01001721,Cardiff 032A,Burglary,Investigation complete; no suspect identified,
a9677c50fece83cd923e291fb9a323e7a2bf6dc5a47599f3a0d0b854708fb005,2024-09,South Wales Police,South Wales Police,-3.182926,51.489214,On or near Corbett Road,W01001721,Cardiff 032A,Burglary,Under investigation,
807d31c349914eccd1dda60d34d233412d2b7e40711298aa2d74155d8ea8abe4,2024-09,South Wales Police,South Wales Police,-3.182926,51.489214,On or near Corbett Road,W01001721,Cardiff 032A,Burglary,Awaiting court outcome,
801e55346f5f8b4adc36e2cc113d702d9b22fa99ff58c7a3d4ac00fda5d24b8b,2024-09,South Wales Police,South Wales Police,-3.187376,51.492514,On or near Colum Place,W01001721,Cardiff 032A,Burglary,Awaiting court outcome,
3f839c50d917e76374df2db159c4b880898af316f52525a7e9cd9080451c4cfd,2024-09,South Wales Police,South Wales Police,-3.182926,51.489214,On or near Corbett Road,W01001721,Cardiff 032A,Burglary,Awaiting court outcome,
7cf269b401c13b8c0dbeb149c15b20958349ecd09637f6da720ebf20acbaedd4,2024-09,South Wales Police,South Wales Police,-3.182926,51.489214,On or near Corbett Road,W01001721,Cardiff 032A,Burglary,Awaiting court outcome,
9a362b0dd729abcf8ab06f651881d91eb8624cecd5aa28c76aa57f6762ef7c73,2024-09,South Wales Police,South Wales Police,-3.182926,51.489214,On or near Corbett Road,W01001721,Cardiff 032A,Burglary,Awaiting court outcome,
c3956a81d798a11541574c8dfcfbe4dae13703d93e1026edce41ba079c7cde46,2024-09,South Wales Police,South Wales Police,-3.183905,51.489744,On or near Colum Terrace,W01001721,Cardiff 032A,Drugs,Under investigation,
96c89010a3240ecbe51326691ba857c0e0162f823a35a5b40914cadb4e054f03,2024-09,South Wales Police,South Wales Police,-3.182926,51.489214,On or near Corbett Road,W01001721,Cardiff 032A,Other theft,Investigation complete; no suspect identified,
a293d161aca7a6d38b94ebf33e802f08e2ff6b4849b8a7c0f868ff5666c0b889,2024-09,South Wales Police,South Wales Police,-3.188913,51.494009,On or near Blackweir Terrace,W01001721,Cardiff 032A,Other theft,Investigation complete; no suspect identified,
0dd1fa4433b6e0ccba01651de1508ef6d859ce0a2d5629dbb5188f80c3e36151,2024-09,South Wales Police,South Wales Police,-3.179959,51.492023,On or near Catherine Street,W01001721,Cardiff 032A,Other theft,Investigation complete; no suspect identified,
c63bd652a2b1c854998a0e27c8c919ce86e0250cbd623b760a46804093acfb70,2024-09,South Wales Police,South Wales Police,-3.181858,51.491914,On or near Maindy Mews,W01001721,Cardiff 032A,Public order,Unable to prosecute suspect,
3edeb2ba84311e10c47fed59278893c787b5b764f46d13b8e4f474a8b2be6cd0,2024-09,South Wales Police,South Wales Police,-3.179959,51.492023,On or near Catherine Street,W01001721,Cardiff 032A,Public order,Offender given a caution,
b4b692736d7558221ede9408154d949ca97157a195a9d589461cc16cd3233b0c,2024-09,South Wales Police,South Wales Police,-3.186165,51.491349,On or near Colum Road,W01001721,Cardiff 032A,Violence and sexual offences,Investigation complete; no suspect identified,
8b39aced6db4cf72a0eadc585868dadf6984e655fe158df846fcb6052868e89a,2024-09,South Wales Police,South Wales Police,-3.190740,51.493928,On or near Marlborough Terrace,W01001721,Cardiff 032A,Violence and sexual offences,Under investigation,
f09da206dc44c95e867e8b6dcd042f9ecc321ff25f7edfdc3789f636ef3721db,2024-09,South Wales Police,South Wales Police,-3.178077,51.492743,On or near Woodville Road,W01001724,Cardiff 032C,Burglary,Investigation complete; no suspect identified,
2ff064f0c1196a3673c9285d1787cc12d00b296d079e93e669f69e01266684e5,2024-09,South Wales Police,South Wales Police,-3.175697,51.493765,On or near Rhymney Terrace,W01001724,Cardiff 032C,Criminal damage and arson,Investigation complete; no suspect identified,
13f04bae62788e30f730c34f2534ac51abb8a9e4eb2278b56ab4310f27538bae,2024-09,South Wales Police,South Wales Police,-3.176341,51.491897,On or near Harriet Street,W01001724,Cardiff 032C,Drugs,Unable to prosecute suspect,
4460363f0527c2ce67c75280c38055590e9771d03707621a83220b07120677f1,2024-09,South Wales Police,South Wales Police,-3.175514,51.491105,On or near Thesiger Street,W01001724,Cardiff 032C,Other theft,Investigation complete; no suspect identified,
6fed59d99ba851067e6296b4e4f90d832d7b8bac38da63335ec06608697e131a,2024-09,South Wales Police,South Wales Police,-3.177487,51.493324,On or near Basil Place,W01001724,Cardiff 032C,Vehicle crime,Investigation complete; no suspect identified,
7bc5503dc9d6b32e4b5690f93d10c3e1de70557a44a8e536d9fdc88084afb603,2024-09,South Wales Police,South Wales Police,-3.178854,51.489930,On or near Cogan Terrace,W01001725,Cardiff 032D,Criminal damage and arson,Investigation complete; no suspect identified,
ed6fdc1872a461d77d8d5fa7698c9448c43811e4ef4aa0f534271b15f02b1ac7,2024-09,South Wales Police,South Wales Police,-3.178854,51.489930,On or near Cogan Terrace,W01001725,Cardiff 032D,Violence and sexual offences,Local resolution,
4d16a54b6ea1084f9a5af308e5a646470ebf02187ac0318fbb89117bb8b9df05,2024-09,South Wales Police,South Wales Police,-3.174767,51.491212,On or near Fitzroy Street,W01001725,Cardiff 032D,Violence and sexual offences,Unable to prosecute suspect,
bbc9c67aa046fcb213f7f113c3384e786cd22e32f63769571cdd0438028131d2,2024-09,South Wales Police,South Wales Police,-3.176638,51.489475,On or near Miskin Street,W01001725,Cardiff 032D,Violence and sexual offences,Under investigation,
87f85203cd35d7e40961c35967ccfec3c0751b1c198fe1c8599bf0da314c0c19,2024-09,South Wales Police,South Wales Police,-3.176638,51.489475,On or near Miskin Street,W01001725,Cardiff 032D,Violence and sexual offences,Under investigation,
d1b8b99416b746b6cf7f663495bd2f6feb743b2c07e33476e75a06292cbb7d21,2024-09,South Wales Police,South Wales Police,-3.178296,51.491203,On or near Mundy Place,W01001725,Cardiff 032D,Violence and sexual offences,Unable to prosecute suspect,
38567fa0e6336b113d765ba1c0c1db10fb6916e5f57c2b718eb28059771c7574,2024-09,South Wales Police,South Wales Police,-3.178854,51.489930,On or near Cogan Terrace,W01001725,Cardiff 032D,Violence and sexual offences,Unable to prosecute suspect,
209d8581ea1559fcc1495a0e8f8efccc919d0205c5f53fed3eda78577fcc9623,2024-09,South Wales Police,South Wales Police,-3.176638,51.489475,On or near Miskin Street,W01001725,Cardiff 032D,Other crime,Unable to prosecute suspect,
,2024-09,South Wales Police,South Wales Police,-3.175518,51.487356,On or near Further/Higher Educational Building,W01001922,Cardiff 032E,Anti-social behaviour,,
,2024-09,South Wales Police,South Wales Police,-3.173512,51.487762,On or near Salisbury Road,W01001922,Cardiff 032E,Anti-social behaviour,,
,2024-09,South Wales Police,South Wales Police,-3.172853,51.488461,On or near Cranbrook Street,W01001922,Cardiff 032E,Anti-social behaviour,,
01587ce6f08795bc7f67c0b1c20aac305262fb8ba94d1a02fe4e3bdcfa5e70c6,2024-09,South Wales Police,South Wales Police,-3.177113,51.488320,On or near Supermarket,W01001922,Cardiff 032E,Bicycle theft,Investigation complete; no suspect identified,
2de19581260f74633fa84204497728f8a7cc09f62a9ee302848c72506d3d3643,2024-09,South Wales Police,South Wales Police,-3.177113,51.488320,On or near Supermarket,W01001922,Cardiff 032E,Criminal damage and arson,Investigation complete; no suspect identified,
a594221d22f49cfaf52854e3405cc62cd191b77e9bf2302f989311fadff69d70,2024-09,South Wales Police,South Wales Police,-3.172853,51.488461,On or near Cranbrook Street,W01001922,Cardiff 032E,Drugs,Further investigation is not in the public interest,
fc823447ad10307a7d1a28954616fb992e91ef3515e1955941bbeafec52edb3e,2024-09,South Wales Police,South Wales Police,-3.173973,51.491130,On or near Rhymney Street,W01001922,Cardiff 032E,Other theft,Investigation complete; no suspect identified,
e082363266df0e6101c5765dc2595a59bd9da762c35fd000db2d6a9370bda8c0,2024-09,South Wales Police,South Wales Police,-3.177113,51.488320,On or near Supermarket,W01001922,Cardiff 032E,Other theft,Investigation complete; no suspect identified,
d02fc1bdef2ef432436f5aa6082e4fe59036c2d7cd70936f73e0b49629fb9006,2024-09,South Wales Police,South Wales Police,-3.173973,51.491130,On or near Rhymney Street,W01001922,Cardiff 032E,Public order,Investigation complete; no suspect identified,
b7b41ea0906539712c808c56573785e413e41f706510b7db29f0df5a0fa1f80f,2024-09,South Wales Police,South Wales Police,-3.177113,51.488320,On or near Supermarket,W01001922,Cardiff 032E,Robbery,Unable to prosecute suspect,
665e57304fb87ad4f13a12fb8ae05f6ea7b106675239af3311c460bcd1bb4cf3,2024-09,South Wales Police,South Wales Police,-3.173512,51.487762,On or near Salisbury Road,W01001922,Cardiff 032E,Shoplifting,Investigation complete; no suspect identified,
949ff55d7c69b6503f748384b984845e786d7def2d9a8953695c643847bfd5a2,2024-09,South Wales Police,South Wales Police,-3.173512,51.487762,On or near Salisbury Road,W01001922,Cardiff 032E,Shoplifting,Investigation complete; no suspect identified,
b1d16dc1456fd5dd833e7bc70405dc690113ca4cb811e6736aa9ed6a5b5a2fea,2024-09,South Wales Police,South Wales Police,-3.177113,51.488320,On or near Supermarket,W01001922,Cardiff 032E,Shoplifting,Investigation complete; no suspect identified,
b68c3d74b6d4bbb1f23f475a060c2c9a2d7d55c163bf1caa2d86e7ab5fbc2f78,2024-09,South Wales Police,South Wales Police,-3.177113,51.488320,On or near Supermarket,W01001922,Cardiff 032E,Shoplifting,Awaiting court outcome,
9c2aad9453fc6753826a76d602a649311f0ee59e0da3245948af807c28d1cd6a,2024-09,South Wales Police,South Wales Police,-3.175490,51.489055,On or near Llanbleddian Gardens,W01001922,Cardiff 032E,Vehicle crime,Investigation complete; no suspect identified,
64b0ee2efb1fb092361d701881f38ba8a8dd6d17259b7dd3d6184a1d2a2f42b1,2024-09,South Wales Police,South Wales Police,-3.173615,51.486718,On or near Senghennydd Place,W01001922,Cardiff 032E,Violence and sexual offences,Investigation complete; no suspect identified,
99f8cf97fd56f3ffe60b7e16f0ee2acbeecc7b5bf82776772f632e6fe657775e,2024-09,South Wales Police,South Wales Police,-3.177113,51.488320,On or near Supermarket,W01001922,Cardiff 032E,Violence and sexual offences,Under investigation,
46927af9b69c74c5a215e234eb8e10e1e452814b5b8e98e6504093c6aa423db3,2024-09,South Wales Police,South Wales Police,-3.173512,51.487762,On or near Salisbury Road,W01001922,Cardiff 032E,Violence and sexual offences,Investigation complete; no suspect identified,
b37d1568eafd36e24bc3efb4ca905c80703052249be2e02a32582fe5c70bcaff,2024-09,South Wales Police,South Wales Police,-3.175203,51.487970,On or near Glynrhondda Street,W01001922,Cardiff 032E,Violence and sexual offences,Investigation complete; no suspect identified,
,2024-09,South Wales Police,South Wales Police,-3.177840,51.476290,On or near Parking Area,W01002019,Cardiff 032H,Anti-social behaviour,,
,2024-09,South Wales Police,South Wales Police,-3.179557,51.481461,On or near Duke Street,W01002019,Cardiff 032H,Anti-social behaviour,,
,2024-09,South Wales Police,South Wales Police,-3.176817,51.486344,On or near Park Place,W01002019,Cardiff 032H,Anti-social behaviour,,
,2024-09,South Wales Police,South Wales Police,-3.173060,51.483604,On or near Windsor Lane,W01002019,Cardiff 032H,Anti-social behaviour,,
,2024-09,South Wales Police,South Wales Police,-3.178320,51.483182,On or near Heol Tyr Brodyr,W01002019,Cardiff 032H,Anti-social behaviour,,
,2024-09,South Wales Police,South Wales Police,-3.175372,51.476639,On or near Heol Y Tollty,W01002019,Cardiff 032H,Anti-social behaviour,,
,2024-09,South Wales Police,South Wales Police,-3.179557,51.481461,On or near Duke Street,W01002019,Cardiff 032H,Anti-social behaviour,,
,2024-09,South Wales Police,South Wales Police,-3.178013,51.479103,On or near Bus/Coach Station,W01002019,Cardiff 032H,Anti-social behaviour,,
,2024-09,South Wales Police,South Wales Police,-3.178547,51.478594,On or near Nightclub,W01002019,Cardiff 032H,Anti-social behaviour,,
,2024-09,South Wales Police,South Wales Police,-3.175372,51.476639,On or near Heol Y Tollty,W01002019,Cardiff 032H,Anti-social behaviour,,
,2024-09,South Wales Police,South Wales Police,-3.175747,51.482264,On or near Shopping Area,W01002019,Cardiff 032H,Anti-social behaviour,,
,2024-09,South Wales Police,South Wales Police,-3.173617,51.478940,On or near Millicent Street,W01002019,Cardiff 032H,Anti-social behaviour,,
,2024-09,South Wales Police,South Wales Police,-3.179557,51.481461,On or near Duke Street,W01002019,Cardiff 032H,Anti-social behaviour,,
,2024-09,South Wales Police,South Wales Police,-3.185728,51.481741,On or near Ferry Terminal,W01002019,Cardiff 032H,Anti-social behaviour,,
,2024-09,South Wales Police,South Wales Police,-3.179557,51.481461,On or near Duke Street,W01002019,Cardiff 032H,Anti-social behaviour,,
,2024-09,South Wales Police,South Wales Police,-3.177367,51.477518,On or near Heol Eglwys Fair,W01002019,Cardiff 032H,Anti-social behaviour,,
,2024-09,South Wales Police,South Wales Police,-3.178672,51.481191,On or near St John Street,W01002019,Cardiff 032H,Anti-social behaviour,,
,2024-09,South Wales Police,South Wales Police,-3.177367,51.477518,On or near Heol Eglwys Fair,W01002019,Cardiff 032H,Anti-social behaviour,,
,2024-09,South Wales Police,South Wales Police,-3.178013,51.479103,On or near Bus/Coach Station,W01002019,Cardiff 032H,Anti-social behaviour,,
,2024-09,South Wales Police,South Wales Police,-3.185728,51.481741,On or near Ferry Terminal,W01002019,Cardiff 032H,Anti-social behaviour,,
,2024-09,South Wales Police,South Wales Police,-3.178323,51.478264,On or near Nightclub,W01002019,Cardiff 032H,Anti-social behaviour,,
,2024-09,South Wales Police,South Wales Police,-3.177367,51.477518,On or near Heol Eglwys Fair,W01002019,Cardiff 032H,Anti-social behaviour,,
,2024-09,South Wales Police,South Wales Police,-3.176817,51.486344,On or near Park Place,W01002019,Cardiff 032H,Anti-social behaviour,,
,2024-09,South Wales Police,South Wales Police,-3.177293,51.479110,On or near Bakers Row,W01002019,Cardiff 032H,Anti-social behaviour,,
,2024-09,South Wales Police,South Wales Police,-3.177840,51.476290,On or near Parking Area,W01002019,Cardiff 032H,Anti-social behaviour,,
,2024-09,South Wales Police,South Wales Police,-3.172859,51.478588,On or near Tredegar Street,W01002019,Cardiff 032H,Anti-social behaviour,,
,2024-09,South Wales Police,South Wales Police,-3.178672,51.481191,On or near St John Street,W01002019,Cardiff 032H,Anti-social behaviour,,
,2024-09,South Wales Police,South Wales Police,-3.180039,51.480063,On or near Theme/Adventure Park,W01002019,Cardiff 032H,Anti-social behaviour,,
,2024-09,South Wales Police,South Wales Police,-3.179557,51.481461,On or near Duke Street,W01002019,Cardiff 032H,Anti-social behaviour,,
,2024-09,South Wales Police,South Wales Police,-3.178013,51.479103,On or near Bus/Coach Station,W01002019,Cardiff 032H,Anti-social behaviour,,
,2024-09,South Wales Police,South Wales Police,-3.177367,51.477518,On or near Heol Eglwys Fair,W01002019,Cardiff 032H,Anti-social behaviour,,
,2024-09,South Wales Police,South Wales Police,-3.174081,51.477946,On or near Parking Area,W01002019,Cardiff 032H,Anti-social behaviour,,
,2024-09,South Wales Police,South Wales Police,-3.179815,51.486998,On or near Museum Avenue,W01002019,Cardiff 032H,Anti-social behaviour,,
,2024-09,South Wales Police,South Wales Police,-3.177367,51.477518,On or near Heol Eglwys Fair,W01002019,Cardiff 032H,Anti-social behaviour,,
,2024-09,South Wales Police,South Wales Police,-3.171781,51.482034,On or near Parking Area,W01002019,Cardiff 032H,Anti-social behaviour,,
,2024-09,South Wales Police,South Wales Police,-3.179557,51.481461,On or near Duke Street,W01002019,Cardiff 032H,Anti-social behaviour,,
,2024-09,South Wales Police,South Wales Police,-3.177367,51.477518,On or near Heol Eglwys Fair,W01002019,Cardiff 032H,Anti-social behaviour,,
,2024-09,South Wales Police,South Wales Police,-3.175372,51.476639,On or near Heol Y Tollty,W01002019,Cardiff 032H,Anti-social behaviour,,
,2024-09,South Wales Police,South Wales Police,-3.178547,51.478594,On or near Nightclub,W01002019,Cardiff 032H,Anti-social behaviour,,
,2024-09,South Wales Police,South Wales Police,-3.178323,51.478264,On or near Nightclub,W01002019,Cardiff 032H,Anti-social behaviour,,
,2024-09,South Wales Police,South Wales Police,-3.176127,51.479122,On or near The Hayes,W01002019,Cardiff 032H,Anti-social behaviour,,
,2024-09,South Wales Police,South Wales Police,-3.175372,51.476639,On or near Heol Y Tollty,W01002019,Cardiff 032H,Anti-social behaviour,,
,2024-09,South Wales Police,South Wales Police,-3.176017,51.478359,On or near Nightclub,W01002019,Cardiff 032H,Anti-social behaviour,,
,2024-09,South Wales Police,South Wales Police,-3.182873,51.481041,On or near Castle Street,W01002019,Cardiff 032H,Anti-social behaviour,,
,2024-09,South Wales Police,South Wales Police,-3.176817,51.486344,On or near Park Place,W01002019,Cardiff 032H,Anti-social behaviour,,
,2024-09,South Wales Police,South Wales Police,-3.175372,51.476639,On or near Heol Y Tollty,W01002019,Cardiff 032H,Anti-social behaviour,,
,2024-09,South Wales Police,South Wales Police,-3.179557,51.481461,On or near Duke Street,W01002019,Cardiff 032H,Anti-social behaviour,,
,2024-09,South Wales Police,South Wales Police,-3.173517,51.480083,On or near Barrack Lane,W01002019,Cardiff 032H,Anti-social behaviour,,
,2024-09,South Wales Police,South Wales Police,-3.178320,51.483182,On or near Heol Tyr Brodyr,W01002019,Cardiff 032H,Anti-social behaviour,,
,2024-09,South Wales Police,South Wales Police,-3.180039,51.480063,On or near Theme/Adventure Park,W01002019,Cardiff 032H,Anti-social behaviour,,
,2024-09,South Wales Police,South Wales Police,-3.174081,51.477946,On or near Parking Area,W01002019,Cardiff 032H,Anti-social behaviour,,
,2024-09,South Wales Police,South Wales Police,-3.181727,51.480508,On or near Nightclub,W01002019,Cardiff 032H,Anti-social behaviour,,
,2024-09,South Wales Police,South Wales Police,-3.180039,51.480063,On or near Theme/Adventure Park,W01002019,Cardiff 032H,Anti-social behaviour,,
,2024-09,South Wales Police,South Wales Police,-3.175372,51.476639,On or near Heol Y Tollty,W01002019,Cardiff 032H,Anti-social behaviour,,
,2024-09,South Wales Police,South Wales Police,-3.173060,51.483604,On or near Windsor Lane,W01002019,Cardiff 032H,Anti-social behaviour,,
,2024-09,South Wales Police,South Wales Police,-3.173060,51.483604,On or near Windsor Lane,W01002019,Cardiff 032H,Anti-social behaviour,,
,2024-09,South Wales Police,South Wales Police,-3.181727,51.480508,On or near Nightclub,W01002019,Cardiff 032H,Anti-social behaviour,,
,2024-09,South Wales Police,South Wales Police,-3.178320,51.483182,On or near Heol Tyr Brodyr,W01002019,Cardiff 032H,Anti-social behaviour,,
,2024-09,South Wales Police,South Wales Police,-3.176017,51.478359,On or near Nightclub,W01002019,Cardiff 032H,Anti-social behaviour,,
,2024-09,South Wales Police,South Wales Police,-3.178672,51.481191,On or near St John Street,W01002019,Cardiff 032H,Anti-social behaviour,,
,2024-09,South Wales Police,South Wales Police,-3.174608,51.485575,On or near St Andrew'S Place,W01002019,Cardiff 032H,Anti-social behaviour,,
,2024-09,South Wales Police,South Wales Police,-3.178672,51.481191,On or near St John Street,W01002019,Cardiff 032H,Anti-social behaviour,,
,2024-09,South Wales Police,South Wales Police,-3.179557,51.481461,On or near Duke Street,W01002019,Cardiff 032H,Anti-social behaviour,,
,2024-09,South Wales Police,South Wales Police,-3.176817,51.486344,On or near Park Place,W01002019,Cardiff 032H,Anti-social behaviour,,
42c72332f271fbae07f9f12b8b4aa4902a9be0d42c75229bf39aa9794586c735,2024-09,South Wales Police,South Wales Police,-3.185728,51.481741,On or near Ferry Terminal,W01002019,Cardiff 032H,Bicycle theft,Investigation complete; no suspect identified,
c139034c7daf73ea18dc062420a75cd5d708285150a6e7dea9c02c489734689d,2024-09,South Wales Police,South Wales Police,-3.178672,51.481191,On or near St John Street,W01002019,Cardiff 032H,Bicycle theft,Investigation complete; no suspect identified,
f1a201296b7485e0d0c20a06b23b472ccdeb48dbe922b28c6571920d92907bef,2024-09,South Wales Police,South Wales Police,-3.178672,51.481191,On or near St John Street,W01002019,Cardiff 032H,Bicycle theft,Investigation complete; no suspect identified,
170cfbe6aa11bc0c167bf7df09da7f0d94484209317220d01f678a8efbc49167,2024-09,South Wales Police,South Wales Police,-3.176214,51.483059,On or near Parking Area,W01002019,Cardiff 032H,Bicycle theft,Investigation complete; no suspect identified,
b38e9deda57dba58a5ff21f6caed1905fbaa792dee87514da5a7299750dd2eb2,2024-09,South Wales Police,South Wales Police,-3.179557,51.481461,On or near Duke Street,W01002019,Cardiff 032H,Bicycle theft,Investigation complete; no suspect identified,
a5851fd4d82e4e7295cb85fb22b72eb493b190f298be90b5dcb626d6303babd9,2024-09,South Wales Police,South Wales Police,-3.172175,51.483244,On or near Supermarket,W01002019,Cardiff 032H,Bicycle theft,Investigation complete; no suspect identified,
d59cf0f0d1aa0fb36ff4fc586ecdafeb3382e6ab92b1aeb5cf475aec28017c22,2024-09,South Wales Police,South Wales Police,-3.180320,51.480878,On or near High Street,W01002019,Cardiff 032H,Bicycle theft,Investigation complete; no suspect identified,
a6e94786de81e8429c1ed3d3220ef7f049d1522b68d6682561a9fc1ecf01f0ee,2024-09,South Wales Police,South Wales Police,-3.179033,51.478994,On or near Golate,W01002019,Cardiff 032H,Bicycle theft,Investigation complete; no suspect identified,
387ee4a917e9b9d5ad0b744f56e5d9b7127d5de36a7f8d7431f2f756e5de5f4c,2024-09,South Wales Police,South Wales Police,-3.172175,51.483244,On or near Supermarket,W01002019,Cardiff 032H,Bicycle theft,Investigation complete; no suspect identified,
c319a4cd3768185a88dc57a7fcd4f4abc1dda02a4acb4208d6bae9fd82196b44,2024-09,South Wales Police,South Wales Police,-3.174081,51.477946,On or near Parking Area,W01002019,Cardiff 032H,Bicycle theft,Investigation complete; no suspect identified,
501ff0ae65cd20e87b1e1d4a7cbf57d77f880f1da475d910a75ab6b0a9f80910,2024-09,South Wales Police,South Wales Police,-3.175747,51.482264,On or near Shopping Area,W01002019,Cardiff 032H,Bicycle theft,Investigation complete; no suspect identified,
f2f3b625dcd9f938264cbbd4dbb1f4d3bf68076184e98b553fc0c928446979b7,2024-09,South Wales Police,South Wales Police,-3.176017,51.478359,On or near Nightclub,W01002019,Cardiff 032H,Bicycle theft,Investigation complete; no suspect identified,
ec8426df3ee0d92f9fd0f3a229934e2c931a303eea1e6fc70f991fd9e8570512,2024-09,South Wales Police,South Wales Police,-3.174779,51.477670,On or near Hayes Bridge Road,W01002019,Cardiff 032H,Bicycle theft,Investigation complete; no suspect identified,
e3b64a1576bea41a634c6f986f0cf30d425bd2eb0fad648bfd460a562450ee99,2024-09,South Wales Police,South Wales Police,-3.179557,51.481461,On or near Duke Street,W01002019,Cardiff 032H,Bicycle theft,Investigation complete; no suspect identified,
574aff2b8ebdb58b1b6810147fe1291ded79b3c2f8431fa33624040239f4ca27,2024-09,South Wales Police,South Wales Police,-3.175372,51.476639,On or near Heol Y Tollty,W01002019,Cardiff 032H,Bicycle theft,Awaiting court outcome,
27602d4b580973e5014edc554f24b1661a3ec12f6d0eec57e1f2c998edc6c267,2024-09,South Wales Police,South Wales Police,-3.178320,51.483182,On or near Heol Tyr Brodyr,W01002019,Cardiff 032H,Bicycle theft,Investigation complete; no suspect identified,
2f0bee1754bab8b0b7dac9ba1d4192edfdc9fa16889bba32ba8114e6eaf88517,2024-09,South Wales Police,South Wales Police,-3.179815,51.486998,On or near Museum Avenue,W01002019,Cardiff 032H,Bicycle theft,Investigation complete; no suspect identified,
4d68f00100491a9c8c01cadcb4133faa4f8a420ecbc9e687777907f9c8e1e19b,2024-09,South Wales Police,South Wales Police,-3.182873,51.481041,On or near Castle Street,W01002019,Cardiff 032H,Bicycle theft,Investigation complete; no suspect identified,
5a642a3e8a175c68edf16adcde238bb5c6b525a4037f9d34183fd76b6f0655d7,2024-09,South Wales Police,South Wales Police,-3.172188,51.480501,On or near Wesley Lane,W01002019,Cardiff 032H,Bicycle theft,Investigation complete; no suspect identified,
65e1d6dd10051696eff750dc26b4fa12a8ff7926788be2784e5d5a720432451a,2024-09,South Wales Police,South Wales Police,-3.175372,51.476639,On or near Heol Y Tollty,W01002019,Cardiff 032H,Bicycle theft,Investigation complete; no suspect identified,
e28b711e6464d575736c64b4fea1c947c9d20765db7880531dadfb9528f09c17,2024-09,South Wales Police,South Wales Police,-3.175372,51.476639,On or near Heol Y Tollty,W01002019,Cardiff 032H,Bicycle theft,Investigation complete; no suspect identified,
bb2a44aa85d09bf7024057cd8c1dd59439e757e08dacb0c08a77166d6eddda0f,2024-09,South Wales Police,South Wales Police,-3.174608,51.485575,On or near St Andrew'S Place,W01002019,Cardiff 032H,Bicycle theft,Investigation complete; no suspect identified,
b6578c0ed18a0c2d72727fde5463d9afab7ac758d497c342e56b02a2bd4161d8,2024-09,South Wales Police,South Wales Police,-3.174779,51.477670,On or near Hayes Bridge Road,W01002019,Cardiff 032H,Bicycle theft,Investigation complete; no suspect identified,
16afc4abd9493df8d70440d067b165782252eed4d4bc8000630cf16b8a93bf54,2024-09,South Wales Police,South Wales Police,-3.179557,51.481461,On or near Duke Street,W01002019,Cardiff 032H,Bicycle theft,Unable to prosecute suspect,
fbbc74c7615dff980e006c7c1d99ac7627fed561cf4cdb33d9af0983b562109a,2024-09,South Wales Police,South Wales Police,-3.175747,51.482264,On or near Shopping Area,W01002019,Cardiff 032H,Bicycle theft,Investigation complete; no suspect identified,
025e270a2c1e28714a47e8fa288d6502430e80be62b9f0191d1a3dfe4e1eb567,2024-09,South Wales Police,South Wales Police,-3.180320,51.480878,On or near High Street,W01002019,Cardiff 032H,Bicycle theft,Investigation complete; no suspect identified,
758bb6ebf68ffd3ca2b667b243a73295774f01d822af2b66d54967c1ffd0d292,2024-09,South Wales Police,South Wales Police,-3.179557,51.481461,On or near Duke Street,W01002019,Cardiff 032H,Bicycle theft,Investigation complete; no suspect identified,
dec6da838e2911c62d8414d1af66f057df70e1b8d5b499eef2e1fa34fafbdb2c,2024-09,South Wales Police,South Wales Police,-3.181646,51.480432,On or near Nightclub,W01002019,Cardiff 032H,Bicycle theft,Investigation complete; no suspect identified,
50461e821d2b3998d20c82dc1b23791d686b8f4688fdda180065187290b89a23,2024-09,South Wales Police,South Wales Police,-3.174081,51.477946,On or near Parking Area,W01002019,Cardiff 032H,Bicycle theft,Investigation complete; no suspect identified,
d725140e03d0b0e61c248c60feaebc6cbcf03cd23ef70c6589a494bde8f298f5,2024-09,South Wales Police,South Wales Police,-3.174081,51.477946,On or near Parking Area,W01002019,Cardiff 032H,Bicycle theft,Investigation complete; no suspect identified,
8ac5a6c6949c01ff37f970bec85bd2f2192ae0fc03969629f2c4253b7346d2c6,2024-09,South Wales Police,South Wales Police,-3.174081,51.477946,On or near Parking Area,W01002019,Cardiff 032H,Bicycle theft,Investigation complete; no suspect identified,
2dff78f71c161c71db1be6f256dbdf373b801c4069d06213339b7aba50387d30,2024-09,South Wales Police,South Wales Police,-3.178320,51.483182,On or near Heol Tyr Brodyr,W01002019,Cardiff 032H,Bicycle theft,Investigation complete; no suspect identified,
c172e3623f2a31ada5375e92a6f4089db62b4ae8385bd1a01a5c7c5099a83a40,2024-09,South Wales Police,South Wales Police,-3.177367,51.477518,On or near Heol Eglwys Fair,W01002019,Cardiff 032H,Bicycle theft,Investigation complete; no suspect identified,
b0956d1e1c756ee304a7d31fe10360fa3e6e0b3ffa47246ab574d7b30ddeaaca,2024-09,South Wales Police,South Wales Police,-3.180039,51.480063,On or near Theme/Adventure Park,W01002019,Cardiff 032H,Bicycle theft,Investigation complete; no suspect identified,
b2ee856243a0e140ded626804d3528bc8576c75f8ba34c25ffda95e8a9a5cf61,2024-09,South Wales Police,South Wales Police,-3.176127,51.479122,On or near The Hayes,W01002019,Cardiff 032H,Bicycle theft,Investigation complete; no suspect identified,
eb43c27e9f36e871ebe8f46439da13b5ac2667d48abc50d02a423a8d95e4d821,2024-09,South Wales Police,South Wales Police,-3.172859,51.478588,On or near Tredegar Street,W01002019,Cardiff 032H,Bicycle theft,Unable to prosecute suspect,
2292c91e0399840a9681b6a0f5a068c2d298385bd70c7e9f1879d4543e4defa1,2024-09,South Wales Police,South Wales Police,-3.180320,51.480878,On or near High Street,W01002019,Cardiff 032H,Bicycle theft,Investigation complete; no suspect identified,
e0757cfde4bf1a1c5425dfe3ad11c941cd0a791458301ba2d71c38a45f5f77eb,2024-09,South Wales Police,South Wales Police,-3.177840,51.476290,On or near Parking Area,W01002019,Cardiff 032H,Bicycle theft,Investigation complete; no suspect identified,
384e6dbaeab7b1a9212adef491737ecca767e28d1d27e6682fd29cb4990c8826,2024-09,South Wales Police,South Wales Police,-3.181646,51.480432,On or near Nightclub,W01002019,Cardiff 032H,Bicycle theft,Investigation complete; no suspect identified,
4a1130421850360cc03f8dc68e05672e5a7a6f2b93cb9d862d05287f8b39ba97,2024-09,South Wales Police,South Wales Police,-3.179557,51.481461,On or near Duke Street,W01002019,Cardiff 032H,Bicycle theft,Investigation complete; no suspect identified,
7a01e6503c30d2c4fe3b20369ab328220032c44189a139adf1dcf1a25540f85e,2024-09,South Wales Police,South Wales Police,-3.172175,51.483244,On or near Supermarket,W01002019,Cardiff 032H,Bicycle theft,Investigation complete; no suspect identified,
bd2d35a92ceba489209d92e1c16b9d882c2d9135357d280c4be5f6a6559e001e,2024-09,South Wales Police,South Wales Police,-3.171020,51.482140,On or near Station Terrace,W01002019,Cardiff 032H,Burglary,Investigation complete; no suspect identified,
afb85c2f7f6896ef1b51088f1a6e239299f618db17abb4d72b5f818ba34e9ec0,2024-09,South Wales Police,South Wales Police,-3.173277,51.485319,On or near St Andrew'S Lane,W01002019,Cardiff 032H,Burglary,Investigation complete; no suspect identified,
e9aaceab11cd56a024f0dc8ec18cdab65787e1c0b41566fadc75f84bb1c2cc7e,2024-09,South Wales Police,South Wales Police,-3.180320,51.480878,On or near High Street,W01002019,Cardiff 032H,Burglary,Investigation complete; no suspect identified,
a6028cd31f7257edb5b1186459642f0bb7c8cd13ee41d2753c1f2d7b250ebd4c,2024-09,South Wales Police,South Wales Police,-3.176817,51.486344,On or near Park Place,W01002019,Cardiff 032H,Burglary,Investigation complete; no suspect identified,
ba0d1f9877bd313838826635b4cc04dadd4345b1586ca10ef639d551b4ce0ad9,2024-09,South Wales Police,South Wales Police,-3.173060,51.483604,On or near Windsor Lane,W01002019,Cardiff 032H,Burglary,Investigation complete; no suspect identified,
5a5aecfcff9a74f515994a0831a0947e1e6674f1f80f0714a4cbe07cd04184eb,2024-09,South Wales Police,South Wales Police,-3.175372,51.476639,On or near Heol Y Tollty,W01002019,Cardiff 032H,Burglary,Investigation complete; no suspect identified,
8698c54514302ff85269318e7ecacb961d098bd045d0480a1f2183226cd224e4,2024-09,South Wales Police,South Wales Police,-3.174608,51.485575,On or near St Andrew'S Place,W01002019,Cardiff 032H,Burglary,Investigation complete; no suspect identified,
b4b252624b73c002c26703a64e98ae61d3f560ae4843952c3834bbcdd89740f8,2024-09,South Wales Police,South Wales Police,-3.176385,51.477959,On or near Caroline Street,W01002019,Cardiff 032H,Burglary,Investigation complete; no suspect identified,
4a371307f0a1b1784a7149dbdeef3b4673ba01cabb81dc100b9940254bde7661,2024-09,South Wales Police,South Wales Police,-3.178547,51.478594,On or near Nightclub,W01002019,Cardiff 032H,Burglary,Investigation complete; no suspect identified,
851777cb4598091bb6002d2fd2d34dc601576ad08bc734c154b1af93afa68294,2024-09,South Wales Police,South Wales Police,-3.181646,51.480432,On or near Nightclub,W01002019,Cardiff 032H,Burglary,Awaiting court outcome,
01fa5b4b293d2e5e99d48ff9638799ee9cb6c26e872972d170908a66acbdc8a1,2024-09,South Wales Police,South Wales Police,-3.177293,51.479110,On or near Bakers Row,W01002019,Cardiff 032H,Burglary,Investigation complete; no suspect identified,
6d1aaf5aa56c24125a5a6fe2711f568b1791d7d061db3ea2344debb4345432ef,2024-09,South Wales Police,South Wales Police,-3.179033,51.478994,On or near Golate,W01002019,Cardiff 032H,Burglary,Investigation complete; no suspect identified,
775deba944bd71ef3987ac38b7b54c908999041bd77b458fdaddf891fdba033b,2024-09,South Wales Police,South Wales Police,-3.176127,51.479122,On or near The Hayes,W01002019,Cardiff 032H,Burglary,Investigation complete; no suspect identified,
bfa5c8ee959eb167bdea733b338c35a5ccaaa3228d09d37985a96da7b1042c9f,2024-09,South Wales Police,South Wales Police,-3.176127,51.479122,On or near The Hayes,W01002019,Cardiff 032H,Burglary,Investigation complete; no suspect identified,
26943a39648e3c106fafb14f255ada5923b446638d6bb7885f85f77bb3e836c9,2024-09,South Wales Police,South Wales Police,-3.176017,51.478359,On or near Nightclub,W01002019,Cardiff 032H,Burglary,Investigation complete; no suspect identified,
5d48b21d102234da3d3d2b874be5cb290b7549dac7058ffdad08cc7f1075c19c,2024-09,South Wales Police,South Wales Police,-3.174608,51.485575,On or near St Andrew'S Place,W01002019,Cardiff 032H,Burglary,Investigation complete; no suspect identified,
e1694662fa35dbaef7781e6b43a561bcddad73b2c5935b9b9dc03dc6f614727f,2024-09,South Wales Police,South Wales Police,-3.174608,51.485575,On or near St Andrew'S Place,W01002019,Cardiff 032H,Burglary,Investigation complete; no suspect identified,
7527cbe498cffce40629a029cae9e4483f5e65d10cc23096dc52982571d3f4d5,2024-09,South Wales Police,South Wales Police,-3.175747,51.482264,On or near Shopping Area,W01002019,Cardiff 032H,Criminal damage and arson,Investigation complete; no suspect identified,
0707aa0eb55b286e33c248c859f9a7b8975f8cf741a53f74495f6f77ccc402ba,2024-09,South Wales Police,South Wales Police,-3.178672,51.481191,On or near St John Street,W01002019,Cardiff 032H,Criminal damage and arson,Investigation complete; no suspect identified,
04b380d269ffc33d4c19a127d8f0287d5ea45d1faa223fe8600da9e5ef3b2e76,2024-09,South Wales Police,South Wales Police,-3.170509,51.481849,On or near Cardiff Queen Street,W01002019,Cardiff 032H,Criminal damage and arson,Investigation complete; no suspect identified,
c03193a30d9c22ccb19d10c1413716528255163bc63d03dc5e288dcfa6390031,2024-09,South Wales Police,South Wales Police,-3.173277,51.485319,On or near St Andrew'S Lane,W01002019,Cardiff 032H,Criminal damage and arson,Investigation complete; no suspect identified,
5a06a01b31d1332de6fa6f6cd1859f0b710a9be4d5808394e0fea552786f9584,2024-09,South Wales Police,South Wales Police,-3.178320,51.483182,On or near Heol Tyr Brodyr,W01002019,Cardiff 032H,Criminal damage and arson,Awaiting court outcome,
25c2bdcaa567ede503c6ce2046859692db8c39ea962fd4c68da11edde72ad861,2024-09,South Wales Police,South Wales Police,-3.178320,51.483182,On or near Heol Tyr Brodyr,W01002019,Cardiff 032H,Criminal damage and arson,Awaiting court outcome,
85957ce4c860a6a41c222f117416eec2f3370d7c0c8b84797c5d1169f56fcda4,2024-09,South Wales Police,South Wales Police,-3.178320,51.483182,On or near Heol Tyr Brodyr,W01002019,Cardiff 032H,Criminal damage and arson,Awaiting court outcome,
3ac41e59053f1957ac6b406faa39112b8aadccbcda8c4bfc98d355db98894f42,2024-09,South Wales Police,South Wales Police,-3.172188,51.480501,On or near Wesley Lane,W01002019,Cardiff 032H,Criminal damage and arson,Investigation complete; no suspect identified,
67b797cb5cc5f7d8128905b033547d04b1b66a7154a704a5e1de52f1c9601131,2024-09,South Wales Police,South Wales Police,-3.174081,51.477946,On or near Parking Area,W01002019,Cardiff 032H,Criminal damage and arson,Investigation complete; no suspect identified,
7e01833b0ae0a768b18ea261643939a5c8f791d1c5ddaf3cfc6f1f498eb3a875,2024-09,South Wales Police,South Wales Police,-3.174608,51.485575,On or near St Andrew'S Place,W01002019,Cardiff 032H,Criminal damage and arson,Unable to prosecute suspect,
f31517e357eb3bfb718d3af68bd92df900308b0c883f4151213409b40af57b51,2024-09,South Wales Police,South Wales Police,-3.179774,51.479265,On or near Plas Yr Neuadd,W01002019,Cardiff 032H,Criminal damage and arson,Unable to prosecute suspect,
ddab5ba4867eb57e5eb6cfcc6753918944624b29a3aa7164c415c482a42d4e5b,2024-09,South Wales Police,South Wales Police,-3.173443,51.481307,On or near Conference/Exhibition Centre,W01002019,Cardiff 032H,Criminal damage and arson,Awaiting court outcome,
f70f595159e01a7bcdf2524dd7d3dfbbb4e8a897e7b9b9b80605494409a80cac,2024-09,South Wales Police,South Wales Police,-3.176385,51.477959,On or near Caroline Street,W01002019,Cardiff 032H,Criminal damage and arson,Under investigation,
ba8ee72c4b015a0c5bdd2129073422d0df5973c386e39e4eb923e416c71b7e28,2024-09,South Wales Police,South Wales Police,-3.176214,51.483059,On or near Parking Area,W01002019,Cardiff 032H,Criminal damage and arson,Investigation complete; no suspect identified,
ac796ad77a5ba43c284fb172b9036e960f77bbe8b58ec73d88c9dd3c0080c695,2024-09,South Wales Police,South Wales Police,-3.178013,51.479103,On or near Bus/Coach Station,W01002019,Cardiff 032H,Criminal damage and arson,Investigation complete; no suspect identified,
af7ac419982b23d15f40a4d77fd73e012de5e5a94a918018ec33b24ae2c297f3,2024-09,South Wales Police,South Wales Police,-3.176214,51.483059,On or near Parking Area,W01002019,Cardiff 032H,Criminal damage and arson,Investigation complete; no suspect identified,
d17b2edffeb960f790713acc939669d734056dd34d464fa5417b8862cf319ca5,2024-09,South Wales Police,South Wales Police,-3.176214,51.483059,On or near Parking Area,W01002019,Cardiff 032H,Criminal damage and arson,Under investigation,
f1b43b3a8ac08eb58ec6fbd8a8b6fbf8b88400eb42c62384751b8ffb00eadfa3,2024-09,South Wales Police,South Wales Police,-3.175747,51.482264,On or near Shopping Area,W01002019,Cardiff 032H,Criminal damage and arson,Investigation complete; no suspect identified,
b90e34f120eecfcbc4129bf0535fcf6cc13ead96656f7a367f4851b44466a44c,2024-09,South Wales Police,South Wales Police,-3.180320,51.480878,On or near High Street,W01002019,Cardiff 032H,Criminal damage and arson,Investigation complete; no suspect identified,
35d31ebcdb670990d59d57e7b78a99bdd16ac5b211230b295424374147826325,2024-09,South Wales Police,South Wales Police,-3.179815,51.486998,On or near Museum Avenue,W01002019,Cardiff 032H,Criminal damage and arson,Investigation complete; no suspect identified,
643c4e3af931a2b9eb3fc17d5f80a9c38ea76a550ca47aba8d4c4a7faceec406,2024-09,South Wales Police,South Wales Police,-3.175747,51.482264,On or near Shopping Area,W01002019,Cardiff 032H,Criminal damage and arson,Investigation complete; no suspect identified,
5273efad5fb3e9e75418318b8282345e97219086416c4869af05b4b5795d2ee6,2024-09,South Wales Police,South Wales Police,-3.177840,51.476290,On or near Parking Area,W01002019,Cardiff 032H,Criminal damage and arson,Investigation complete; no suspect identified,
760d1a5292e54d27fc15325fe9ad5ab22db063c8214bb9c463bf2eba600bd1a3,2024-09,South Wales Police,South Wales Police,-3.178547,51.478594,On or near Nightclub,W01002019,Cardiff 032H,Criminal damage and arson,Investigation complete; no suspect identified,
e9ee1b1de33b718dc44344f70a4e3f715faad46c1034641280ed491019f3e2a6,2024-09,South Wales Police,South Wales Police,-3.178320,51.483182,On or near Heol Tyr Brodyr,W01002019,Cardiff 032H,Criminal damage and arson,Awaiting court outcome,
5238fd91c161bdb10558914cd8c23b97df7344cc7674eae7b1d421fd72ffe161,2024-09,South Wales Police,South Wales Police,-3.179557,51.481461,On or near Duke Street,W01002019,Cardiff 032H,Criminal damage and arson,Awaiting court outcome,
8c6bd8778167ce8b7e1dbb5e065c4d02d2670efa4b85c86c754d673a29e73a10,2024-09,South Wales Police,South Wales Police,-3.178320,51.483182,On or near Heol Tyr Brodyr,W01002019,Cardiff 032H,Criminal damage and arson,Awaiting court outcome,
f79463e04a27ce67c4f70359cb7a0fcc3a6ba082844f061340558b6ef58abed0,2024-09,South Wales Police,South Wales Police,-3.173443,51.481307,On or near Conference/Exhibition Centre,W01002019,Cardiff 032H,Criminal damage and arson,Investigation complete; no suspect identified,
3406a275fabba4676cb4c7eca940ecb43da6bfc68521e045452f375cece6dcd4,2024-09,South Wales Police,South Wales Police,-3.176214,51.483059,On or near Parking Area,W01002019,Cardiff 032H,Criminal damage and arson,Investigation complete; no suspect identified,
e0fb177d08ee1e64cacd7622c08a244c4d39f1b8369419d610d0b70305e91302,2024-09,South Wales Police,South Wales Police,-3.176214,51.483059,On or near Parking Area,W01002019,Cardiff 032H,Criminal damage and arson,Investigation complete; no suspect identified,
1a8d9957a29ce4b8c5c3274bc86ee86ec117c1d883c94989c63d6779a01b0645,2024-09,South Wales Police,South Wales Police,-3.180039,51.480063,On or near Theme/Adventure Park,W01002019,Cardiff 032H,Criminal damage and arson,Investigation complete; no suspect identified,
f2a3ff8a556c1953fe09e9d8ff6788a441a0c7dc71a35b74ece2169ad6a303a5,2024-09,South Wales Police,South Wales Police,-3.175747,51.482264,On or near Shopping Area,W01002019,Cardiff 032H,Criminal damage and arson,Investigation complete; no suspect identified,
e8fa0d46fd0c4edb669d38430c7347085a052103aba613cea1b67d63d6dccdd0,2024-09,South Wales Police,South Wales Police,-3.176127,51.479122,On or near The Hayes,W01002019,Cardiff 032H,Criminal damage and arson,Investigation complete; no suspect identified,
e7ad24f96cc0ed57722f60923f193199c7a6f57e155c658c4551cd5803ebc6e5,2024-09,South Wales Police,South Wales Police,-3.178320,51.483182,On or near Heol Tyr Brodyr,W01002019,Cardiff 032H,Criminal damage and arson,Investigation complete; no suspect identified,
12c4bcd4d9e018fbb153005b5c6a0bce80dbb13aa1a74f06ff32b3fd39467c74,2024-09,South Wales Police,South Wales Police,-3.176214,51.483059,On or near Parking Area,W01002019,Cardiff 032H,Criminal damage and arson,Investigation complete; no suspect identified,
1e6a90553b97f60751ce8c54bcd48741395cc7416c1b7abe7196dd69e7d09780,2024-09,South Wales Police,South Wales Police,-3.178672,51.481191,On or near St John Street,W01002019,Cardiff 032H,Criminal damage and arson,Investigation complete; no suspect identified,
9582a67002ce3de01d0029b53f642c682b3ef80b571fcd67bec82ba29070e6a0,2024-09,South Wales Police,South Wales Police,-3.178320,51.483182,On or near Heol Tyr Brodyr,W01002019,Cardiff 032H,Drugs,Under investigation,
3830f24512af09321e0fa2865704989433544066336ec8e37d9b509e089a22f7,2024-09,South Wales Police,South Wales Police,-3.177350,51.476277,On or near Saunders Road,W01002019,Cardiff 032H,Drugs,Under investigation,
e12784ee65eb7a4046be00ba2bfa927bf4b991f6161d610e337e75208a023775,2024-09,South Wales Police,South Wales Police,-3.178320,51.483182,On or near Heol Tyr Brodyr,W01002019,Cardiff 032H,Drugs,Under investigation,
2b3960235c46205ff80d5801446bd2ca473fb47b74b9e23b662295af81547b9b,2024-09,South Wales Police,South Wales Police,-3.178320,51.483182,On or near Heol Tyr Brodyr,W01002019,Cardiff 032H,Drugs,Formal action is not in the public interest,
a386be0ca64a67dd0071de39ec1f4db9483ea3b7a7aaa6d36a9523d8893e9774,2024-09,South Wales Police,South Wales Police,-3.178013,51.479103,On or near Bus/Coach Station,W01002019,Cardiff 032H,Drugs,Unable to prosecute suspect,
53c7d72df2f7521a702028b9fd692adbf224d131a19a16913ed66b3acc05ed1e,2024-09,South Wales Police,South Wales Police,-3.175747,51.482264,On or near Shopping Area,W01002019,Cardiff 032H,Drugs,Further investigation is not in the public interest,
7be6da2391ddaacacc4fb14f9a9142b938618244dadb66244569daa5c51db1ab,2024-09,South Wales Police,South Wales Police,-3.178547,51.478594,On or near Nightclub,W01002019,Cardiff 032H,Drugs,Further investigation is not in the public interest,
e55c48f6d6451d9803c2069eaa40699d4052ddb42727facc262d5d8d78f2e412,2024-09,South Wales Police,South Wales Police,-3.178320,51.483182,On or near Heol Tyr Brodyr,W01002019,Cardiff 032H,Other theft,Investigation complete; no suspect identified,
ac97ffaec81797020f3a0a71a63f4e46094e18ba4365aa4812e304e82812ab18,2024-09,South Wales Police,South Wales Police,-3.177367,51.477518,On or near Heol Eglwys Fair,W01002019,Cardiff 032H,Other theft,Investigation complete; no suspect identified,
dd02d0cfc805a235d97231643eac3192b7dcb3b52e77d2ca0a3824deeb348f1d,2024-09,South Wales Police,South Wales Police,-3.175747,51.482264,On or near Shopping Area,W01002019,Cardiff 032H,Other theft,Awaiting court outcome,
4cfc6e3350714c4e4364184567dc1b794843a855814f2db612e47606daee7ef9,2024-09,South Wales Police,South Wales Police,-3.178547,51.478594,On or near Nightclub,W01002019,Cardiff 032H,Other theft,Investigation complete; no suspect identified,
df606beed68705dc8ee282204209611eeb2bde6ea34c1d781c826a46b247f3c3,2024-09,South Wales Police,South Wales Police,-3.175372,51.476639,On or near Heol Y Tollty,W01002019,Cardiff 032H,Other theft,Investigation complete; no suspect identified,
d7a7a315971c8413684cfffb1abd69d22a2e424546aced1c87f3ba964c9bb150,2024-09,South Wales Police,South Wales Police,-3.178547,51.478594,On or near Nightclub,W01002019,Cardiff 032H,Other theft,Under investigation,
d259699135c7024d1ae16782aa2fda14e619794c6fcaf46e58958ccf83ccf3e9,2024-09,South Wales Police,South Wales Police,-3.178013,51.479103,On or near Bus/Coach Station,W01002019,Cardiff 032H,Other theft,Under investigation,
46b4d3319c16ab5097c16bbbb551a97e0e1543571b5c9af0eefe745d89ce3ff4,2024-09,South Wales Police,South Wales Police,-3.172175,51.483244,On or near Supermarket,W01002019,Cardiff 032H,Other theft,Investigation complete; no suspect identified,
15b85802b2a1426bef6eca65baf10c6968a0ec476da7c377a07df702251083c3,2024-09,South Wales Police,South Wales Police,-3.180320,51.480878,On or near High Street,W01002019,Cardiff 032H,Other theft,Under investigation,
9bca5dbaae5adad4ac21f2ba091e2251d8912dc07f7711e2a03074645ba33ac3,2024-09,South Wales Police,South Wales Police,-3.182873,51.481041,On or near Castle Street,W01002019,Cardiff 032H,Other theft,Investigation complete; no suspect identified,
8d901b7874b9145222fd2a1393890f98938a12b9ac8986c4271a4cbc3f487f92,2024-09,South Wales Police,South Wales Police,-3.178672,51.481191,On or near St John Street,W01002019,Cardiff 032H,Other theft,Investigation complete; no suspect identified,
a845c18a3e33c83f8a330b8eab62d6d049e0136413ed555da88e4278fa75f356,2024-09,South Wales Police,South Wales Police,-3.179557,51.481461,On or near Duke Street,W01002019,Cardiff 032H,Other theft,Investigation complete; no suspect identified,
8310445692a3884a17e01c4f73a4fbf003ab397e8f3d5a269668f56e340ed61b,2024-09,South Wales Police,South Wales Police,-3.175747,51.482264,On or near Shopping Area,W01002019,Cardiff 032H,Other theft,Under investigation,
2e2e02761b6edd5e64417527db206e7679d4e3c9901c886936feda696c68ba60,2024-09,South Wales Police,South Wales Police,-3.175372,51.476639,On or near Heol Y Tollty,W01002019,Cardiff 032H,Other theft,Investigation complete; no suspect identified,
d6ef76118a283f7006841e9f1b389e5e6f3bbd73c1dd75da124db7e26654ae80,2024-09,South Wales Police,South Wales Police,-3.179774,51.479265,On or near Plas Yr Neuadd,W01002019,Cardiff 032H,Other theft,Unable to prosecute suspect,
991598bdda6b5b2d212c5efc04440a5e0268491aa51a868f1edb2f252e85aa53,2024-09,South Wales Police,South Wales Police,-3.176385,51.477959,On or near Caroline Street,W01002019,Cardiff 032H,Other theft,Investigation complete; no suspect identified,
d5a8b7a5e1c50ceb6c39352fc947d9f430ef133f8c337051c6624be6dece1e6b,2024-09,South Wales Police,South Wales Police,-3.174779,51.477670,On or near Hayes Bridge Road,W01002019,Cardiff 032H,Other theft,Investigation complete; no suspect identified,
5786d15653e89930c6c4289350767323f44b24c49ef1b4258e43e83af7c0e95c,2024-09,South Wales Police,South Wales Police,-3.178320,51.483182,On or near Heol Tyr Brodyr,W01002019,Cardiff 032H,Other theft,Investigation complete; no suspect identified,
98b4585c2fb14f813ac3a3cc538dbef3bdc93e91b3d59241e54973f706aae109,2024-09,South Wales Police,South Wales Police,-3.178323,51.478264,On or near Nightclub,W01002019,Cardiff 032H,Other theft,Investigation complete; no suspect identified,
763a07b0dcf6b9c245aa4acfcfb6c5ea3d819ad0d306f57000828053273f4533,2024-09,South Wales Police,South Wales Police,-3.178323,51.478264,On or near Nightclub,W01002019,Cardiff 032H,Other theft,Investigation complete; no suspect identified,
4759293240dba712ebd935fe0e466ed13913ec5c6cc23691bc8415c3c813783b,2024-09,South Wales Police,South Wales Police,-3.177367,51.477518,On or near Heol Eglwys Fair,W01002019,Cardiff 032H,Other theft,Investigation complete; no suspect identified,
a8da9691cff79e7ab2b428db8535e91f25a92710b51fcb98218655bb4d6bd845,2024-09,South Wales Police,South Wales Police,-3.175747,51.482264,On or near Shopping Area,W01002019,Cardiff 032H,Other theft,Investigation complete; no suspect identified,
ab2c460af80b751f54329a31dde41473aa5c9e03a5daec03e8a191fba902d699,2024-09,South Wales Police,South Wales Police,-3.178320,51.483182,On or near Heol Tyr Brodyr,W01002019,Cardiff 032H,Other theft,Investigation complete; no suspect identified,
a610432936243ee8b1d72675315285886b21f08d4ebb7cf97f84cdfd5ab69797,2024-09,South Wales Police,South Wales Police,-3.172175,51.483244,On or near Supermarket,W01002019,Cardiff 032H,Other theft,Investigation complete; no suspect identified,
f45fcd88294023fc6d7e075727969f22a63d1e5341af690e9df51048c71939e0,2024-09,South Wales Police,South Wales Police,-3.174779,51.477670,On or near Hayes Bridge Road,W01002019,Cardiff 032H,Other theft,Investigation complete; no suspect identified,
589c30868a4dd0ce215452a81917ea9df5b9c8016c78c17cd50436068b9287ee,2024-09,South Wales Police,South Wales Police,-3.178320,51.483182,On or near Heol Tyr Brodyr,W01002019,Cardiff 032H,Other theft,Investigation complete; no suspect identified,
84d9a62930d21aba81f13bd4a60ce062aa4ed340284f3523a23f0d0a08eb9e5f,2024-09,South Wales Police,South Wales Police,-3.176537,51.478263,On or near Nightclub,W01002019,Cardiff 032H,Other theft,Investigation complete; no suspect identified,
332c494a3c53f5c9cc32e9907dd67aae0a14d827234b51d54aa7e063b07537f0,2024-09,South Wales Police,South Wales Police,-3.181646,51.480432,On or near Nightclub,W01002019,Cardiff 032H,Other theft,Investigation complete; no suspect identified,
cb97177ec6e754ff6ea81266a9c7a05c320d8cf00071ada4a60508727facef05,2024-09,South Wales Police,South Wales Police,-3.177293,51.479110,On or near Bakers Row,W01002019,Cardiff 032H,Other theft,Investigation complete; no suspect identified,
d589b7c795931586900a214dad0167b612de02c3d2889b7d07ec4245b5cc014a,2024-09,South Wales Police,South Wales Police,-3.177840,51.476290,On or near Parking Area,W01002019,Cardiff 032H,Public order,Awaiting court outcome,
6d52d87a4261012ac6aadd2641206b81d031e4a876c0b481bf00d2edb2c95baf,2024-09,South Wales Police,South Wales Police,-3.173517,51.480083,On or near Barrack Lane,W01002019,Cardiff 032H,Public order,Unable to prosecute suspect,
f987c07e291aa26a52bb448be46b9c73ad49c5719686c4eb7f6ff1c6ad53fb7d,2024-09,South Wales Police,South Wales Police,-3.173617,51.478940,On or near Millicent Street,W01002019,Cardiff 032H,Public order,Investigation complete; no suspect identified,
4d2114833ed8cc9843f393e5aa4ab893e978ca187b5d07ae1226b69b8640e366,2024-09,South Wales Police,South Wales Police,-3.178323,51.478264,On or near Nightclub,W01002019,Cardiff 032H,Public order,Unable to prosecute suspect,
ef9a6458a6129038abe59a8319821a193e05364b53ad804a34c3d2382ddabce3,2024-09,South Wales Police,South Wales Police,-3.172175,51.483244,On or near Supermarket,W01002019,Cardiff 032H,Public order,Unable to prosecute suspect,
44f55578f4bcbd3b54986de2ba30a3f598847f7508fc3aaf63151417970b8607,2024-09,South Wales Police,South Wales Police,-3.171020,51.482140,On or near Station Terrace,W01002019,Cardiff 032H,Public order,Unable to prosecute suspect,
d90b37caafb0e4dc0dcd15451c34be4d82aff04d76a5bddf56047d583d604b6e,2024-09,South Wales Police,South Wales Police,-3.177840,51.476290,On or near Parking Area,W01002019,Cardiff 032H,Public order,Formal action is not in the public interest,
b580387e98dd75b90f19587242add1a52deef494a48b9a6266ed8241639539fb,2024-09,South Wales Police,South Wales Police,-3.178323,51.478264,On or near Nightclub,W01002019,Cardiff 032H,Public order,Under investigation,
7c1695a742b35324e77b8a656cf3fae2e876c12cce89b1b615d9b115bacc112d,2024-09,South Wales Police,South Wales Police,-3.179557,51.481461,On or near Duke Street,W01002019,Cardiff 032H,Public order,Unable to prosecute suspect,
7dae28c50ef6e73124d75a34215d1b6b57301430ec14a33b011557b8aa7f6a3c,2024-09,South Wales Police,South Wales Police,-3.178013,51.479103,On or near Bus/Coach Station,W01002019,Cardiff 032H,Public order,Under investigation,
af42a722805f783cf91f53472b1b6b62c0208b456009eafeb6e41a6dc1d0b325,2024-09,South Wales Police,South Wales Police,-3.177350,51.476277,On or near Saunders Road,W01002019,Cardiff 032H,Public order,Unable to prosecute suspect,
479cdb88ae5c4b7e0dfae7ec44af64dc1ce05c7e5f3f602462769d3a5249cc8b,2024-09,South Wales Police,South Wales Police,-3.176017,51.478359,On or near Nightclub,W01002019,Cardiff 032H,Public order,Unable to prosecute suspect,
8dd052824cb7a4b5f9c7502d4d18ed96f866756410d456c1a573a3f73627ec0a,2024-09,South Wales Police,South Wales Police,-3.176017,51.478359,On or near Nightclub,W01002019,Cardiff 032H,Public order,Under investigation,
5b86e34acaab4fe30cb4a019241e9a7d36623d60cc237ef1fed2cc37272ff607,2024-09,South Wales Police,South Wales Police,-3.175372,51.476639,On or near Heol Y Tollty,W01002019,Cardiff 032H,Public order,Unable to prosecute suspect,
d9be3846d7d5a75ba155ce128051e1e3d2a3b24f284f9d5d4a6cc37336bc794b,2024-09,South Wales Police,South Wales Police,-3.174779,51.477670,On or near Hayes Bridge Road,W01002019,Cardiff 032H,Public order,Investigation complete; no suspect identified,
5c15f43b94e2b445a8fce2741236c051dd2decf9ee06892a3487b8f0aa52a3ff,2024-09,South Wales Police,South Wales Police,-3.176817,51.486344,On or near Park Place,W01002019,Cardiff 032H,Public order,Investigation complete; no suspect identified,
0ce9b85d390a54484abdd2a52cf334e9e06089fe811c35d6085879957c5bdcbe,2024-09,South Wales Police,South Wales Police,-3.178013,51.479103,On or near Bus/Coach Station,W01002019,Cardiff 032H,Public order,Investigation complete; no suspect identified,
18fc2041dfa7e2d62e16a5c64a2408d056190fae8c0613317c46391444a4d1fe,2024-09,South Wales Police,South Wales Police,-3.172945,51.480251,On or near Charles Street,W01002019,Cardiff 032H,Public order,Investigation complete; no suspect identified,
8c9aa682d2ee0f50bad53c504cfb57b503f5dfcf38e97f229277e48a939ec20f,2024-09,South Wales Police,South Wales Police,-3.178320,51.483182,On or near Heol Tyr Brodyr,W01002019,Cardiff 032H,Public order,Unable to prosecute suspect,
cd0018744310faa31b597a9d326778c66b48bceb9a4afbc0f7588acda9076a3d,2024-09,South Wales Police,South Wales Police,-3.173856,51.479288,On or near Parking Area,W01002019,Cardiff 032H,Public order,Awaiting court outcome,
eb88adf10484f3e6c17f1b0776896c31e60c6b77146073b6e5b0d50e4425a098,2024-09,South Wales Police,South Wales Police,-3.178320,51.483182,On or near Heol Tyr Brodyr,W01002019,Cardiff 032H,Public order,Unable to prosecute suspect,
09664f8643cb7175f0035913758d7f9a89b1df38a32a7437afebc80ce15fa198,2024-09,South Wales Police,South Wales Police,-3.174081,51.477946,On or near Parking Area,W01002019,Cardiff 032H,Public order,Unable to prosecute suspect,
9b1c6378e02980e8af04102c2540e302086a4392ac5cd2eab532853ea346a75c,2024-09,South Wales Police,South Wales Police,-3.177367,51.477518,On or near Heol Eglwys Fair,W01002019,Cardiff 032H,Public order,Under investigation,
1d74b8f4643caae31a32e27db9010d9d97acb0b66556c034d6aa3a77134e15a2,2024-09,South Wales Police,South Wales Police,-3.176017,51.478359,On or near Nightclub,W01002019,Cardiff 032H,Public order,Awaiting court outcome,
5ae756ae1888b3c52b47256d5942953cb554d3fdc8fd2fcb8bd220e94d854f3b,2024-09,South Wales Police,South Wales Police,-3.174081,51.477946,On or near Parking Area,W01002019,Cardiff 032H,Public order,Under investigation,
c4a6ff908f74fecde82ddd893009b6839665ab22e6659ed56203ece5bfaee9ef,2024-09,South Wales Police,South Wales Police,-3.174081,51.477946,On or near Parking Area,W01002019,Cardiff 032H,Public order,Under investigation,
016b58b6780803a837b61ebf587f0b6692496356e3cd0ab6092efc43000c474c,2024-09,South Wales Police,South Wales Police,-3.176017,51.478359,On or near Nightclub,W01002019,Cardiff 032H,Public order,Under investigation,
8a78407c2b1de8eeeaf5ad26731cb62efe360858d41b865a3df5aa2b61a86b5d,2024-09,South Wales Police,South Wales Police,-3.178672,51.481191,On or near St John Street,W01002019,Cardiff 032H,Public order,Under investigation,
448b34e77aca129e0cfe527e2c64fdc29f0d92b95110b9b988919da153222bf6,2024-09,South Wales Police,South Wales Police,-3.178013,51.479103,On or near Bus/Coach Station,W01002019,Cardiff 032H,Public order,Awaiting court outcome,
b343a8e2c9b2b8d6a24624580acb4a755f292ed8ba1cb8beefafcaf4fc6e4a5d,2024-09,South Wales Police,South Wales Police,-3.177367,51.477518,On or near Heol Eglwys Fair,W01002019,Cardiff 032H,Public order,Awaiting court outcome,
73498e111515ca81688542e7acdae05f967340ea4882193be595792480e7bcfb,2024-09,South Wales Police,South Wales Police,-3.176214,51.483059,On or near Parking Area,W01002019,Cardiff 032H,Public order,Unable to prosecute suspect,
cace72b3195cb7d9f97c14d3208274af65029e5f140b6e3f6ef98041e2655236,2024-09,South Wales Police,South Wales Police,-3.173617,51.478940,On or near Millicent Street,W01002019,Cardiff 032H,Public order,Investigation complete; no suspect identified,
b43df3639c612b25f06e9cfeda60c964d1307e50d0c836f59d52a364f3d5eb1b,2024-09,South Wales Police,South Wales Police,-3.178672,51.481191,On or near St John Street,W01002019,Cardiff 032H,Public order,Unable to prosecute suspect,
ce99e0ce4f575fbae64f2def7e9855f64c1a3c2a6ea159f838bf78d5f2180ff7,2024-09,South Wales Police,South Wales Police,-3.175372,51.476639,On or near Heol Y Tollty,W01002019,Cardiff 032H,Public order,Investigation complete; no suspect identified,
dc11a6d2d781c7fb32f94361c740e9668134c3133e1b61ccbd2a8a66a38d0486,2024-09,South Wales Police,South Wales Police,-3.177840,51.476290,On or near Parking Area,W01002019,Cardiff 032H,Public order,Unable to prosecute suspect,
9a7e386c3c340585f5855eb236912959965b55c3d5af99a4fcd45b03916d1d11,2024-09,South Wales Police,South Wales Police,-3.182873,51.481041,On or near Castle Street,W01002019,Cardiff 032H,Public order,Unable to prosecute suspect,
ac2305b4a8e54b1f0237ffdae92a386c90aee3b6750a944c1471ac6ce83a82a1,2024-09,South Wales Police,South Wales Police,-3.178013,51.479103,On or near Bus/Coach Station,W01002019,Cardiff 032H,Public order,Investigation complete; no suspect identified,
1e9685d9acfd32a297caeeff56551b580c238a3e76cad84c96662e3344336842,2024-09,South Wales Police,South Wales Police,-3.180320,51.480878,On or near High Street,W01002019,Cardiff 032H,Public order,Investigation complete; no suspect identified,
7c53ae5318be2dd45e5e619541b39a47f6f82d8b3eb4d2c1a32a2d2b12716c27,2024-09,South Wales Police,South Wales Police,-3.175747,51.482264,On or near Shopping Area,W01002019,Cardiff 032H,Public order,Investigation complete; no suspect identified,
31a3b8aca7043f475ecc10cc1271080f046898c3f2b1e35a7557ee13f837a52d,2024-09,South Wales Police,South Wales Police,-3.180039,51.480063,On or near Theme/Adventure Park,W01002019,Cardiff 032H,Public order,Investigation complete; no suspect identified,
e0347a9ae4ae810987497d30834d5181947fc4d0f994be5958a793a5475bc1ba,2024-09,South Wales Police,South Wales Police,-3.173856,51.479288,On or near Parking Area,W01002019,Cardiff 032H,Public order,Unable to prosecute suspect,
fb459a4d420abd39087d29d421f3cc5ccfbcbd596186100dd24a1c20c1c3267d,2024-09,South Wales Police,South Wales Police,-3.178547,51.478594,On or near Nightclub,W01002019,Cardiff 032H,Public order,Unable to prosecute suspect,
cd13fa43c59e09474f26371711f9bfff7218dc27b3094ba405dd1120dfabe0a9,2024-09,South Wales Police,South Wales Police,-3.178547,51.478594,On or near Nightclub,W01002019,Cardiff 032H,Public order,Unable to prosecute suspect,
9100a5bf4a47789c44729b777831e598b662efb3108a687141c9091bd430c31e,2024-09,South Wales Police,South Wales Police,-3.178013,51.479103,On or near Bus/Coach Station,W01002019,Cardiff 032H,Public order,Unable to prosecute suspect,
e6a8be97c987c65e3a3896a6101df76d2e68cc2a95876bdecea23be61a59a6e3,2024-09,South Wales Police,South Wales Police,-3.173856,51.479288,On or near Parking Area,W01002019,Cardiff 032H,Public order,Unable to prosecute suspect,
ed1bd4f816702bb888f87ae40b79eca72f25958938126f253e2a6c0f71381185,2024-09,South Wales Police,South Wales Police,-3.171020,51.482140,On or near Station Terrace,W01002019,Cardiff 032H,Public order,Investigation complete; no suspect identified,
3cdd32dfd42956058cb3a69c3f6027618e0369da02110146a838393b40b4100c,2024-09,South Wales Police,South Wales Police,-3.177840,51.476290,On or near Parking Area,W01002019,Cardiff 032H,Robbery,Awaiting court outcome,
0c7fbc8c733322de19b467234be894b808b67f601fb4d83d26a0725eb817bc76,2024-09,South Wales Police,South Wales Police,-3.175747,51.482264,On or near Shopping Area,W01002019,Cardiff 032H,Robbery,Investigation complete; no suspect identified,
537376d2bf7bc78702cc1e2cf409b8e2cfa50e15a9b55d1e2d7e6630f71341b3,2024-09,South Wales Police,South Wales Police,-3.179557,51.481461,On or near Duke Street,W01002019,Cardiff 032H,Robbery,Investigation complete; no suspect identified,
ce7b5f9d76e99f979be6cb3caa85f7267ed73012f1be05b022f4fe57a611ab59,2024-09,South Wales Police,South Wales Police,-3.179557,51.481461,On or near Duke Street,W01002019,Cardiff 032H,Robbery,Awaiting court outcome,
6e83efb7239f7cec37a2718a7d5a523b93e7b2213d8bf71d9eea85f71b3be31f,2024-09,South Wales Police,South Wales Police,-3.172175,51.483244,On or near Supermarket,W01002019,Cardiff 032H,Robbery,Investigation complete; no suspect identified,
1627b5ab53173f2eeea675b81f3d058d90866c738118ea227dd161a985f3586c,2024-09,South Wales Police,South Wales Police,-3.177293,51.479110,On or near Bakers Row,W01002019,Cardiff 032H,Shoplifting,Awaiting court outcome,
b09b5a85e36a9a06375636a74cf2575300dd532a71052153a4463917cb97524f,2024-09,South Wales Police,South Wales Police,-3.174081,51.477946,On or near Parking Area,W01002019,Cardiff 032H,Shoplifting,Unable to prosecute suspect,
2bd005f7849f1f277c0b3614aba1b7723434bec7f4a3a1a633c0922095d6542d,2024-09,South Wales Police,South Wales Police,-3.174081,51.477946,On or near Parking Area,W01002019,Cardiff 032H,Shoplifting,Unable to prosecute suspect,
e7bd1e5096d6344b7c94387c3c324c5a57aeb15ef9f7969341f118233961bdee,2024-09,South Wales Police,South Wales Police,-3.173443,51.481307,On or near Conference/Exhibition Centre,W01002019,Cardiff 032H,Shoplifting,Awaiting court outcome,
e9ab5093454295dc0479f9fe297eec1ccb42bf888bdf75d4bd463b7ff4cdb018,2024-09,South Wales Police,South Wales Police,-3.178013,51.479103,On or near Bus/Coach Station,W01002019,Cardiff 032H,Shoplifting,Awaiting court outcome,
893ea30396c9088d9dbbbed5e04fa4b9d66c28264827f677c9f44f90a4cab4a4,2024-09,South Wales Police,South Wales Police,-3.177840,51.476290,On or near Parking Area,W01002019,Cardiff 032H,Shoplifting,Unable to prosecute suspect,
51fccc8084ddb910c2c344fdcebd5288b4a99777d24e5ccd2508f83d662f0045,2024-09,South Wales Police,South Wales Police,-3.176017,51.478359,On or near Nightclub,W01002019,Cardiff 032H,Shoplifting,Awaiting court outcome,
1f4f8f2afada8f785757c59a133f2f642b0c792711c675eb7088de4776615aea,2024-09,South Wales Police,South Wales Police,-3.175747,51.482264,On or near Shopping Area,W01002019,Cardiff 032H,Shoplifting,Investigation complete; no suspect identified,
160bb47bc7f2c00b80b59c1201c23ab4d0814e5a21849c1eb2c086d499638c28,2024-09,South Wales Police,South Wales Police,-3.174081,51.477946,On or near Parking Area,W01002019,Cardiff 032H,Shoplifting,Under investigation,
553d84955a3b45d9f4f202333033713bd2797dae2e99e1d2593749d63b544414,2024-09,South Wales Police,South Wales Police,-3.174081,51.477946,On or near Parking Area,W01002019,Cardiff 032H,Shoplifting,Investigation complete; no suspect identified,
9854ae9fb52999e3dd1907b7e009319b7833d60b2c9ba093b7305f41b1a3e011,2024-09,South Wales Police,South Wales Police,-3.171781,51.482034,On or near Parking Area,W01002019,Cardiff 032H,Shoplifting,Awaiting court outcome,
42a3b412f77bf644f4ea534bcc2f0f81e3f1b1ebab22a624bab77068f4d65af8,2024-09,South Wales Police,South Wales Police,-3.172859,51.478588,On or near Tredegar Street,W01002019,Cardiff 032H,Shoplifting,Investigation complete; no suspect identified,
a523ff227d3bcd0feb159782b705bb903deb8212dd54f8feac9afe7b5f133157,2024-09,South Wales Police,South Wales Police,-3.177293,51.479110,On or near Bakers Row,W01002019,Cardiff 032H,Shoplifting,Investigation complete; no suspect identified,
2f74c5d265412c3feb8d26cf0133dd6491997caa412149da8da3ffa31156ea1e,2024-09,South Wales Police,South Wales Police,-3.175747,51.482264,On or near Shopping Area,W01002019,Cardiff 032H,Shoplifting,Unable to prosecute suspect,
030788212cc77a9404fd9801f21423779a01b571e64ae405e6543fa687c9d3a6,2024-09,South Wales Police,South Wales Police,-3.174081,51.477946,On or near Parking Area,W01002019,Cardiff 032H,Shoplifting,Investigation complete; no suspect identified,
2d977ab026c2a2ac74308299a034a2c49c6d70f36e22927c5dec5db6b033e732,2024-09,South Wales Police,South Wales Police,-3.174081,51.477946,On or near Parking Area,W01002019,Cardiff 032H,Shoplifting,Investigation complete; no suspect identified,
464b144d479786c6e2458f41e631ae1139849a269ab8b0f25b2dd6db68d1a3c6,2024-09,South Wales Police,South Wales Police,-3.176127,51.479122,On or near The Hayes,W01002019,Cardiff 032H,Shoplifting,Investigation complete; no suspect identified,
6edae3c7f9c76e331630f041d2f938865d423cb5fe0ed92ed0e26ae98ef92272,2024-09,South Wales Police,South Wales Police,-3.171781,51.482034,On or near Parking Area,W01002019,Cardiff 032H,Shoplifting,Awaiting court outcome,
bd8e06879f62b9993726d2cb019a2088ec3254d50da916856cbac3b61f4c6ab8,2024-09,South Wales Police,South Wales Police,-3.171781,51.482034,On or near Parking Area,W01002019,Cardiff 032H,Shoplifting,Investigation complete; no suspect identified,
62b42b9bf8f2be13c474433d9a8db7ecb67eed5975531c669ca7deadfcd722a9,2024-09,South Wales Police,South Wales Police,-3.173856,51.479288,On or near Parking Area,W01002019,Cardiff 032H,Shoplifting,Investigation complete; no suspect identified,
2c354b5b89c7d5f1473ae07659f7cad3fbb2bc797c1f977a14b69d114e59cc45,2024-09,South Wales Police,South Wales Police,-3.177495,51.479117,On or near Nightclub,W01002019,Cardiff 032H,Shoplifting,Investigation complete; no suspect identified,
9ea57d9b7061856dbf646b4f9fddffc14bb290454c415052775d0fd2ad5d590c,2024-09,South Wales Police,South Wales Police,-3.177293,51.479110,On or near Bakers Row,W01002019,Cardiff 032H,Shoplifting,Investigation complete; no suspect identified,
a66c0aaf7dc67c2596d0b214c25bc893f0eba4dbdefa5458639d35c58530a383,2024-09,South Wales Police,South Wales Police,-3.173856,51.479288,On or near Parking Area,W01002019,Cardiff 032H,Shoplifting,Awaiting court outcome,
cf91a8d655bdb9e66a9fa0f4dd8ccc72c85217e68bec52dc8513951599b5e63b,2024-09,South Wales Police,South Wales Police,-3.171781,51.482034,On or near Parking Area,W01002019,Cardiff 032H,Shoplifting,Investigation complete; no suspect identified,
93351b20188e4d39f5c31d220cb03bec138871d0535cb9e5aaf6cb4012adbedf,2024-09,South Wales Police,South Wales Police,-3.174081,51.477946,On or near Parking Area,W01002019,Cardiff 032H,Shoplifting,Investigation complete; no suspect identified,
cda9438385747673ac722cc4a88b3d7d2e5b2499cf321d9f056a265d00406818,2024-09,South Wales Police,South Wales Police,-3.179557,51.481461,On or near Duke Street,W01002019,Cardiff 032H,Shoplifting,Investigation complete; no suspect identified,
a3e6c50ec5390ac428d83e20074a259072f72a8703b9e09a5a2a3e38392a8d71,2024-09,South Wales Police,South Wales Police,-3.176251,51.480577,On or near Shopping Area,W01002019,Cardiff 032H,Shoplifting,Unable to prosecute suspect,
a2cc7dd3a724fcbbef92fa50ef01ef1696786c4123b727233c53a4051b5986aa,2024-09,South Wales Police,South Wales Police,-3.173856,51.479288,On or near Parking Area,W01002019,Cardiff 032H,Shoplifting,Unable to prosecute suspect,
034bf3dade57b8df8a7570a0a59272e51cc045952c344577792a5e6635f275ea,2024-09,South Wales Police,South Wales Police,-3.174081,51.477946,On or near Parking Area,W01002019,Cardiff 032H,Shoplifting,Under investigation,
e5d6d8881c307bc2528a3f8264d18ae4d0d74d499e10dbf5f010296d25d17b84,2024-09,South Wales Police,South Wales Police,-3.173856,51.479288,On or near Parking Area,W01002019,Cardiff 032H,Shoplifting,Awaiting court outcome,
a26d3747adc38988f09e40491b8d406bd2beb5d9f7e29906f15f8374f47e7ab1,2024-09,South Wales Police,South Wales Police,-3.178013,51.479103,On or near Bus/Coach Station,W01002019,Cardiff 032H,Shoplifting,Suspect charged as part of another case,
57fc2881ac8e76bfc01080864d3a624d1289181a0b3bf5fb16fb46b8cf7486e2,2024-09,South Wales Police,South Wales Police,-3.174081,51.477946,On or near Parking Area,W01002019,Cardiff 032H,Shoplifting,Unable to prosecute suspect,
963b15e794fc676c73ccea5e16c44befc9ce1030c7d46d5aa165d63929a7b035,2024-09,South Wales Police,South Wales Police,-3.174081,51.477946,On or near Parking Area,W01002019,Cardiff 032H,Shoplifting,Awaiting court outcome,
27904fd8fa031b87060941538ad03defb8c20ebbff73b605d98d2b8db0ee87f6,2024-09,South Wales Police,South Wales Police,-3.174081,51.477946,On or near Parking Area,W01002019,Cardiff 032H,Shoplifting,Awaiting court outcome,
ddb973eaee6f810a06166b56229c69e15d9cf268519d7f01f3f8e9573d2adfe0,2024-09,South Wales Police,South Wales Police,-3.176251,51.480577,On or near Shopping Area,W01002019,Cardiff 032H,Shoplifting,Investigation complete; no suspect identified,
5af75902d3def2572fd4109f81ef298e2903099c0b9bc5f421d68a5a73af2367,2024-09,South Wales Police,South Wales Police,-3.175747,51.482264,On or near Shopping Area,W01002019,Cardiff 032H,Shoplifting,Unable to prosecute suspect,
2bef1158553633431409c35c16d3d19a90f029e371e8f6027e3e115cbc2fc0f3,2024-09,South Wales Police,South Wales Police,-3.171781,51.482034,On or near Parking Area,W01002019,Cardiff 032H,Shoplifting,Awaiting court outcome,
2769073da9e540ea94ca91f76445d8656b659298cac398bbd56d1821c8c8b8be,2024-09,South Wales Police,South Wales Police,-3.177367,51.477518,On or near Heol Eglwys Fair,W01002019,Cardiff 032H,Shoplifting,Unable to prosecute suspect,
ea42468f40a591fa514b632ce90a7e47cd29b029f1030380c5e0e5d6212f6a4e,2024-09,South Wales Police,South Wales Police,-3.175747,51.482264,On or near Shopping Area,W01002019,Cardiff 032H,Shoplifting,Unable to prosecute suspect,
e92606da9155595b19af25c2a19130344e0bdeefa17763b7c2e357802448ebac,2024-09,South Wales Police,South Wales Police,-3.175747,51.482264,On or near Shopping Area,W01002019,Cardiff 032H,Shoplifting,Unable to prosecute suspect,
89afb33e18da24c9a2310b7a5bea2fd6e6138886708e182a4b80c80576dcf1de,2024-09,South Wales Police,South Wales Police,-3.171781,51.482034,On or near Parking Area,W01002019,Cardiff 032H,Shoplifting,Investigation complete; no suspect identified,
13d92e075df206e4d1741d157f2772a78a75a9d2bb70c7ed9129e99a24684729,2024-09,South Wales Police,South Wales Police,-3.178672,51.481191,On or near St John Street,W01002019,Cardiff 032H,Shoplifting,Investigation complete; no suspect identified,
f7ad23a445a08f88a7bac719772d3d3578d865321cea67ab4f7e8bacb2f3b32f,2024-09,South Wales Police,South Wales Police,-3.176537,51.478263,On or near Nightclub,W01002019,Cardiff 032H,Shoplifting,Awaiting court outcome,
18a10999ef2d174a40261493368f64d75a0631cae96a25621356438dde604d80,2024-09,South Wales Police,South Wales Police,-3.174081,51.477946,On or near Parking Area,W01002019,Cardiff 032H,Shoplifting,Investigation complete; no suspect identified,
ba04177454fd50fa937aa229793e77369feaafebcdf6a2bc69386ba0ea10eae8,2024-09,South Wales Police,South Wales Police,-3.176127,51.479122,On or near The Hayes,W01002019,Cardiff 032H,Shoplifting,Unable to prosecute suspect,
7b629e4e05ff755a271f1d04badd92ce1013437072c642351006b6960b680e00,2024-09,South Wales Police,South Wales Police,-3.176017,51.478359,On or near Nightclub,W01002019,Cardiff 032H,Shoplifting,Awaiting court outcome,
a32904cfcfcfacd4f9f70cddd38a554b2ea3acf9e9050682d22195d66601923d,2024-09,South Wales Police,South Wales Police,-3.172175,51.483244,On or near Supermarket,W01002019,Cardiff 032H,Shoplifting,Investigation complete; no suspect identified,
462a74c871744e903be2401e62ffa68865c56374325671614bf7e99378022f5c,2024-09,South Wales Police,South Wales Police,-3.176017,51.478359,On or near Nightclub,W01002019,Cardiff 032H,Shoplifting,Investigation complete; no suspect identified,
04ab217a3e21af57787fce415154ecb2c7049289766a797f96a4a795dfe3e21f,2024-09,South Wales Police,South Wales Police,-3.176251,51.480577,On or near Shopping Area,W01002019,Cardiff 032H,Shoplifting,Investigation complete; no suspect identified,
4870ef113df5740913fea1c66210a481d8cd92b1335040f62d1fbd660a50a043,2024-09,South Wales Police,South Wales Police,-3.174081,51.477946,On or near Parking Area,W01002019,Cardiff 032H,Shoplifting,Investigation complete; no suspect identified,
eb4234a7975372bfa2e5caf27c7043400c37da549eac71f1035d6723e6a8ff37,2024-09,South Wales Police,South Wales Police,-3.176017,51.478359,On or near Nightclub,W01002019,Cardiff 032H,Shoplifting,Investigation complete; no suspect identified,
14896824cab8fd5241f8c78a196838f676770bc512371670b7458f28b46afcff,2024-09,South Wales Police,South Wales Police,-3.174081,51.477946,On or near Parking Area,W01002019,Cardiff 032H,Shoplifting,Investigation complete; no suspect identified,
f3136f18cad7c507c03e7f0d0cdf2f7e4082917e26e01a34ade07b002007c700,2024-09,South Wales Police,South Wales Police,-3.173617,51.478940,On or near Millicent Street,W01002019,Cardiff 032H,Shoplifting,Investigation complete; no suspect identified,
ebfb298f57aee54360636a759c9b5011b3af83f0442aedb6c5bb5dadd6b3ecbf,2024-09,South Wales Police,South Wales Police,-3.175747,51.482264,On or near Shopping Area,W01002019,Cardiff 032H,Shoplifting,Investigation complete; no suspect identified,
31798cf7178f69a53a7ca44ede9cb338bba6229cc92d1eff746734e48d49bb08,2024-09,South Wales Police,South Wales Police,-3.172175,51.483244,On or near Supermarket,W01002019,Cardiff 032H,Shoplifting,Further investigation is not in the public interest,
6985f9edd2beb5ff5ef2b5bf976cc34d6dd3f56196af683d6a80ee11abdaec1b,2024-09,South Wales Police,South Wales Police,-3.174081,51.477946,On or near Parking Area,W01002019,Cardiff 032H,Shoplifting,Unable to prosecute suspect,
dcd40ff7f0d49979926edc1720d645f2225ebf63b58133871eb5ce150f2ea5b2,2024-09,South Wales Police,South Wales Police,-3.177367,51.477518,On or near Heol Eglwys Fair,W01002019,Cardiff 032H,Shoplifting,Investigation complete; no suspect identified,
373e9ee4099dc4e40ef6b8f8e58e9b89b400db6255d56ad489249aa93fdc9e05,2024-09,South Wales Police,South Wales Police,-3.179557,51.481461,On or near Duke Street,W01002019,Cardiff 032H,Shoplifting,Investigation complete; no suspect identified,
3cceffa223185fa0b1ae93e83e43379467ecffaac9f10ff616a85c18508148d5,2024-09,South Wales Police,South Wales Police,-3.179557,51.481461,On or near Duke Street,W01002019,Cardiff 032H,Shoplifting,Investigation complete; no suspect identified,
67091175a4046b625033abe24207e661c444339e1705e0d888639449dc7f0352,2024-09,South Wales Police,South Wales Police,-3.176017,51.478359,On or near Nightclub,W01002019,Cardiff 032H,Shoplifting,Investigation complete; no suspect identified,
19615eb15ecc1ecf5c6163983e1c892ab38b4e22bf4022e92dd85d61979fbe8f,2024-09,South Wales Police,South Wales Police,-3.171781,51.482034,On or near Parking Area,W01002019,Cardiff 032H,Shoplifting,Investigation complete; no suspect identified,
c73537d65d93bd6008fa42703e3261200a46d82dad1aa2d675b4136cdc4dad3b,2024-09,South Wales Police,South Wales Police,-3.176017,51.478359,On or near Nightclub,W01002019,Cardiff 032H,Shoplifting,Investigation complete; no suspect identified,
d30397ce3072b130e7938e717f97cce6de41a1bd0eac2e4f5c6d86960f7db4e6,2024-09,South Wales Police,South Wales Police,-3.174081,51.477946,On or near Parking Area,W01002019,Cardiff 032H,Shoplifting,Awaiting court outcome,
ef4b6922c1277d6b6ac7ca71a3feaf95f04ddcbac874f946609ed553511f0f00,2024-09,South Wales Police,South Wales Police,-3.172175,51.483244,On or near Supermarket,W01002019,Cardiff 032H,Shoplifting,Awaiting court outcome,
f284b8a39967c02f544161bcbd4771f42dab5cfc23ef7093c9c8ae5488344279,2024-09,South Wales Police,South Wales Police,-3.173856,51.479288,On or near Parking Area,W01002019,Cardiff 032H,Shoplifting,Investigation complete; no suspect identified,
b50694ae3595c98aea6c028e18686cd695e16675f35716b7e30d5f8487a75610,2024-09,South Wales Police,South Wales Police,-3.175747,51.482264,On or near Shopping Area,W01002019,Cardiff 032H,Shoplifting,Unable to prosecute suspect,
98ce4b5ea148cf13c2eed38ada0d80181e2a9fe9b90395f4e4d915fed2b90b61,2024-09,South Wales Police,South Wales Police,-3.174081,51.477946,On or near Parking Area,W01002019,Cardiff 032H,Shoplifting,Awaiting court outcome,
d5adbfc34df65e27896d2d3803713f398ae381749ea8313802a7967a14ec35d3,2024-09,South Wales Police,South Wales Police,-3.175372,51.476639,On or near Heol Y Tollty,W01002019,Cardiff 032H,Shoplifting,Awaiting court outcome,
8a80552cad5ddfd5d4f1b2383fb3cc44422e4e57182837caea4772df94bd83f6,2024-09,South Wales Police,South Wales Police,-3.172175,51.483244,On or near Supermarket,W01002019,Cardiff 032H,Shoplifting,Investigation complete; no suspect identified,
57c1d0a2a4c518177ca14fe363b2f965ae7f9fa24e915672535a31f02e12bd65,2024-09,South Wales Police,South Wales Police,-3.175747,51.482264,On or near Shopping Area,W01002019,Cardiff 032H,Shoplifting,Investigation complete; no suspect identified,
7a3875bc05d67688df0dd66a129fa5440a0f6ea66c1dcaf897edae90ba13c2c7,2024-09,South Wales Police,South Wales Police,-3.174081,51.477946,On or near Parking Area,W01002019,Cardiff 032H,Shoplifting,Investigation complete; no suspect identified,
c420c23d74c33aef58ed88f9c01adebe61610af7b435b52a9068bee993520c77,2024-09,South Wales Police,South Wales Police,-3.174081,51.477946,On or near Parking Area,W01002019,Cardiff 032H,Shoplifting,Awaiting court outcome,
249499c2e0f2c7f1f87060a599b8e764b23677719a3dbf282d37f56c53f58c9f,2024-09,South Wales Police,South Wales Police,-3.176017,51.478359,On or near Nightclub,W01002019,Cardiff 032H,Shoplifting,Investigation complete; no suspect identified,
d0f0c34e13e553e8f56a22cbb69868d3d015f60d8fa1788cef81b4dd2c5c0add,2024-09,South Wales Police,South Wales Police,-3.173856,51.479288,On or near Parking Area,W01002019,Cardiff 032H,Shoplifting,Investigation complete; no suspect identified,
74a562bd1f64e789a0e2dd3927bad1ba425c6300a61d5924d1d20325a85a0d20,2024-09,South Wales Police,South Wales Police,-3.176017,51.478359,On or near Nightclub,W01002019,Cardiff 032H,Shoplifting,Investigation complete; no suspect identified,
7ba9f947af32360e0c8f18a5179f959dffa7ceb588122c222d804b878121a99a,2024-09,South Wales Police,South Wales Police,-3.178323,51.478264,On or near Nightclub,W01002019,Cardiff 032H,Shoplifting,Awaiting court outcome,
e1ddcbf2925fdb58aa3323483d3abc7015970a8f6a3f03624c8d120e76d2be59,2024-09,South Wales Police,South Wales Police,-3.171781,51.482034,On or near Parking Area,W01002019,Cardiff 032H,Shoplifting,Awaiting court outcome,
1f0ae02fc0526bb96555c03a15f3e079587cc2f35618ec3e8463de593f9b3d1f,2024-09,South Wales Police,South Wales Police,-3.176127,51.479122,On or near The Hayes,W01002019,Cardiff 032H,Shoplifting,Under investigation,
535adb65a9c514d631db99fedc33a67cac8f769cda2f63d7086e4b43e731de58,2024-09,South Wales Police,South Wales Police,-3.174081,51.477946,On or near Parking Area,W01002019,Cardiff 032H,Shoplifting,Awaiting court outcome,
ec1ac163c81ec090416ad5da0d4be99e7233eca7dde552f2b15457ab4d992e78,2024-09,South Wales Police,South Wales Police,-3.176127,51.479122,On or near The Hayes,W01002019,Cardiff 032H,Shoplifting,Under investigation,
395d6e16ed4ed71211d9f2156c405116255a53d4517cdc6aade032310d3d3624,2024-09,South Wales Police,South Wales Police,-3.178672,51.481191,On or near St John Street,W01002019,Cardiff 032H,Shoplifting,Investigation complete; no suspect identified,
61ff345564799fc7380bc1e148604a67c0602190dda6ebaeeb232c847078186d,2024-09,South Wales Police,South Wales Police,-3.175747,51.482264,On or near Shopping Area,W01002019,Cardiff 032H,Shoplifting,Unable to prosecute suspect,
80b409cfb274b08a0fdb5b9908371abc6dde739fdcc4fd4c8eb11b1b5945f2dd,2024-09,South Wales Police,South Wales Police,-3.176127,51.479122,On or near The Hayes,W01002019,Cardiff 032H,Shoplifting,Investigation complete; no suspect identified,
38900b34ff6435777f43e8bf2a80b3f5405f65cb1a64d30c61d7f19576630693,2024-09,South Wales Police,South Wales Police,-3.179774,51.479265,On or near Plas Yr Neuadd,W01002019,Cardiff 032H,Shoplifting,Awaiting court outcome,
83492614b4611425ddcd532e09bd9792e4635190ed7ed76e986072b44f3f91a1,2024-09,South Wales Police,South Wales Police,-3.176017,51.478359,On or near Nightclub,W01002019,Cardiff 032H,Shoplifting,Investigation complete; no suspect identified,
57328840dd03b811885f47a7f5952dc3b25eabf3c4e4825225bd2c3145e3e6db,2024-09,South Wales Police,South Wales Police,-3.174081,51.477946,On or near Parking Area,W01002019,Cardiff 032H,Shoplifting,Awaiting court outcome,
1073ed1dbaad5eb22381888a24c5d59ae27176be44dfd16ba37f7a0ef7e5f04f,2024-09,South Wales Police,South Wales Police,-3.176251,51.480577,On or near Shopping Area,W01002019,Cardiff 032H,Shoplifting,Investigation complete; no suspect identified,
34d14b20042f6df65a523e5e5d2e2063aa85346919fbe0ba70dcb80a68e4789f,2024-09,South Wales Police,South Wales Police,-3.177840,51.476290,On or near Parking Area,W01002019,Cardiff 032H,Shoplifting,Investigation complete; no suspect identified,
f0efadfb2e56e2bcbd78d676d840890246cf5fd4561d5af5c67e3ed8cb43acb9,2024-09,South Wales Police,South Wales Police,-3.176438,51.480027,On or near Sports/Recreation Area,W01002019,Cardiff 032H,Shoplifting,Investigation complete; no suspect identified,
94bf7628a747750ab0689f4fd919e5e8cc002c0b35f4a61fffd74a8ba4fe8c1c,2024-09,South Wales Police,South Wales Police,-3.177293,51.479110,On or near Bakers Row,W01002019,Cardiff 032H,Shoplifting,Investigation complete; no suspect identified,
2923255e28891c0c9499562e9f4ea70759bd20933e3c9f540765b26167ee9d59,2024-09,South Wales Police,South Wales Police,-3.177840,51.476290,On or near Parking Area,W01002019,Cardiff 032H,Shoplifting,Investigation complete; no suspect identified,
922862ec567cc146fe307b9a249b3f97ff70a3823215a135322e05e9f9f5090d,2024-09,South Wales Police,South Wales Police,-3.175747,51.482264,On or near Shopping Area,W01002019,Cardiff 032H,Shoplifting,Awaiting court outcome,
c8d999a9e7766334626d83ac59f39975fb54efecbdb81ed2b95927d872cfb240,2024-09,South Wales Police,South Wales Police,-3.177840,51.476290,On or near Parking Area,W01002019,Cardiff 032H,Shoplifting,Investigation complete; no suspect identified,
60aecbb1e566589239bf64fa41afa7bd2c25e3e852600d31e0a941438d5d98ce,2024-09,South Wales Police,South Wales Police,-3.171781,51.482034,On or near Parking Area,W01002019,Cardiff 032H,Shoplifting,Awaiting court outcome,
4781b38993f839bd3e8e803b0fdac183efad4d631eae21e2513e3622a13ee15a,2024-09,South Wales Police,South Wales Police,-3.175747,51.482264,On or near Shopping Area,W01002019,Cardiff 032H,Shoplifting,Investigation complete; no suspect identified,
d5c51e2994ce1da8547ad48bbf1f7ad2f9c49876b0016eb77f5528599427fa29,2024-09,South Wales Police,South Wales Police,-3.176251,51.480577,On or near Shopping Area,W01002019,Cardiff 032H,Shoplifting,Investigation complete; no suspect identified,
776a78e6e4bac5ab9e0d18872821455fd49ee30cc7c8abc604341adb2d9e002b,2024-09,South Wales Police,South Wales Police,-3.174081,51.477946,On or near Parking Area,W01002019,Cardiff 032H,Shoplifting,Awaiting court outcome,
747271f58e6ddda758221415810e132b7ad71f79c317568353dfc7629acc6c1a,2024-09,South Wales Police,South Wales Police,-3.173856,51.479288,On or near Parking Area,W01002019,Cardiff 032H,Shoplifting,Awaiting court outcome,
3aefa74541519c3448a67657453f0b697bee9187cac93527978f93d221c6c2ab,2024-09,South Wales Police,South Wales Police,-3.176127,51.479122,On or near The Hayes,W01002019,Cardiff 032H,Shoplifting,Unable to prosecute suspect,
932380140e846d5f27816525a5bbae17fa9e1a8ecb3b797ba93fb1e1ce8dd26c,2024-09,South Wales Police,South Wales Police,-3.173856,51.479288,On or near Parking Area,W01002019,Cardiff 032H,Shoplifting,Awaiting court outcome,
ecaed9ec93aacee965c418c68c59c0d8a8eee8f24edeb3dcc0e010ebc5d526e5,2024-09,South Wales Police,South Wales Police,-3.174081,51.477946,On or near Parking Area,W01002019,Cardiff 032H,Shoplifting,Awaiting court outcome,
01716de712145ff4763891d7111650c6a02efb734e19f77e0be7d16eee352650,2024-09,South Wales Police,South Wales Police,-3.174081,51.477946,On or near Parking Area,W01002019,Cardiff 032H,Shoplifting,Awaiting court outcome,
fd1720ae0b4fad317fc7ba0f5fb5a0866a22dc00b6ad9ef685486741a0655a3f,2024-09,South Wales Police,South Wales Police,-3.175747,51.482264,On or near Shopping Area,W01002019,Cardiff 032H,Shoplifting,Investigation complete; no suspect identified,
e70c5d226675a9f18b382e6cfe024862b84977d3da9c2935d2c4708180a626e9,2024-09,South Wales Police,South Wales Police,-3.179557,51.481461,On or near Duke Street,W01002019,Cardiff 032H,Shoplifting,Investigation complete; no suspect identified,
11bacd0d26bf40a240ccc38874ba7a62148a025eedfc80e5bfdff1b2f711966a,2024-09,South Wales Police,South Wales Police,-3.179557,51.481461,On or near Duke Street,W01002019,Cardiff 032H,Shoplifting,Investigation complete; no suspect identified,
2da8e34b1cae5a1fa258ddec4df7d8b43a2f4380612331717fafdf6519b6fdb3,2024-09,South Wales Police,South Wales Police,-3.174081,51.477946,On or near Parking Area,W01002019,Cardiff 032H,Shoplifting,Under investigation,
95c29ba21eaf265175d0a2f178bacf9c1b2d64570b6887f4d242437745391256,2024-09,South Wales Police,South Wales Police,-3.178672,51.481191,On or near St John Street,W01002019,Cardiff 032H,Shoplifting,Unable to prosecute suspect,
4c62f42f5696c5e5d0d35797947d3fe6ed78def77968b11cb32839ec6fb51b29,2024-09,South Wales Police,South Wales Police,-3.171781,51.482034,On or near Parking Area,W01002019,Cardiff 032H,Shoplifting,Investigation complete; no suspect identified,
6897eec5b3548bed5609a98f558b9c606201048afaf93c709094c908d5abe593,2024-09,South Wales Police,South Wales Police,-3.179557,51.481461,On or near Duke Street,W01002019,Cardiff 032H,Shoplifting,Awaiting court outcome,
8cb5c4d3f03ca3fc0af06b113043ea605b6d9fb1829d8122ec6228c6b8d26fa2,2024-09,South Wales Police,South Wales Police,-3.179557,51.481461,On or near Duke Street,W01002019,Cardiff 032H,Shoplifting,Investigation complete; no suspect identified,
300b635c3458686e45f5be7523c5ad6e4979872ecf282e914bc6255ebae9f89a,2024-09,South Wales Police,South Wales Police,-3.179557,51.481461,On or near Duke Street,W01002019,Cardiff 032H,Shoplifting,Investigation complete; no suspect identified,
5285b5d7b77a8da29aafe0052b9c2bca3feaaada599a0ca281fe535df48667aa,2024-09,South Wales Police,South Wales Police,-3.179557,51.481461,On or near Duke Street,W01002019,Cardiff 032H,Shoplifting,Investigation complete; no suspect identified,
7e8352950efcdf8fb2fbf3703c4bec68110686513857028137fa7935ce322fc4,2024-09,South Wales Police,South Wales Police,-3.173443,51.481307,On or near Conference/Exhibition Centre,W01002019,Cardiff 032H,Shoplifting,Formal action is not in the public interest,
5d212822cba1bfcf5bd8942f23d0f0b7536860fb78f863a78c357469b182e22a,2024-09,South Wales Police,South Wales Police,-3.173856,51.479288,On or near Parking Area,W01002019,Cardiff 032H,Shoplifting,Investigation complete; no suspect identified,
2898f781b2dce8f7a693e1c97be848f5746a7c7da2612adc142820d307804837,2024-09,South Wales Police,South Wales Police,-3.179557,51.481461,On or near Duke Street,W01002019,Cardiff 032H,Shoplifting,Investigation complete; no suspect identified,
02b1171a36ba2586511947125f6b693469a55b222e8426af1a7f2ee706a5997a,2024-09,South Wales Police,South Wales Police,-3.174081,51.477946,On or near Parking Area,W01002019,Cardiff 032H,Shoplifting,Awaiting court outcome,
f545b7266b796348212664ffff611e337cbc88c69a613d6148f689b6f34a2d3e,2024-09,South Wales Police,South Wales Police,-3.175747,51.482264,On or near Shopping Area,W01002019,Cardiff 032H,Shoplifting,Unable to prosecute suspect,
afd293705242dcbe5fe1ddb6bdf7329e4ba8209e351134e965c47f872fb33bc1,2024-09,South Wales Police,South Wales Police,-3.177840,51.476290,On or near Parking Area,W01002019,Cardiff 032H,Shoplifting,Unable to prosecute suspect,
446e1d5f1b52e99d1bbca133cb38669261630810f4b37329c0456da50a76591f,2024-09,South Wales Police,South Wales Police,-3.176127,51.479122,On or near The Hayes,W01002019,Cardiff 032H,Shoplifting,Investigation complete; no suspect identified,
55fa90a97f1760bc407109899fa88153b0e369e75a378e99b5d47040916d867c,2024-09,South Wales Police,South Wales Police,-3.176017,51.478359,On or near Nightclub,W01002019,Cardiff 032H,Shoplifting,Investigation complete; no suspect identified,
c550dee64511258ef16c1f61322e78d40dec5340be588dd41cab2a6f20607e11,2024-09,South Wales Police,South Wales Police,-3.175747,51.482264,On or near Shopping Area,W01002019,Cardiff 032H,Shoplifting,Investigation complete; no suspect identified,
62927f89471408b36128632ccc784f436006bc5f8a4d1e940c3339b96f8a8792,2024-09,South Wales Police,South Wales Police,-3.177293,51.479110,On or near Bakers Row,W01002019,Cardiff 032H,Shoplifting,Awaiting court outcome,
0490252a54fc392672aadd6c6337f88b0e33d76d6ca201d033010d0aeff7b8e5,2024-09,South Wales Police,South Wales Police,-3.174081,51.477946,On or near Parking Area,W01002019,Cardiff 032H,Shoplifting,Awaiting court outcome,
d1aebd393a51e3b51d458bf6adc5185b99cb6175d3dd973c07314f6a09c80e3f,2024-09,South Wales Police,South Wales Police,-3.173443,51.481307,On or near Conference/Exhibition Centre,W01002019,Cardiff 032H,Shoplifting,Awaiting court outcome,
3ccaff55e622fd38303558bd9e7112dfee17d1eb4ce9c9b04afc5daacfb16522,2024-09,South Wales Police,South Wales Police,-3.173060,51.483604,On or near Windsor Lane,W01002019,Cardiff 032H,Shoplifting,Awaiting court outcome,
300bb0e60ba8acf29c4a49d194641c5a9606132a0b041b469de76129eaac043e,2024-09,South Wales Police,South Wales Police,-3.177367,51.477518,On or near Heol Eglwys Fair,W01002019,Cardiff 032H,Theft from the person,Investigation complete; no suspect identified,
e90be0b008dd3cebb12b02eb44f1a64a3ade20e1ab5295797ba652987518b95c,2024-09,South Wales Police,South Wales Police,-3.177840,51.476290,On or near Parking Area,W01002019,Cardiff 032H,Theft from the person,Investigation complete; no suspect identified,
4c401e741a4d65ca3cb90348423f674dd2c1d01c942414f8236feeb8faa638cb,2024-09,South Wales Police,South Wales Police,-3.177367,51.477518,On or near Heol Eglwys Fair,W01002019,Cardiff 032H,Theft from the person,Investigation complete; no suspect identified,
873f06129acc81e8a56dafcf7268d8e5c5bfdc12fd5e243d2d215b4fdcdf31d8,2024-09,South Wales Police,South Wales Police,-3.178547,51.478594,On or near Nightclub,W01002019,Cardiff 032H,Theft from the person,Investigation complete; no suspect identified,
0577b48dd156a1469b58bfa69ef2ba315a1e859b2bb35738cb24ece3acbf5446,2024-09,South Wales Police,South Wales Police,-3.179557,51.481461,On or near Duke Street,W01002019,Cardiff 032H,Theft from the person,Investigation complete; no suspect identified,
7697b0faf277b442e09bdd138382668c37dff4afaa431726ab18d971c0d9c8e7,2024-09,South Wales Police,South Wales Police,-3.175372,51.476639,On or near Heol Y Tollty,W01002019,Cardiff 032H,Theft from the person,Investigation complete; no suspect identified,
480b32c1c8944ad177c13ef37f59c7d8626ca9afeea7fb28e27fadaed5ea126d,2024-09,South Wales Police,South Wales Police,-3.175747,51.482264,On or near Shopping Area,W01002019,Cardiff 032H,Theft from the person,Investigation complete; no suspect identified,
31e1a95d9a8eb75db19ce4cc7ee7f4c87172c349091ef7e47bf69f98d9fea33f,2024-09,South Wales Police,South Wales Police,-3.173060,51.483604,On or near Windsor Lane,W01002019,Cardiff 032H,Vehicle crime,Investigation complete; no suspect identified,
62d0b4c5b3bc333eec8c6a19e94bc767aefd1d876482bee28991bfb717d7a773,2024-09,South Wales Police,South Wales Police,-3.173277,51.485319,On or near St Andrew'S Lane,W01002019,Cardiff 032H,Vehicle crime,Investigation complete; no suspect identified,
e9dcfb19a97fe5fad9dc1229d28eb3b3d273a3b553f0701623c336eb7e218294,2024-09,South Wales Police,South Wales Police,-3.175747,51.482264,On or near Shopping Area,W01002019,Cardiff 032H,Vehicle crime,Investigation complete; no suspect identified,
27d3973b61b14e9e520a0eb19f6979e6b5a1f970187f5853ed0cd8789e083051,2024-09,South Wales Police,South Wales Police,-3.176214,51.483059,On or near Parking Area,W01002019,Cardiff 032H,Vehicle crime,Investigation complete; no suspect identified,
dc522f2a08512ee53ec3d21dcf9bbd365fc65e935b84414d66ba1b254fcc3642,2024-09,South Wales Police,South Wales Police,-3.176214,51.483059,On or near Parking Area,W01002019,Cardiff 032H,Vehicle crime,Investigation complete; no suspect identified,
2a8a2f92fb90cdf37a6b6f46a57cac7d75b2bf886419a5ef2931ca719ccae40f,2024-09,South Wales Police,South Wales Police,-3.176438,51.480027,On or near Sports/Recreation Area,W01002019,Cardiff 032H,Vehicle crime,Investigation complete; no suspect identified,
4b345af1726dc6aa2ba8d823e64e3c5ab63e2af6bcfa9fc3a84d56cf9de1c7e8,2024-09,South Wales Police,South Wales Police,-3.176214,51.483059,On or near Parking Area,W01002019,Cardiff 032H,Vehicle crime,Investigation complete; no suspect identified,
780c239ee0ff12e0c93cbbc5206d3e3f44c9416b8b24bbeb19f5a352321cc13f,2024-09,South Wales Police,South Wales Police,-3.173277,51.485319,On or near St Andrew'S Lane,W01002019,Cardiff 032H,Vehicle crime,Investigation complete; no suspect identified,
bd6c2923c842437449cea29bb28d5087e8e01e14df62e1e647b4ee18dc923a09,2024-09,South Wales Police,South Wales Police,-3.176214,51.483059,On or near Parking Area,W01002019,Cardiff 032H,Vehicle crime,Investigation complete; no suspect identified,
ecc03f3d3a32733748175917098d993aaa5440cf017f7a6f7cb531f8273f1dd4,2024-09,South Wales Police,South Wales Police,-3.171473,51.484078,On or near Parking Area,W01002019,Cardiff 032H,Vehicle crime,Investigation complete; no suspect identified,
f6e8afd712cf9c26753f4a424371309c2b68efaf39ff34cfa96650134f1d49dd,2024-09,South Wales Police,South Wales Police,-3.171473,51.484078,On or near Parking Area,W01002019,Cardiff 032H,Vehicle crime,Investigation complete; no suspect identified,
050b6023ed628877e44d2ffc902518e356e6a929b4c805de9b432500fd3d3d32,2024-09,South Wales Police,South Wales Police,-3.176214,51.483059,On or near Parking Area,W01002019,Cardiff 032H,Vehicle crime,Investigation complete; no suspect identified,
71ea8211758512089c0a7469cd6bd9cbe7368c3e93c1c820efe78f4ee4c6b4bf,2024-09,South Wales Police,South Wales Police,-3.172479,51.477801,On or near Bute Terrace,W01002019,Cardiff 032H,Vehicle crime,Investigation complete; no suspect identified,
218fbfaebcfda23696a2d92b4baa73abea147d31ed8baa3045515b6f813c739d,2024-09,South Wales Police,South Wales Police,-3.176214,51.483059,On or near Parking Area,W01002019,Cardiff 032H,Vehicle crime,Investigation complete; no suspect identified,
3c1d9768a453ded31eb573478211b89623ff8d303c84e4eed30606842453cafc,2024-09,South Wales Police,South Wales Police,-3.171020,51.482140,On or near Station Terrace,W01002019,Cardiff 032H,Vehicle crime,Investigation complete; no suspect identified,
0ca3f6926c0d3c2c3a246453c3e83b3837a1312d703455918ee6a2b942933c36,2024-09,South Wales Police,South Wales Police,-3.176214,51.483059,On or near Parking Area,W01002019,Cardiff 032H,Vehicle crime,Under investigation,
31effa4be793796bc73ce67eedf8a20e4b0c75b77a9d67fdfb4df853c5a95867,2024-09,South Wales Police,South Wales Police,-3.176214,51.483059,On or near Parking Area,W01002019,Cardiff 032H,Vehicle crime,Under investigation,
e2f972d8b00217ce15c1cc7c6c3d438d28b32601ed35ab690eb628941847b895,2024-09,South Wales Police,South Wales Police,-3.171473,51.484078,On or near Parking Area,W01002019,Cardiff 032H,Vehicle crime,Investigation complete; no suspect identified,
0ddb82158fdfe852bdec79edbffe5553da43dff9d3d8d052b84aa328d0dfc47d,2024-09,South Wales Police,South Wales Police,-3.176214,51.483059,On or near Parking Area,W01002019,Cardiff 032H,Vehicle crime,Unable to prosecute suspect,
28062d85b47c749209db63998dad5a35e88b9df9f0bdd27f13fe2196ce8a9780,2024-09,South Wales Police,South Wales Police,-3.176214,51.483059,On or near Parking Area,W01002019,Cardiff 032H,Vehicle crime,Under investigation,
39f634e74bb19ff12a4747d1e3ced974e601901f92f21d2ab052e6acc84d0bd4,2024-09,South Wales Police,South Wales Police,-3.171473,51.484078,On or near Parking Area,W01002019,Cardiff 032H,Vehicle crime,Investigation complete; no suspect identified,
2280cb19630192cddb8115635c737da41b2d495f8d78168bc6d40e2441ba6da8,2024-09,South Wales Police,South Wales Police,-3.176214,51.483059,On or near Parking Area,W01002019,Cardiff 032H,Vehicle crime,Investigation complete; no suspect identified,
a21f99d49405fb148bc3062399ce8471cf673f66ec4a925fcff197bf31d936d8,2024-09,South Wales Police,South Wales Police,-3.182187,51.479564,On or near Sports/Recreation Area,W01002019,Cardiff 032H,Vehicle crime,Investigation complete; no suspect identified,
6e1690b6e2346a54a51f2eee81d7edc25e7a8d19c87e932dda0c0a15d89b3f0e,2024-09,South Wales Police,South Wales Police,-3.171473,51.484078,On or near Parking Area,W01002019,Cardiff 032H,Vehicle crime,Investigation complete; no suspect identified,
378be9d113468f240952adc2c18c435a6b94330cba1b7326e8cae1c3f3a41211,2024-09,South Wales Police,South Wales Police,-3.177367,51.477518,On or near Heol Eglwys Fair,W01002019,Cardiff 032H,Vehicle crime,Investigation complete; no suspect identified,
ba689ce8e58c4d9b4cf4ae089140e9023f59b58054d73ff761cb2b573f31e8ff,2024-09,South Wales Police,South Wales Police,-3.180039,51.480063,On or near Theme/Adventure Park,W01002019,Cardiff 032H,Vehicle crime,Under investigation,
b16dad076785a79e3e39a6c9e634497a2214d3f6f481f5fb641924064e0e4225,2024-09,South Wales Police,South Wales Police,-3.171473,51.484078,On or near Parking Area,W01002019,Cardiff 032H,Vehicle crime,Investigation complete; no suspect identified,
028d0c37cccedb4d243c52b87f5cb8af2d9ebf2e6a01ff8118cb62c33bb604bf,2024-09,South Wales Police,South Wales Police,-3.180320,51.480878,On or near High Street,W01002019,Cardiff 032H,Vehicle crime,Investigation complete; no suspect identified,
ebbc0d8b0ea4b6b2d1774f8215568af8c30b8b9767d26ec83cd2479422c050f2,2024-09,South Wales Police,South Wales Police,-3.176214,51.483059,On or near Parking Area,W01002019,Cardiff 032H,Vehicle crime,Investigation complete; no suspect identified,
b700e2f55b235a07cb4e663798f9baf8b6d87ab9a95d7e635ac8dbbab9714de8,2024-09,South Wales Police,South Wales Police,-3.180039,51.480063,On or near Theme/Adventure Park,W01002019,Cardiff 032H,Vehicle crime,Investigation complete; no suspect identified,
eadc09bb5c31adea926f4de4b931082b8449e6a83847df948cb844d1cd4b3c65,2024-09,South Wales Police,South Wales Police,-3.173517,51.480083,On or near Barrack Lane,W01002019,Cardiff 032H,Vehicle crime,Unable to prosecute suspect,
89cf5e2afdfc45931b96bc0b69c0495ee88a8aad772d2c7e5258acbcdec10d5b,2024-09,South Wales Police,South Wales Police,-3.182187,51.479564,On or near Sports/Recreation Area,W01002019,Cardiff 032H,Vehicle crime,Unable to prosecute suspect,
b3d912b1dcf7c62edb79dbd6706c28f95c8c86b567b4c1e9734c8dbf121e802d,2024-09,South Wales Police,South Wales Police,-3.176817,51.486344,On or near Park Place,W01002019,Cardiff 032H,Vehicle crime,Unable to prosecute suspect,
b52e1a91d831b789ea70008a1238b8db015406c4f577729d5766bd2215f88402,2024-09,South Wales Police,South Wales Police,-3.174779,51.477670,On or near Hayes Bridge Road,W01002019,Cardiff 032H,Violence and sexual offences,Unable to prosecute suspect,
88f8a9307847794877e6a0726665de9452ea7d9fb81fe6910767a73029354978,2024-09,South Wales Police,South Wales Police,-3.176127,51.479122,On or near The Hayes,W01002019,Cardiff 032H,Violence and sexual offences,Unable to prosecute suspect,
4c7368eb68b084a493d73ed593fbec2c600e5ec14af4fe326a91b6dd31e30c15,2024-09,South Wales Police,South Wales Police,-3.178672,51.481191,On or near St John Street,W01002019,Cardiff 032H,Violence and sexual offences,Unable to prosecute suspect,
aa007246d6a6d427984b7b2f3ecfbfb876ef2308159c749daa4a83336aaf5dea,2024-09,South Wales Police,South Wales Police,-3.176214,51.483059,On or near Parking Area,W01002019,Cardiff 032H,Violence and sexual offences,Unable to prosecute suspect,
f013caee48808302c810b6392afb311d12878c33280467f5bb9bb1d447507ed6,2024-09,South Wales Police,South Wales Police,-3.175372,51.476639,On or near Heol Y Tollty,W01002019,Cardiff 032H,Violence and sexual offences,Under investigation,
5eef60e757bc960a4a7a43c6a5f8cdaf0f0d2ed1fbfad1d6a6000dcba673a97d,2024-09,South Wales Police,South Wales Police,-3.180039,51.480063,On or near Theme/Adventure Park,W01002019,Cardiff 032H,Violence and sexual offences,Unable to prosecute suspect,
b0b6339aa7f60f813edc24942a5e4bc055ac56545553ff3af4cfc99cb41dbee3,2024-09,South Wales Police,South Wales Police,-3.180039,51.480063,On or near Theme/Adventure Park,W01002019,Cardiff 032H,Violence and sexual offences,Unable to prosecute suspect,
f968813be026c770850e08bc5c2b27010cf0294d6d3eba29ca924525b911c68d,2024-09,South Wales Police,South Wales Police,-3.176214,51.483059,On or near Parking Area,W01002019,Cardiff 032H,Violence and sexual offences,Under investigation,
d0539408421b8f07c77a22fca9080bd893abcd9b0de1737b58f0729b43bcb09e,2024-09,South Wales Police,South Wales Police,-3.179557,51.481461,On or near Duke Street,W01002019,Cardiff 032H,Violence and sexual offences,Under investigation,
9dfd3c5642b0f513be9c8756b171dee72f32216024729022d70b693075d9e738,2024-09,South Wales Police,South Wales Police,-3.173856,51.479288,On or near Parking Area,W01002019,Cardiff 032H,Violence and sexual offences,Offender given a caution,
0015531ca08a80695e70263c6037de376b2c52578f227a6844b82db79b4facf9,2024-09,South Wales Police,South Wales Police,-3.177440,51.476411,On or near Great Western Lane,W01002019,Cardiff 032H,Violence and sexual offences,Under investigation,
896bad77f9de57aefba7a7d14c712d7ea0fc0ba30344f7d4d49badf04bb905da,2024-09,South Wales Police,South Wales Police,-3.175372,51.476639,On or near Heol Y Tollty,W01002019,Cardiff 032H,Violence and sexual offences,Awaiting court outcome,
556ec705ba18ddc26154d2b359dd13109d7639759e8d85a7b3e273c111742dbe,2024-09,South Wales Police,South Wales Police,-3.173856,51.479288,On or near Parking Area,W01002019,Cardiff 032H,Violence and sexual offences,Under investigation,
48113c2190d4e93ae1223ba795631bd7163c734a0fd9c660c934c5517996af25,2024-09,South Wales Police,South Wales Police,-3.173856,51.479288,On or near Parking Area,W01002019,Cardiff 032H,Violence and sexual offences,Further investigation is not in the public interest,
5d206071d5f9e50051f3023a2622ff6f13f205b20d91b8bf3c3cb6949f8c9ef7,2024-09,South Wales Police,South Wales Police,-3.176537,51.478263,On or near Nightclub,W01002019,Cardiff 032H,Violence and sexual offences,Unable to prosecute suspect,
a6fdb46a33b16e9bda4e46fff2440d3ec2636a8c7709942f09b2a650b5e3aabc,2024-09,South Wales Police,South Wales Police,-3.176017,51.478359,On or near Nightclub,W01002019,Cardiff 032H,Violence and sexual offences,Awaiting court outcome,
5bfcbfdef525d57f23fb08fc969ee8b6d493b800baeb07688419c1ce2dca05a5,2024-09,South Wales Police,South Wales Police,-3.178013,51.479103,On or near Bus/Coach Station,W01002019,Cardiff 032H,Violence and sexual offences,Under investigation,
169d5171157c098f2c46eebfa6c396157c1dd5287227bce0876d23fea7fab7ed,2024-09,South Wales Police,South Wales Police,-3.176214,51.483059,On or near Parking Area,W01002019,Cardiff 032H,Violence and sexual offences,Unable to prosecute suspect,
e48e3c517f0afbf6a2ba3d25a6c7371372388a39349ca0c78f89ff0c1c31faa7,2024-09,South Wales Police,South Wales Police,-3.179033,51.478994,On or near Golate,W01002019,Cardiff 032H,Violence and sexual offences,Unable to prosecute suspect,
a12c162ffe4d3b94acce9795036514b081700fc9af16ebe7e98045a550c82cef,2024-09,South Wales Police,South Wales Police,-3.181727,51.480508,On or near Nightclub,W01002019,Cardiff 032H,Violence and sexual offences,Unable to prosecute suspect,
c744087735869ae9ba178a77233e5653a1c5f77db34e8bff35c0038efbe3819f,2024-09,South Wales Police,South Wales Police,-3.173856,51.479288,On or near Parking Area,W01002019,Cardiff 032H,Violence and sexual offences,Under investigation,
eef8635442f3ef635e5484ede10e12be864eac90659f51ef8be09dd35b982716,2024-09,South Wales Police,South Wales Police,-3.177367,51.477518,On or near Heol Eglwys Fair,W01002019,Cardiff 032H,Violence and sexual offences,Awaiting court outcome,
ea55fe41aab8423450844b99f423a3b77a73af01377d0a1066b7fe55fac3b8b1,2024-09,South Wales Police,South Wales Police,-3.176214,51.483059,On or near Parking Area,W01002019,Cardiff 032H,Violence and sexual offences,Unable to prosecute suspect,
2b43ce3f2e5d2493f4ffc5067b1770f90138ebb75f71d5a2349a60efebd86446,2024-09,South Wales Police,South Wales Police,-3.174779,51.477670,On or near Hayes Bridge Road,W01002019,Cardiff 032H,Violence and sexual offences,Unable to prosecute suspect,
e3719aef41280acb769688d71882c89706587eff8884c2d28a8fc4804dc71484,2024-09,South Wales Police,South Wales Police,-3.178547,51.478594,On or near Nightclub,W01002019,Cardiff 032H,Violence and sexual offences,Investigation complete; no suspect identified,
bae6854603b0e7228c14108d7089e6f3938fc2642fde57924045a2919cb0cf87,2024-09,South Wales Police,South Wales Police,-3.178320,51.483182,On or near Heol Tyr Brodyr,W01002019,Cardiff 032H,Violence and sexual offences,Awaiting court outcome,
e1a6cc029786b01de0ca64e121a719f0ea3206ea9b26403c4b14a387a327811f,2024-09,South Wales Police,South Wales Police,-3.179557,51.481461,On or near Duke Street,W01002019,Cardiff 032H,Violence and sexual offences,Investigation complete; no suspect identified,
ef6a91dcaf8baecd165d28bd50197b48e8f02a7d84218b5a1d23ebeed8912386,2024-09,South Wales Police,South Wales Police,-3.177367,51.477518,On or near Heol Eglwys Fair,W01002019,Cardiff 032H,Violence and sexual offences,Investigation complete; no suspect identified,
48ed829492e6ca79a9af00a345377ccedd891a765cbffe41b07359f273b3d77a,2024-09,South Wales Police,South Wales Police,-3.178672,51.481191,On or near St John Street,W01002019,Cardiff 032H,Violence and sexual offences,Unable to prosecute suspect,
d296434601bebd46e86f8ab19c4a360e42a37546d829fb2d3c547dd1dfb07aee,2024-09,South Wales Police,South Wales Police,-3.177367,51.477518,On or near Heol Eglwys Fair,W01002019,Cardiff 032H,Violence and sexual offences,Under investigation,
003096e1e11cf5eab1029e11912a9f618e7aeeb72cd73de3630eaf52f90135b5,2024-09,South Wales Police,South Wales Police,-3.175372,51.476639,On or near Heol Y Tollty,W01002019,Cardiff 032H,Violence and sexual offences,Under investigation,
fd6739879828ac41878b37a7671da59f41ed823ed9e5abbdf15e93de3af736b1,2024-09,South Wales Police,South Wales Police,-3.175372,51.476639,On or near Heol Y Tollty,W01002019,Cardiff 032H,Violence and sexual offences,Unable to prosecute suspect,
5599f0f43740178b043137ec8e3be506a06216018633fbf562801140ce40d650,2024-09,South Wales Police,South Wales Police,-3.178547,51.478594,On or near Nightclub,W01002019,Cardiff 032H,Violence and sexual offences,Offender given a caution,
7b216800e92f9dcb2cac2803be04e3656419364be380f2db3dcf20c89f7a09c0,2024-09,South Wales Police,South Wales Police,-3.178320,51.483182,On or near Heol Tyr Brodyr,W01002019,Cardiff 032H,Violence and sexual offences,Investigation complete; no suspect identified,
2132f70af7f360e567476a59de934bcfc99c62b8b11876bcffb96cf461f066f1,2024-09,South Wales Police,South Wales Police,-3.177440,51.476411,On or near Great Western Lane,W01002019,Cardiff 032H,Violence and sexual offences,Unable to prosecute suspect,
79990fcc0527c067e2874a24087cdefb2f8ddbc4eda3776552a5eb3bd6a83734,2024-09,South Wales Police,South Wales Police,-3.177367,51.477518,On or near Heol Eglwys Fair,W01002019,Cardiff 032H,Violence and sexual offences,Under investigation,
f9c937281cafab5d469b0710b2a2ab85732129e9c50049ad63eb0e1562b5cd3c,2024-09,South Wales Police,South Wales Police,-3.177367,51.477518,On or near Heol Eglwys Fair,W01002019,Cardiff 032H,Violence and sexual offences,Investigation complete; no suspect identified,
7b2206b5292806df548ad988f1e7ecce4e972cae94cc056667c4371c37ff35b7,2024-09,South Wales Police,South Wales Police,-3.175747,51.482264,On or near Shopping Area,W01002019,Cardiff 032H,Violence and sexual offences,Investigation complete; no suspect identified,
cad0515748620c54545f9a0d02e3043e27fecd54d5c1594a71f73d19325adee9,2024-09,South Wales Police,South Wales Police,-3.179557,51.481461,On or near Duke Street,W01002019,Cardiff 032H,Violence and sexual offences,Investigation complete; no suspect identified,
25383cf9c5454db457601ca64f180ea1ae650c2a4a7fee2975226679be9324a6,2024-09,South Wales Police,South Wales Police,-3.171781,51.482034,On or near Parking Area,W01002019,Cardiff 032H,Violence and sexual offences,Under investigation,
6f1036682f407f4a453c94ae810de8ada7f80382b1cadd86404bc6eeb2286b54,2024-09,South Wales Police,South Wales Police,-3.176537,51.478263,On or near Nightclub,W01002019,Cardiff 032H,Violence and sexual offences,Offender given a caution,
61b5a83068fef0952dc6d63d0f4aa4439dba9f84fecf03d0e296951a64b8f36e,2024-09,South Wales Police,South Wales Police,-3.177367,51.477518,On or near Heol Eglwys Fair,W01002019,Cardiff 032H,Violence and sexual offences,Under investigation,
5145125aea0af9eccd9e5c0f03ffb8bb658a56ec66f707bbb68c639d77295b9c,2024-09,South Wales Police,South Wales Police,-3.175372,51.476639,On or near Heol Y Tollty,W01002019,Cardiff 032H,Violence and sexual offences,Unable to prosecute suspect,
c1808f3e1163e282f47b8f1dc5deebf6f0cfd0e2cc20a8a58f1c45a59262fb64,2024-09,South Wales Police,South Wales Police,-3.174779,51.477670,On or near Hayes Bridge Road,W01002019,Cardiff 032H,Violence and sexual offences,Unable to prosecute suspect,
bffff0ee6cd4656bc0ebca5f7111f1aa8e0a5a2fdb65eaa15f62ddd9767349f7,2024-09,South Wales Police,South Wales Police,-3.178672,51.481191,On or near St John Street,W01002019,Cardiff 032H,Violence and sexual offences,Investigation complete; no suspect identified,
5e7e583677ce6191e44cc412a10f39dabbfa38a7d01797973dfd6350aa13e85d,2024-09,South Wales Police,South Wales Police,-3.175372,51.476639,On or near Heol Y Tollty,W01002019,Cardiff 032H,Violence and sexual offences,Awaiting court outcome,
9ad3455477450c1cc14e57913c6a39b5fc6d432db0874ffe2296a775785e4670,2024-09,South Wales Police,South Wales Police,-3.176537,51.478263,On or near Nightclub,W01002019,Cardiff 032H,Violence and sexual offences,Unable to prosecute suspect,
843aca470824ec4e5c214bbb7a4db11c8cd72e7d98fac0ca9321f51415052588,2024-09,South Wales Police,South Wales Police,-3.177367,51.477518,On or near Heol Eglwys Fair,W01002019,Cardiff 032H,Violence and sexual offences,Under investigation,
c8a0a671c45f1041fbdc64345c02de23a4865351e89a1d6c2d88cbb2c1397999,2024-09,South Wales Police,South Wales Police,-3.175372,51.476639,On or near Heol Y Tollty,W01002019,Cardiff 032H,Violence and sexual offences,Under investigation,
e0119be2b47b7e4ce61c9d124e603579b04e612e01f654c25256117aab1ce197,2024-09,South Wales Police,South Wales Police,-3.178323,51.478264,On or near Nightclub,W01002019,Cardiff 032H,Violence and sexual offences,Unable to prosecute suspect,
0b2c6e67a965e42bebe094950362bf5e68f19b170b792479d3c9196457ee1e8e,2024-09,South Wales Police,South Wales Police,-3.178320,51.483182,On or near Heol Tyr Brodyr,W01002019,Cardiff 032H,Violence and sexual offences,Investigation complete; no suspect identified,
618da595cd9b830aad4a2ae79732b5247002b9c56b50151fe3b1a8946e8317b1,2024-09,South Wales Police,South Wales Police,-3.178672,51.481191,On or near St John Street,W01002019,Cardiff 032H,Violence and sexual offences,Under investigation,
6a2729899b54ff338ff9a105ae2bb22de3ac00271d9c6511025ff0ef11f5c8b3,2024-09,South Wales Police,South Wales Police,-3.177367,51.477518,On or near Heol Eglwys Fair,W01002019,Cardiff 032H,Violence and sexual offences,Under investigation,
682f524832107da19d713e1fb46fbcc1c1e1d86a21b18825a64ef2c4e68e1ccd,2024-09,South Wales Police,South Wales Police,-3.175372,51.476639,On or near Heol Y Tollty,W01002019,Cardiff 032H,Violence and sexual offences,Investigation complete; no suspect identified,
d6f1d5725850df669d7d3e2870504e148d08948db69add232329e8c1bcea0cc4,2024-09,South Wales Police,South Wales Police,-3.176385,51.477959,On or near Caroline Street,W01002019,Cardiff 032H,Violence and sexual offences,Unable to prosecute suspect,
9f6dcb613bfa0bc56159c88233e8096487115e1a45364449b262dab2d77fc17b,2024-09,South Wales Police,South Wales Police,-3.176385,51.477959,On or near Caroline Street,W01002019,Cardiff 032H,Violence and sexual offences,Local resolution,
ebeb6ddd9c19ab87b59ed9ee25a3ce338404826929abfabbd78a60fea4589941,2024-09,South Wales Police,South Wales Police,-3.177367,51.477518,On or near Heol Eglwys Fair,W01002019,Cardiff 032H,Violence and sexual offences,Unable to prosecute suspect,
65144cc028e6ba7cc5a4a978ca8847c73775de3286b1938860124bd1d22959ff,2024-09,South Wales Police,South Wales Police,-3.178672,51.481191,On or near St John Street,W01002019,Cardiff 032H,Violence and sexual offences,Unable to prosecute suspect,
0cec25a888697837a15249f89e0541781497e963f86bf8ee8c86a9dd95d17747,2024-09,South Wales Police,South Wales Police,-3.176127,51.479122,On or near The Hayes,W01002019,Cardiff 032H,Violence and sexual offences,Unable to prosecute suspect,
4a157d778a4b65c4d54e44f88b857b38f6c78096699bc67a8c58a4c25b3d9b7d,2024-09,South Wales Police,South Wales Police,-3.175747,51.482264,On or near Shopping Area,W01002019,Cardiff 032H,Violence and sexual offences,Under investigation,
a00aa506e733e274d5093da2e06d4a8469306b78ad189afb9800b9dea8319be6,2024-09,South Wales Police,South Wales Police,-3.172175,51.483244,On or near Supermarket,W01002019,Cardiff 032H,Violence and sexual offences,Unable to prosecute suspect,
8eff723d5eed803f3723e581d26b9f4a76c02cd9a717961e189b17fddccb5b1a,2024-09,South Wales Police,South Wales Police,-3.179033,51.478994,On or near Golate,W01002019,Cardiff 032H,Violence and sexual offences,Investigation complete; no suspect identified,
3f6cf556935aadac92854e1bb9eebac5a703d893123d77cbeaf7e5ee0d96c7a0,2024-09,South Wales Police,South Wales Police,-3.179033,51.478994,On or near Golate,W01002019,Cardiff 032H,Violence and sexual offences,Investigation complete; no suspect identified,
0325a458d43d89a24300ca2474a8fc88ed96457b007973d983db127e131ab606,2024-09,South Wales Police,South Wales Police,-3.175372,51.476639,On or near Heol Y Tollty,W01002019,Cardiff 032H,Violence and sexual offences,Unable to prosecute suspect,
a1218b3a7977a8ce47ed6b3348690a80843d1cd6fa2b1ac7e374ce83550ef9fd,2024-09,South Wales Police,South Wales Police,-3.175372,51.476639,On or near Heol Y Tollty,W01002019,Cardiff 032H,Violence and sexual offences,Unable to prosecute suspect,
a51054f6676eabec8539c68db8d48d055c5b54dad91a94ac7f5ed1d3e42123d5,2024-09,South Wales Police,South Wales Police,-3.174779,51.477670,On or near Hayes Bridge Road,W01002019,Cardiff 032H,Violence and sexual offences,Unable to prosecute suspect,
ac5bca085225ab585dbcb0ee2ba33f2b9df2ca4f51bf4e3561ccce822edc8fec,2024-09,South Wales Police,South Wales Police,-3.178013,51.479103,On or near Bus/Coach Station,W01002019,Cardiff 032H,Violence and sexual offences,Investigation complete; no suspect identified,
92439e8a8695d39c631a1866b0a94a7cbeaf7dbb77476615b6794216aec42b15,2024-09,South Wales Police,South Wales Police,-3.173856,51.479288,On or near Parking Area,W01002019,Cardiff 032H,Violence and sexual offences,Investigation complete; no suspect identified,
9c8289b5459f224718bd9b6520f57194ee91179b35b1a39b545ca59034c05d90,2024-09,South Wales Police,South Wales Police,-3.178013,51.479103,On or near Bus/Coach Station,W01002019,Cardiff 032H,Violence and sexual offences,Awaiting court outcome,
cfd9b1d939bb14cd43bb6cdd688fd3304d91a662ec80a4e2d9c66cbb2ce73fed,2024-09,South Wales Police,South Wales Police,-3.178547,51.478594,On or near Nightclub,W01002019,Cardiff 032H,Violence and sexual offences,Investigation complete; no suspect identified,
011ce17f73e4d195dc30033181bd395a2060b11b4ee70cfc3b858dbb88953846,2024-09,South Wales Police,South Wales Police,-3.177367,51.477518,On or near Heol Eglwys Fair,W01002019,Cardiff 032H,Violence and sexual offences,Unable to prosecute suspect,
f3d3795a19ab2de6c0cc33d836668e4853f7b6a2f0fd607412f500737821b77e,2024-09,South Wales Police,South Wales Police,-3.179557,51.481461,On or near Duke Street,W01002019,Cardiff 032H,Violence and sexual offences,Unable to prosecute suspect,
2f6feba4c9bd0c7fb3d3c071318d824a1a02f20a98cab8ed8128b0a166c78643,2024-09,South Wales Police,South Wales Police,-3.174081,51.477946,On or near Parking Area,W01002019,Cardiff 032H,Violence and sexual offences,Unable to prosecute suspect,
b02c1f1f26e8983249908b6641628e005859747c607fccb0cc17a544a86e2d58,2024-09,South Wales Police,South Wales Police,-3.173277,51.485319,On or near St Andrew'S Lane,W01002019,Cardiff 032H,Violence and sexual offences,Unable to prosecute suspect,
bff00a68e290f1e96b122bc9ff3732d1cfaf69159e616ae5a24d74eb9d5a1e4d,2024-09,South Wales Police,South Wales Police,-3.177367,51.477518,On or near Heol Eglwys Fair,W01002019,Cardiff 032H,Violence and sexual offences,Unable to prosecute suspect,
963219237138229a27df35687e915baf0b1b597be9ddc3b1fa65896cd2753751,2024-09,South Wales Police,South Wales Police,-3.171781,51.482034,On or near Parking Area,W01002019,Cardiff 032H,Violence and sexual offences,Investigation complete; no suspect identified,
9a1c27c70118dd4c90e2a2793c73b42702314eaec827ee2f2f1c67808f6c6ff1,2024-09,South Wales Police,South Wales Police,-3.178013,51.479103,On or near Bus/Coach Station,W01002019,Cardiff 032H,Violence and sexual offences,Investigation complete; no suspect identified,
b526a9629cfd28c33705f5e8fd5ab1a590b0b28e75b5da4857d14ab7ed38c33a,2024-09,South Wales Police,South Wales Police,-3.180320,51.480878,On or near High Street,W01002019,Cardiff 032H,Violence and sexual offences,Investigation complete; no suspect identified,
950c76cefd8f8f8422238b99d612b345622d592061d7639e98d2993a495af0a1,2024-09,South Wales Police,South Wales Police,-3.177367,51.477518,On or near Heol Eglwys Fair,W01002019,Cardiff 032H,Violence and sexual offences,Unable to prosecute suspect,
6f98629e6e00d74596db9424dd2ec8f57ecdd8bf0f43238ef318a677ff7cf045,2024-09,South Wales Police,South Wales Police,-3.179557,51.481461,On or near Duke Street,W01002019,Cardiff 032H,Violence and sexual offences,Investigation complete; no suspect identified,
622bcff59e68c7ed807876cd857365c5bbb23e94e78d0adab799b9f73739fec8,2024-09,South Wales Police,South Wales Police,-3.181727,51.480508,On or near Nightclub,W01002019,Cardiff 032H,Violence and sexual offences,Unable to prosecute suspect,
1357fd7b212e4acbdc8e6c65dda8a9b5f87f4d3ba9fc23451549c2f314892b93,2024-09,South Wales Police,South Wales Police,-3.178320,51.483182,On or near Heol Tyr Brodyr,W01002019,Cardiff 032H,Violence and sexual offences,Offender given a caution,
018da5f9c4331b7da2f8da028bb8d507bd0feab522265d5acde0ab2fd1bad61b,2024-09,South Wales Police,South Wales Police,-3.177367,51.477518,On or near Heol Eglwys Fair,W01002019,Cardiff 032H,Violence and sexual offences,Investigation complete; no suspect identified,
8fced5a88163f6ebb109feef29b30f737973a3bbed2999ef0f17d40f00abecad,2024-09,South Wales Police,South Wales Police,-3.175372,51.476639,On or near Heol Y Tollty,W01002019,Cardiff 032H,Violence and sexual offences,Unable to prosecute suspect,
dfbc86ae8c1c9d7a3861b541ff68958adc8c413e8edd3dfc8891b913b91b3db5,2024-09,South Wales Police,South Wales Police,-3.177367,51.477518,On or near Heol Eglwys Fair,W01002019,Cardiff 032H,Violence and sexual offences,Investigation complete; no suspect identified,
19b7c05cbc1d77e24744fe7bee56a5652cc3ed6219099e5ed7a9225efa8fc42b,2024-09,South Wales Police,South Wales Police,-3.172859,51.478588,On or near Tredegar Street,W01002019,Cardiff 032H,Violence and sexual offences,Unable to prosecute suspect,
dacc10a2884b25c66dc94a67b61bd47dd0a427ed4badbd64480291ab7439a56c,2024-09,South Wales Police,South Wales Police,-3.173060,51.483604,On or near Windsor Lane,W01002019,Cardiff 032H,Violence and sexual offences,Investigation complete; no suspect identified,
38febf724d2bc04ed27bfea3ac3e56d3348ecf0437c5a968c4b5ddff8694871e,2024-09,South Wales Police,South Wales Police,-3.178323,51.478264,On or near Nightclub,W01002019,Cardiff 032H,Violence and sexual offences,Investigation complete; no suspect identified,
899cbaed8d1eb9e42ef8a3847a28c4540c881b4d3136b60696d7fb1148200899,2024-09,South Wales Police,South Wales Police,-3.180320,51.480878,On or near High Street,W01002019,Cardiff 032H,Violence and sexual offences,Local resolution,
a0839d641c35264d4d93f62569112a6e09b17dd4af51d79c1aa4cff37db1fdfa,2024-09,South Wales Police,South Wales Police,-3.178320,51.483182,On or near Heol Tyr Brodyr,W01002019,Cardiff 032H,Violence and sexual offences,Unable to prosecute suspect,
945bccd9fb102a75b25d6a33e22e2a0aac2da342a9a2b2b725d4d5dc4efbc2e8,2024-09,South Wales Police,South Wales Police,-3.178672,51.481191,On or near St John Street,W01002019,Cardiff 032H,Violence and sexual offences,Investigation complete; no suspect identified,
a8d27d276f77eecacbc1fe0c67cbcec04031fc313cded691ae8931af235c2455,2024-09,South Wales Police,South Wales Police,-3.174608,51.485575,On or near St Andrew'S Place,W01002019,Cardiff 032H,Violence and sexual offences,Awaiting court outcome,
7820748fbaa389ddc482de96ad5eb54cfb9c55ab60814faa90fe48f4f5a599de,2024-09,South Wales Police,South Wales Police,-3.177367,51.477518,On or near Heol Eglwys Fair,W01002019,Cardiff 032H,Violence and sexual offences,Awaiting court outcome,
51b06b2aeeb7426ff4dbf96331c82e347ba58cbb877ce6645a7cb82af3144b02,2024-09,South Wales Police,South Wales Police,-3.175372,51.476639,On or near Heol Y Tollty,W01002019,Cardiff 032H,Violence and sexual offences,Awaiting court outcome,
afd502c0a71c143832a2484cb34ccce1e7c7aee3588e4ad1125a7775232864fb,2024-09,South Wales Police,South Wales Police,-3.178320,51.483182,On or near Heol Tyr Brodyr,W01002019,Cardiff 032H,Violence and sexual offences,Unable to prosecute suspect,
a58c27da495a5b0fc99530bba9c3cc526dcc293eaa5cf15ac450c62f863b3ff8,2024-09,South Wales Police,South Wales Police,-3.178672,51.481191,On or near St John Street,W01002019,Cardiff 032H,Violence and sexual offences,Investigation complete; no suspect identified,
d40bb07baa5e43ece7e69ecacf14753db1992bf9072719052fb5c69a638314b7,2024-09,South Wales Police,South Wales Police,-3.180320,51.480878,On or near High Street,W01002019,Cardiff 032H,Violence and sexual offences,Investigation complete; no suspect identified,
dbd7e727a32afc583fe89d921483c95f406e2077cbeca43a76333710f10049da,2024-09,South Wales Police,South Wales Police,-3.172175,51.483244,On or near Supermarket,W01002019,Cardiff 032H,Violence and sexual offences,Awaiting court outcome,
f3010b6b73823f396f443539a60ad6beb61eabbc7f45962415dae502a7fa977f,2024-09,South Wales Police,South Wales Police,-3.177440,51.476411,On or near Great Western Lane,W01002019,Cardiff 032H,Violence and sexual offences,Unable to prosecute suspect,
5ea9078d4b2df451182aa789703bd3d4e0335ed239aa85da5b5bf672dec088d2,2024-09,South Wales Police,South Wales Police,-3.176537,51.478263,On or near Nightclub,W01002019,Cardiff 032H,Violence and sexual offences,Unable to prosecute suspect,
6a0c32047bf438aca1ca5c2ab972b40435287932f08d0223012203efb68c18f3,2024-09,South Wales Police,South Wales Police,-3.178323,51.478264,On or near Nightclub,W01002019,Cardiff 032H,Violence and sexual offences,Unable to prosecute suspect,
ef6baadf9cb2b7524c4eb01fd2cb6358810b57c8cb9db14438f69a69fcac493d,2024-09,South Wales Police,South Wales Police,-3.179557,51.481461,On or near Duke Street,W01002019,Cardiff 032H,Violence and sexual offences,Investigation complete; no suspect identified,
eb5a7234e9f762b8b8f767dd621f4533387c6761f051e52e0e50fc561a55e024,2024-09,South Wales Police,South Wales Police,-3.177367,51.477518,On or near Heol Eglwys Fair,W01002019,Cardiff 032H,Violence and sexual offences,Unable to prosecute suspect,
d9267f5cfd1433e05957f255002a432daae1d73452c98788b41ecc573f3f1861,2024-09,South Wales Police,South Wales Police,-3.173060,51.483604,On or near Windsor Lane,W01002019,Cardiff 032H,Violence and sexual offences,Unable to prosecute suspect,
bba1107a3a07763f5b441ef3337dc4ea298a286b549bfd07db486b5b5ff68d39,2024-09,South Wales Police,South Wales Police,-3.178323,51.478264,On or near Nightclub,W01002019,Cardiff 032H,Violence and sexual offences,Investigation complete; no suspect identified,
036686f27aac27e2415347cd73b530a6c0919db92179668b9dd662f77cb4c162,2024-09,South Wales Police,South Wales Police,-3.171781,51.482034,On or near Parking Area,W01002019,Cardiff 032H,Violence and sexual offences,Under investigation,
c917f16e129225b23ff39becc397b2a9ec4f8ca4d8f83403631995cf55d5b41a,2024-09,South Wales Police,South Wales Police,-3.171020,51.482140,On or near Station Terrace,W01002019,Cardiff 032H,Violence and sexual offences,Investigation complete; no suspect identified,
3b58f4daa8bfc341f672148b433381d0df014725d709e3e398d57cc2f3b5f8df,2024-09,South Wales Police,South Wales Police,-3.172188,51.480501,On or near Wesley Lane,W01002019,Cardiff 032H,Violence and sexual offences,Under investigation,
b4b5297d14098d8d549928308ac92d0ce76b4855602789108c122fc72676e9a6,2024-09,South Wales Police,South Wales Police,-3.177840,51.476290,On or near Parking Area,W01002019,Cardiff 032H,Violence and sexual offences,Under investigation,
5aca22a4fd8ec14abeefc6a8a40ed94eca536da5d3d4ab7d1fc70726ef9e485e,2024-09,South Wales Police,South Wales Police,-3.180039,51.480063,On or near Theme/Adventure Park,W01002019,Cardiff 032H,Violence and sexual offences,Unable to prosecute suspect,
258906923c2e6da03a5b7a571ccf92a016fb238a0cd71a18d41e51f0fde6fc8e,2024-09,South Wales Police,South Wales Police,-3.180039,51.480063,On or near Theme/Adventure Park,W01002019,Cardiff 032H,Violence and sexual offences,Unable to prosecute suspect,
f4f1331056bf47dbfa7c4860d2be2e76883cf30460972b568aaa6a190e0f4df7,2024-09,South Wales Police,South Wales Police,-3.175747,51.482264,On or near Shopping Area,W01002019,Cardiff 032H,Violence and sexual offences,Unable to prosecute suspect,
a88efc4b3db17781501204b8bf8738194ed713ade7d53bf4637f2322413a1350,2024-09,South Wales Police,South Wales Police,-3.176127,51.479122,On or near The Hayes,W01002019,Cardiff 032H,Violence and sexual offences,Unable to prosecute suspect,
c49cd564d74bbacce0681fb7109bef29acfc1ffc0b1e197fc09087f553e31ba2,2024-09,South Wales Police,South Wales Police,-3.183053,51.478925,On or near Hospital,W01002019,Cardiff 032H,Violence and sexual offences,Investigation complete; no suspect identified,
74de3f7e1065ec5233a79577c48875a2d3b432841d2b1466defe421eaffb6ff9,2024-09,South Wales Police,South Wales Police,-3.173060,51.483604,On or near Windsor Lane,W01002019,Cardiff 032H,Violence and sexual offences,Unable to prosecute suspect,
e16daf33cb9d6af11732f189e655b6eb43b87bb7ed66432989a4c7451ca5af50,2024-09,South Wales Police,South Wales Police,-3.179557,51.481461,On or near Duke Street,W01002019,Cardiff 032H,Violence and sexual offences,Unable to prosecute suspect,
6071d41ce4a6a51a29fb659cae16e78f4ff79007b3d09ff491d67e9b09711dd9,2024-09,South Wales Police,South Wales Police,-3.176017,51.478359,On or near Nightclub,W01002019,Cardiff 032H,Violence and sexual offences,Investigation complete; no suspect identified,
bd004181bd2014766617e7509822e91160b6ee7491fd84945bd7e1c7e326719d,2024-09,South Wales Police,South Wales Police,-3.175372,51.476639,On or near Heol Y Tollty,W01002019,Cardiff 032H,Violence and sexual offences,Investigation complete; no suspect identified,
83da37b2f505265f30a5b27900104424c6c58e8609d261f2b1de0f608451af7f,2024-09,South Wales Police,South Wales Police,-3.178320,51.483182,On or near Heol Tyr Brodyr,W01002019,Cardiff 032H,Violence and sexual offences,Local resolution,
ac954f51d3978c993360bd5a3776f0e21778fed2bf8be717198a91b76edc7af8,2024-09,South Wales Police,South Wales Police,-3.176214,51.483059,On or near Parking Area,W01002019,Cardiff 032H,Violence and sexual offences,Unable to prosecute suspect,
c2e4ce8a68dc76ed821a50ae2c1e061c0e61c8c15faea78495d3c654eaf12c17,2024-09,South Wales Police,South Wales Police,-3.171781,51.482034,On or near Parking Area,W01002019,Cardiff 032H,Violence and sexual offences,Investigation complete; no suspect identified,
625df5679e18b2f8b26c9db76b665ed5bb91b9e650d065b599d4e3d537a67e83,2024-09,South Wales Police,South Wales Police,-3.178672,51.481191,On or near St John Street,W01002019,Cardiff 032H,Violence and sexual offences,Investigation complete; no suspect identified,
fd62fc04e85d75828b103300bdd715f0a47bf3ca7ae27af1d2cc532132191bab,2024-09,South Wales Police,South Wales Police,-3.178672,51.481191,On or near St John Street,W01002019,Cardiff 032H,Violence and sexual offences,Awaiting court outcome,
45725e0ceeece37410b1b2f235b3f8e9a1615ad744c42418c520a1025dd05123,2024-09,South Wales Police,South Wales Police,-3.176017,51.478359,On or near Nightclub,W01002019,Cardiff 032H,Violence and sexual offences,Unable to prosecute suspect,
b234ff351242c4cb2fe28b6ff50a88f4d4a2392bf10df32b5d112ab9c4db8f07,2024-09,South Wales Police,South Wales Police,-3.179557,51.481461,On or near Duke Street,W01002019,Cardiff 032H,Violence and sexual offences,Under investigation,
3fbb927147f23b18d4fce5309bdb773fe2ddbe1dd450d800c58013b5e040af2b,2024-09,South Wales Police,South Wales Police,-3.177367,51.477518,On or near Heol Eglwys Fair,W01002019,Cardiff 032H,Violence and sexual offences,Unable to prosecute suspect,
a2f6756344b0a127cb56687420d8c1cfaa1bdb5cfc970a2fb7de915a160c1c1c,2024-09,South Wales Police,South Wales Police,-3.171781,51.482034,On or near Parking Area,W01002019,Cardiff 032H,Violence and sexual offences,Investigation complete; no suspect identified,
cdd0b9406ec50871b312d8689b3d58e1d4e524ea329c26f28f472e03bd7cff51,2024-09,South Wales Police,South Wales Police,-3.177350,51.476277,On or near Saunders Road,W01002019,Cardiff 032H,Violence and sexual offences,Under investigation,
d3e2c875315bd327cdf71ebbc916f4161a0619af4ac031318708c9d5ef8d6cf6,2024-09,South Wales Police,South Wales Police,-3.176214,51.483059,On or near Parking Area,W01002019,Cardiff 032H,Violence and sexual offences,Investigation complete; no suspect identified,
a0fdaa79ab44d3d20957babd35db6c7605b676282395d9029dee7b19ed6b0cc1,2024-09,South Wales Police,South Wales Police,-3.178672,51.481191,On or near St John Street,W01002019,Cardiff 032H,Violence and sexual offences,Awaiting court outcome,
f54e67e0364376d21d47644db77a6d475aefaa07d65154e732081373eba64292,2024-09,South Wales Police,South Wales Police,-3.177367,51.477518,On or near Heol Eglwys Fair,W01002019,Cardiff 032H,Violence and sexual offences,Investigation complete; no suspect identified,
68e922a3aec01ffd87a303bc74b69dd32de9b74bc41b5e187507887031021f33,2024-09,South Wales Police,South Wales Police,-3.175747,51.482264,On or near Shopping Area,W01002019,Cardiff 032H,Violence and sexual offences,Unable to prosecute suspect,
c3458a29626c87b07d9bc954b206683d2a28896b2aed11468deb1665af127c0c,2024-09,South Wales Police,South Wales Police,-3.173060,51.483604,On or near Windsor Lane,W01002019,Cardiff 032H,Violence and sexual offences,Under investigation,
d32a03c1245f87fad983d9ad9e96e80e8646086f58bf7989efc66c1d346ce288,2024-09,South Wales Police,South Wales Police,-3.179557,51.481461,On or near Duke Street,W01002019,Cardiff 032H,Violence and sexual offences,Awaiting court outcome,
b9ae8758947105101798579f3e2b48545e91a6b2b2efaea208917dae36346397,2024-09,South Wales Police,South Wales Police,-3.176385,51.477959,On or near Caroline Street,W01002019,Cardiff 032H,Violence and sexual offences,Under investigation,
1041a322ec9d97c9881f4d368811ed63ec8b42c6afbb4f44f1eaa69355058312,2024-09,South Wales Police,South Wales Police,-3.176537,51.478263,On or near Nightclub,W01002019,Cardiff 032H,Violence and sexual offences,Unable to prosecute suspect,
45ef416ddcb4294fa020c89c1a8715f267d5eca595a7f0c9ca40e4623e608dac,2024-09,South Wales Police,South Wales Police,-3.175372,51.476639,On or near Heol Y Tollty,W01002019,Cardiff 032H,Other crime,Unable to prosecute suspect,
e788ede0c45ba778cfac7fc287fd66a0e75c39882ed085d4e716c9aff446d259,2024-09,South Wales Police,South Wales Police,-3.178320,51.483182,On or near Heol Tyr Brodyr,W01002019,Cardiff 032H,Other crime,Unable to prosecute suspect,
06a8f1e19121d24e10b42d3c323d34709d4869e3956ea45ddace346ea70f43b4,2024-09,South Wales Police,South Wales Police,-3.178320,51.483182,On or near Heol Tyr Brodyr,W01002019,Cardiff 032H,Other crime,Unable to prosecute suspect,
39465424888836b27c2f7775a5db519c37f1cbf1debfb7a801a8a37e8f002b78,2024-09,South Wales Police,South Wales Police,-3.165765,51.490645,On or near Treharris Street,W01001829,Cardiff 033A,Criminal damage and arson,Investigation complete; no suspect identified,
ca0fe754b748d04d7f17401b7e2ec55a04782edfe5833b9396ac09d5f5d3fdc0,2024-09,South Wales Police,South Wales Police,-3.166909,51.491470,On or near Upper Kincraig Street,W01001829,Cardiff 033A,Drugs,Formal action is not in the public interest,
cdf41f79b6a5a7fdfab51fc9832d32151b2924e25e302c98a406c8ab31abe4a9,2024-09,South Wales Police,South Wales Police,-3.169298,51.490817,On or near Kincraig Street,W01001829,Cardiff 033A,Violence and sexual offences,Under investigation,
548a9bee37872e01c96fb0edf12b0a41c019c52ac5571ef27a1bee81892afe00,2024-09,South Wales Police,South Wales Police,-3.169298,51.490817,On or near Kincraig Street,W01001829,Cardiff 033A,Violence and sexual offences,Under investigation,
,2024-09,South Wales Police,South Wales Police,-3.162019,51.492310,On or near Connaught Road,W01001830,Cardiff 033B,Anti-social behaviour,,
8fd2ad372d029ec016c834e41b78254a7041c20506b7f33a3c1b468f70d790b1,2024-09,South Wales Police,South Wales Police,-3.162975,51.491959,On or near Claude Road,W01001830,Cardiff 033B,Criminal damage and arson,Investigation complete; no suspect identified,
4bc4f63ea5f2d18535ee12466f2e5d5983d37ef9aae64727e16fb97810327758,2024-09,South Wales Police,South Wales Police,-3.163382,51.493780,On or near Claude Place,W01001830,Cardiff 033B,Drugs,Awaiting court outcome,
e306245b9ca1005d62d42506c40668c12380cc7ea574efe092feed3e66012ce7,2024-09,South Wales Police,South Wales Police,-3.162019,51.492310,On or near Connaught Road,W01001830,Cardiff 033B,Public order,Under investigation,
e366a10e97a4d50a6bf49b5f3268da422f9019c9bf983d0f5ac8d2841f2628ef,2024-09,South Wales Police,South Wales Police,-3.162975,51.491959,On or near Claude Road,W01001830,Cardiff 033B,Theft from the person,Investigation complete; no suspect identified,
10764d80cd64e02052613a8138dfa61bf8fc19e7e9f7c12519e2bb0111a0b82f,2024-09,South Wales Police,South Wales Police,-3.162019,51.492310,On or near Connaught Road,W01001830,Cardiff 033B,Violence and sexual offences,Unable to prosecute suspect,
f5ef7acbb24a37961911fd2c2cf09494adf4856bac4db85d5364d10a121a4c33,2024-09,South Wales Police,South Wales Police,-3.162019,51.492310,On or near Connaught Road,W01001830,Cardiff 033B,Violence and sexual offences,Unable to prosecute suspect,
e89163a38e691643bda5ae509e1f7ddbf3e545a9eb538a66c2643b3bf3b597f5,2024-09,South Wales Police,South Wales Police,-3.163382,51.493780,On or near Claude Place,W01001830,Cardiff 033B,Violence and sexual offences,Under investigation,
522921e0a02a73aa5ce2304e701958996ea0d55950efae9ca5a80273709aed6a,2024-09,South Wales Police,South Wales Police,-3.163382,51.493780,On or near Claude Place,W01001830,Cardiff 033B,Violence and sexual offences,Unable to prosecute suspect,
60ea509272f8531eb6283bacde1d54f7dd6e691fa725e7dbbb39452ff3343d93,2024-09,South Wales Police,South Wales Police,-3.163382,51.493780,On or near Claude Place,W01001830,Cardiff 033B,Violence and sexual offences,Unable to prosecute suspect,
361685f32b7c15f57944e5895c71ec4266d271c8f7d802641f66498cf2e1be00,2024-09,South Wales Police,South Wales Police,-3.163382,51.493780,On or near Claude Place,W01001830,Cardiff 033B,Violence and sexual offences,Investigation complete; no suspect identified,
,2024-09,South Wales Police,South Wales Police,-3.169532,51.489277,On or near Russell Street,W01001832,Cardiff 033C,Anti-social behaviour,,
,2024-09,South Wales Police,South Wales Police,-3.169532,51.489277,On or near Russell Street,W01001832,Cardiff 033C,Anti-social behaviour,,
8fd4b6684c0cf1b080e82251dd0c908adcff25a97799cbbd4b464f9c5be90d95,2024-09,South Wales Police,South Wales Police,-3.172030,51.487822,On or near Gordon Road,W01001832,Cardiff 033C,Other theft,Investigation complete; no suspect identified,
22ccf9d74c6cc509a01906d00ac8944f51f86aee2d9e8ea2cdc6ebd2e54190fc,2024-09,South Wales Police,South Wales Police,-3.170616,51.488268,On or near Further/Higher Educational Building,W01001832,Cardiff 033C,Other theft,Unable to prosecute suspect,
fc81e9c1a0c17c7d90199ee15e9dda118195c9e2431f599af276df9a1c921509,2024-09,South Wales Police,South Wales Police,-3.168840,51.488690,On or near Tavistock Street,W01001832,Cardiff 033C,Public order,Awaiting court outcome,
10128ba4fec760daf577e45f7bd988f02bced8cfcafbef010d745dc64783efc9,2024-09,South Wales Police,South Wales Police,-3.168840,51.488690,On or near Tavistock Street,W01001832,Cardiff 033C,Public order,Investigation complete; no suspect identified,
9fb7429ab4bc2cdbe81a0c1380e77aebd094dc643dab232b0fb88631597f99ab,2024-09,South Wales Police,South Wales Police,-3.170963,51.486097,On or near Richmond Crescent,W01001832,Cardiff 033C,Public order,Investigation complete; no suspect identified,
eadc5c53e114b51bf28f469df8aa760fab0fb12abbd2739b10894a6bf226e942,2024-09,South Wales Police,South Wales Police,-3.169532,51.489277,On or near Russell Street,W01001832,Cardiff 033C,Public order,Unable to prosecute suspect,
18ae484cacf0ce15c0bcfe1b6dea28a95f7090dde50e98329f98e26f9906d97f,2024-09,South Wales Police,South Wales Police,-3.170616,51.488268,On or near Further/Higher Educational Building,W01001832,Cardiff 033C,Vehicle crime,Investigation complete; no suspect identified,
58be109ed3c6e686cfbfcf1abf33b3d9c179caf1238ef3ab29e73f2638114ef4,2024-09,South Wales Police,South Wales Police,-3.172030,51.487822,On or near Gordon Road,W01001832,Cardiff 033C,Vehicle crime,Investigation complete; no suspect identified,
eaad6112dfc873061a3b3e6a157678a02853a9e92c6e184173179f1ae12847e8,2024-09,South Wales Police,South Wales Police,-3.171686,51.489003,On or near Richmond Road,W01001832,Cardiff 033C,Violence and sexual offences,Investigation complete; no suspect identified,
68b3c3994865b109cd49e82dd700bce3c94450d14883dced3181b8ba2f82c181,2024-09,South Wales Police,South Wales Police,-3.169532,51.489277,On or near Russell Street,W01001832,Cardiff 033C,Other crime,Investigation complete; no suspect identified,
,2024-09,South Wales Police,South Wales Police,-3.158545,51.490510,On or near Princes Avenue,W01001833,Cardiff 033D,Anti-social behaviour,,
d62a2dc5b482f2a5288efc0ca3fec5dcb3892b3ae10803f1e0bfa9c444e16744,2024-09,South Wales Police,South Wales Police,-3.159589,51.489645,On or near Oakfield Street,W01001833,Cardiff 033D,Burglary,Investigation complete; no suspect identified,
a0a52868d98dad0ed339ac8d7bfcea44cf36ea9cc95ac9cb729b5c0fb680173e,2024-09,South Wales Police,South Wales Police,-3.159589,51.489645,On or near Oakfield Street,W01001833,Cardiff 033D,Criminal damage and arson,Under investigation,
d38b2ff3b0eaeee5f44c72ddc6a582412813cb481ae9ccba10c6ccba21c662b5,2024-09,South Wales Police,South Wales Police,-3.159589,51.489645,On or near Oakfield Street,W01001833,Cardiff 033D,Other theft,Under investigation,
9281df475f90f1227c0e54dbaa7b126fc2f52b2c7c5c83fddd12ab69700d79db,2024-09,South Wales Police,South Wales Police,-3.159589,51.489645,On or near Oakfield Street,W01001833,Cardiff 033D,Public order,Unable to prosecute suspect,
99384d0e6e9b7b0633dba0e487ae9b331fe659417668171cbc69daa8dcc8344e,2024-09,South Wales Police,South Wales Police,-3.159589,51.489645,On or near Oakfield Street,W01001833,Cardiff 033D,Public order,Under investigation,
dbe220035aedfecf351a9e582a37105ad9bb060959bdc15eaf2dbf0602be0871,2024-09,South Wales Police,South Wales Police,-3.158545,51.490510,On or near Princes Avenue,W01001833,Cardiff 033D,Public order,Unable to prosecute suspect,
291e274538e4c778dc061d46c5f70c3af8a5e06c1435eaa39d1c27970ca76891,2024-09,South Wales Police,South Wales Police,-3.159883,51.492142,On or near Roath Court Place,W01001833,Cardiff 033D,Public order,Unable to prosecute suspect,
f955e5274d1578cbe40345dbd79aea9d5c8e0139e9fd265e590691f67bd904c5,2024-09,South Wales Police,South Wales Police,-3.159589,51.489645,On or near Oakfield Street,W01001833,Cardiff 033D,Public order,Unable to prosecute suspect,
0c7fbaceb1eb1a21cd11e78c90e6d306318465ad52e6edba56bd2b0c7e3d7438,2024-09,South Wales Police,South Wales Police,-3.159072,51.491422,On or near Princes Street,W01001833,Cardiff 033D,Vehicle crime,Awaiting court outcome,
f2691adfdc3adaf1fb33a5419d1813a12fe7317d6380dce64a12f0b60ca0e60a,2024-09,South Wales Police,South Wales Police,-3.159589,51.489645,On or near Oakfield Street,W01001833,Cardiff 033D,Vehicle crime,Investigation complete; no suspect identified,
fa03e2f73293b492b96f572946192cbdabe397efbe13009e4889ea88bbdc88a9,2024-09,South Wales Police,South Wales Police,-3.159072,51.491422,On or near Princes Street,W01001833,Cardiff 033D,Vehicle crime,Investigation complete; no suspect identified,
6cb731730b08e5f491207008a42d66f7848d9755e9793b3889836b958b69ccc4,2024-09,South Wales Police,South Wales Police,-3.159589,51.489645,On or near Oakfield Street,W01001833,Cardiff 033D,Violence and sexual offences,Unable to prosecute suspect,
b8007af96b5ecbc0b2d8221da05369319a88ebbe6f339221bbb936f3e8a1fd53,2024-09,South Wales Police,South Wales Police,-3.163101,51.490114,On or near Snipe Street,W01001833,Cardiff 033D,Violence and sexual offences,Unable to prosecute suspect,
34872e497c95bed83c6e6ac9bc9cbeac42fd29d9ac66a42c5d3ecba4c14e56f2,2024-09,South Wales Police,South Wales Police,-3.159072,51.491422,On or near Princes Street,W01001833,Cardiff 033D,Violence and sexual offences,Further investigation is not in the public interest,
11a0812e2e287c261b59d4352d1122fae18fef65351501e51020fca249941c0a,2024-09,South Wales Police,South Wales Police,-3.159589,51.489645,On or near Oakfield Street,W01001833,Cardiff 033D,Violence and sexual offences,Unable to prosecute suspect,
,2024-09,South Wales Police,South Wales Police,-3.162576,51.489274,On or near Woodcock Street,W01001834,Cardiff 033E,Anti-social behaviour,,
,2024-09,South Wales Police,South Wales Police,-3.165154,51.489284,On or near Lily Street,W01001834,Cardiff 033E,Anti-social behaviour,,
18c031cee0fed3b6bf6d66a9cf9d0989051df90c1d9925410f8b8d2bb0d0df28,2024-09,South Wales Police,South Wales Police,-3.166169,51.488429,On or near Byron Street,W01001834,Cardiff 033E,Criminal damage and arson,Investigation complete; no suspect identified,
cdab0b0137e893f943bebe0afd5db66284231e4cb8d62fe40efbcc2648ced66f,2024-09,South Wales Police,South Wales Police,-3.166169,51.488429,On or near Byron Street,W01001834,Cardiff 033E,Criminal damage and arson,Investigation complete; no suspect identified,
d4f96b2c31c5940720d83db794408afbf28b30e2507af92913c7d1cbbe63eddf,2024-09,South Wales Police,South Wales Police,-3.162576,51.489274,On or near Woodcock Street,W01001834,Cardiff 033E,Other theft,Investigation complete; no suspect identified,
c0976318a77628c3c910f6f93015a081434fd9ca2ed819212090264f41cb0735,2024-09,South Wales Police,South Wales Police,-3.162576,51.489274,On or near Woodcock Street,W01001834,Cardiff 033E,Public order,Unable to prosecute suspect,
c9f1651ec93b7f607da2ada1f68e2e7f6ab493829934b371443d505387d2b229,2024-09,South Wales Police,South Wales Police,-3.166169,51.488429,On or near Byron Street,W01001834,Cardiff 033E,Shoplifting,Investigation complete; no suspect identified,
bc1d5bce30fa353ab164c39183a5d483f65d78ccc45e6332660bfa22baeb46b0,2024-09,South Wales Police,South Wales Police,-3.164233,51.492126,On or near Cottrell Road,W01001834,Cardiff 033E,Shoplifting,Investigation complete; no suspect identified,
dc1421453415c0a6700fb020715e5685d5dc46c61dfae4fa9419e4f66809342f,2024-09,South Wales Police,South Wales Police,-3.168002,51.488015,On or near Penlline Street,W01001834,Cardiff 033E,Shoplifting,Investigation complete; no suspect identified,
edbfb7c9f7b01ee8a43626aab2a8949f306cd335e35a07fb8ad0ae7f1e7c71e4,2024-09,South Wales Police,South Wales Police,-3.168021,51.488734,On or near City Road,W01001834,Cardiff 033E,Vehicle crime,Investigation complete; no suspect identified,
c6e2423724ec39c7438e4529ee00dd62138256b9cc6abdff6a3a00c8c41f6a1f,2024-09,South Wales Police,South Wales Police,-3.163896,51.489090,On or near Quail Court,W01001834,Cardiff 033E,Violence and sexual offences,Awaiting court outcome,
f762996c3a6202b39261bc99ee9f7e9c2c69cd8c06d34b60fe40a80f5fef7a5e,2024-09,South Wales Police,South Wales Police,-3.165037,51.488665,On or near Clive Place,W01001834,Cardiff 033E,Violence and sexual offences,Unable to prosecute suspect,
f1a8acf196a8735efc84ae3a6ea3530d5858276106419e51df4fa174ddefd418,2024-09,South Wales Police,South Wales Police,-3.167428,51.489199,On or near Pearson Street,W01001834,Cardiff 033E,Violence and sexual offences,Unable to prosecute suspect,
1f758c7836c3ec2ac116319d6c6e3a8b9d6969e389247446f96e00c6c2f58203,2024-09,South Wales Police,South Wales Police,-3.166611,51.488820,On or near Talworth Street,W01001834,Cardiff 033E,Violence and sexual offences,Unable to prosecute suspect,
,2024-09,South Wales Police,South Wales Police,-3.167968,51.486694,On or near St Peter'S Street,W01001835,Cardiff 033F,Anti-social behaviour,,
b064257388c837728673e090c91f593f34b84db291bf7f89d5a300646639a24f,2024-09,South Wales Police,South Wales Police,-3.160348,51.487210,On or near Petrol Station,W01001835,Cardiff 033F,Bicycle theft,Investigation complete; no suspect identified,
fbfe98b033b65f0a51cec8246ac67582b999292318ec9ff71314a4d26a9f8f3b,2024-09,South Wales Police,South Wales Police,-3.169547,51.485347,On or near The Walk,W01001835,Cardiff 033F,Bicycle theft,Investigation complete; no suspect identified,
db966ceed1db04bde3484a8fbedc880ca1ffb3beceadc776d914f647eb3d0763,2024-09,South Wales Police,South Wales Police,-3.165336,51.486270,On or near Castle Lane,W01001835,Cardiff 033F,Burglary,Investigation complete; no suspect identified,
c0c941cab2d96ee58445db3d3c1cbd4afa66e384fe66148f8033b580ff60f1da,2024-09,South Wales Police,South Wales Police,-3.165336,51.486270,On or near Castle Lane,W01001835,Cardiff 033F,Burglary,Investigation complete; no suspect identified,
f009634548648fb79c750c1bf3dac24a79e65be9b3d05b8bc2ec3aac9b782cfe,2024-09,South Wales Police,South Wales Police,-3.167471,51.485260,On or near East Grove,W01001835,Cardiff 033F,Burglary,Investigation complete; no suspect identified,
e9b02e0cc3f161fe0a45e0b589fa2058cda8801b60b7ec77fcfbb3abce738925,2024-09,South Wales Police,South Wales Police,-3.160348,51.487210,On or near Petrol Station,W01001835,Cardiff 033F,Criminal damage and arson,Unable to prosecute suspect,
b8aa38052360d6d0b284f96fa2b39415282a90fe3415ab2b7ade757969bc55ff,2024-09,South Wales Police,South Wales Police,-3.164735,51.488111,On or near Hardy Place,W01001835,Cardiff 033F,Criminal damage and arson,Investigation complete; no suspect identified,
c34425b621a11842ec772ce4ded69212c7189e1a7e188d79f0653c42c8e7a111,2024-09,South Wales Police,South Wales Police,-3.167927,51.485076,On or near The Parade,W01001835,Cardiff 033F,Criminal damage and arson,Investigation complete; no suspect identified,
3f2f1c71c802fc8b1ceb296e2ad3ebf8e6fa21ed9eca75829e3bf4c6016cde60,2024-09,South Wales Police,South Wales Police,-3.167927,51.485076,On or near The Parade,W01001835,Cardiff 033F,Other theft,Awaiting court outcome,
1197a596a3a63dd45f88db6da1f765f5abb6cf287ffc2ef61731c6d36f1920ed,2024-09,South Wales Police,South Wales Police,-3.169547,51.485347,On or near The Walk,W01001835,Cardiff 033F,Other theft,Unable to prosecute suspect,
21cdeb0166006760807353cf8b00ddab07605091ecb937cdae973981ded7498a,2024-09,South Wales Police,South Wales Police,-3.160348,51.487210,On or near Petrol Station,W01001835,Cardiff 033F,Other theft,Investigation complete; no suspect identified,
deed53408385d041f9bb093543a05e2a23a4e0e796af5e32149aa812bb4572fe,2024-09,South Wales Police,South Wales Police,-3.169547,51.485347,On or near The Walk,W01001835,Cardiff 033F,Other theft,Investigation complete; no suspect identified,
1041f3dc0dbe42ed7d931bf24cea6b8b7b9547fd3a341e3d7a6c34f390f96e0b,2024-09,South Wales Police,South Wales Police,-3.167968,51.486694,On or near St Peter'S Street,W01001835,Cardiff 033F,Public order,Investigation complete; no suspect identified,
2bfdb9e67406145541ecc3aca20fce4de93c90a9444e7d3ba31d6de572915706,2024-09,South Wales Police,South Wales Police,-3.170824,51.485712,On or near Princes Court,W01001835,Cardiff 033F,Public order,Investigation complete; no suspect identified,
ca64f85e198e880e65e02c1f08334ea723806a9383a4c9256acbe89541f29493,2024-09,South Wales Police,South Wales Police,-3.165336,51.486270,On or near Castle Lane,W01001835,Cardiff 033F,Public order,Unable to prosecute suspect,
8884f82a3c208564e9ab49b74dd8e980c5c18e3340470c47e59a765d3690e5c6,2024-09,South Wales Police,South Wales Police,-3.160348,51.487210,On or near Petrol Station,W01001835,Cardiff 033F,Public order,Under investigation,
bf7166f4509d1441e014fb1afbeeb98aea8b87ff01cbddbba4e301b0eeb4c264,2024-09,South Wales Police,South Wales Police,-3.162427,51.488529,On or near Teal Street,W01001835,Cardiff 033F,Public order,Unable to prosecute suspect,
5a5712d322d7655b7695d433e392069571fdf36c6499efe28143ee5d1dcd9aec,2024-09,South Wales Police,South Wales Police,-3.160348,51.487210,On or near Petrol Station,W01001835,Cardiff 033F,Theft from the person,Investigation complete; no suspect identified,
084e4211d4e3c23bdd28beb7baf1e9103ef2851b80baf9447d0d04799fd4eb99,2024-09,South Wales Police,South Wales Police,-3.165336,51.486270,On or near Castle Lane,W01001835,Cardiff 033F,Vehicle crime,Investigation complete; no suspect identified,
b921b1199c5b3843a65b81174070b249283b1466872d8f6e50fe8febb8ffb143,2024-09,South Wales Police,South Wales Police,-3.163073,51.486733,On or near Wordsworth Avenue,W01001835,Cardiff 033F,Vehicle crime,Investigation complete; no suspect identified,
44e5ce3a6470910b92e877eba6d85f2328406250d61427cdb3a9b5996c1a5d98,2024-09,South Wales Police,South Wales Police,-3.170824,51.485712,On or near Princes Court,W01001835,Cardiff 033F,Violence and sexual offences,Awaiting court outcome,
960ca1de47aac869f0dfe77ecf3688e3e6f7d76ff7b1a75b7d16cfdbdd452c17,2024-09,South Wales Police,South Wales Police,-3.160348,51.487210,On or near Petrol Station,W01001835,Cardiff 033F,Violence and sexual offences,Unable to prosecute suspect,
572541afd1d6d84db3c7315cfe477c7bdf6995cb06c57648190e9277c105e488,2024-09,South Wales Police,South Wales Police,-3.170824,51.485712,On or near Princes Court,W01001835,Cardiff 033F,Violence and sexual offences,Awaiting court outcome,
4fdbe4b4ac3723327eb159e6204761da83ccce00c5d5dc5838e9b761c17cd6d0,2024-09,South Wales Police,South Wales Police,-3.160348,51.487210,On or near Petrol Station,W01001835,Cardiff 033F,Violence and sexual offences,Unable to prosecute suspect,
f1f0274204d148135fb6070893f62c94918e2368e4a633b2eec17661ff3087c8,2024-09,South Wales Police,South Wales Police,-3.165336,51.486270,On or near Castle Lane,W01001835,Cardiff 033F,Violence and sexual offences,Unable to prosecute suspect,
63a5101864b0a16e38311b3b4e36079835c4f96610e3f648c00c0ba2571e72e3,2024-09,South Wales Police,South Wales Police,-3.164176,51.485940,On or near Oxford Lane,W01001835,Cardiff 033F,Violence and sexual offences,Under investigation,
01041bf264d8574ef79df60c43caa61b80f442a7ac0aff8829d5f91f7b8c4390,2024-09,South Wales Police,South Wales Police,-3.167320,51.486134,On or near East Grove Lane,W01001835,Cardiff 033F,Violence and sexual offences,Unable to prosecute suspect,
34a65b531d895cae21f48fc377158da4d54afdad727a7c48111cf6ff5729aa0b,2024-09,South Wales Police,South Wales Police,-3.169025,51.484651,On or near West Grove,W01001835,Cardiff 033F,Violence and sexual offences,Unable to prosecute suspect,
f45d56ae0974968602a4c161692ef19379ee58e64a376a8a5e6eeec4079fbea9,2024-09,South Wales Police,South Wales Police,-3.165740,51.486860,On or near Vere Street,W01001835,Cardiff 033F,Violence and sexual offences,Unable to prosecute suspect,
c4e217b54d0c51c4a03a9f020dae8c11c0282ba9aa1e01130946c6832baf77a1,2024-09,South Wales Police,South Wales Police,-3.165740,51.486860,On or near Vere Street,W01001835,Cardiff 033F,Violence and sexual offences,Unable to prosecute suspect,
edc14009afccd1a06dd4055e99ed6b16964be9910e0d475e0b347da1898119a0,2024-09,South Wales Police,South Wales Police,-3.160348,51.487210,On or near Petrol Station,W01001835,Cardiff 033F,Violence and sexual offences,Investigation complete; no suspect identified,
8a25691009ada3d930d589023102e28b62b2ec6cd7768bc9e3bc75a5eb335cc8,2024-09,South Wales Police,South Wales Police,-3.162154,51.487983,On or near Elm Street,W01001835,Cardiff 033F,Violence and sexual offences,Investigation complete; no suspect identified,
144a0ae52c5f4ba081cdcd483ead9c51478ee772e128d4b7cdd08ca7a122cf31,2024-09,South Wales Police,South Wales Police,-3.163073,51.486733,On or near Wordsworth Avenue,W01001835,Cardiff 033F,Violence and sexual offences,Awaiting court outcome,
1d64a921e816d435861ae9381949ee09163343a503911f300fd60daba02a39b6,2024-09,South Wales Police,South Wales Police,-3.167471,51.485260,On or near East Grove,W01001835,Cardiff 033F,Violence and sexual offences,Unable to prosecute suspect,
a0cba389f1cbfccc4991d75642ee2fc616383455e2c2d457e2cfc08dab47e431,2024-09,South Wales Police,South Wales Police,-3.165336,51.486270,On or near Castle Lane,W01001835,Cardiff 033F,Violence and sexual offences,Unable to prosecute suspect,
d2f352ec4ec8bc6aeccde4b2aa9a72a240d06a6b65777bc8373287e712ab5e59,2024-09,South Wales Police,South Wales Police,-3.163073,51.486733,On or near Wordsworth Avenue,W01001835,Cardiff 033F,Violence and sexual offences,Unable to prosecute suspect,
5a19ad2e22fa684491a3d91e0d650f0643179316f143fd90102c0d99ca51ad52,2024-09,South Wales Police,South Wales Police,-3.197792,51.488173,On or near Berthwin Street,W01001858,Cardiff 034A,Bicycle theft,Investigation complete; no suspect identified,
d3a9492bca2bd8b54a6ce5d3a16b01feec95a05fc35c52e49f195f5a0935c257,2024-09,South Wales Police,South Wales Police,-3.197792,51.488173,On or near Berthwin Street,W01001858,Cardiff 034A,Burglary,Investigation complete; no suspect identified,
ee566cb4d681612d4b4787831432f1445d45539a325d5fbb6b9a4d13c48e6d13,2024-09,South Wales Police,South Wales Police,-3.202057,51.488786,On or near William Street,W01001858,Cardiff 034A,Burglary,Investigation complete; no suspect identified,
00c0a80a226b1e7c9563829d607688a20b46805330087af13c3e6fad1d304967,2024-09,South Wales Police,South Wales Police,-3.196067,51.487202,On or near Dyfrig Street,W01001858,Cardiff 034A,Burglary,Investigation complete; no suspect identified,
47bcb674a1733a9017728b98072f00387d99ad8d9930f40e6c56f99fd722ad2a,2024-09,South Wales Police,South Wales Police,-3.198640,51.488659,On or near Dogo Street,W01001858,Cardiff 034A,Criminal damage and arson,Investigation complete; no suspect identified,
ba795078cb8782e1123ef0b578df5c8687605b3bc677824b32314a6797212691,2024-09,South Wales Police,South Wales Police,-3.196930,51.487696,On or near Kyveilog Street,W01001858,Cardiff 034A,Other theft,Investigation complete; no suspect identified,
aa12b010b8e1c858c8589840dcddb02f870a627919f88ec9d27b427ef212b6bc,2024-09,South Wales Police,South Wales Police,-3.201483,51.489412,On or near Maldwyn Street,W01001858,Cardiff 034A,Other theft,Investigation complete; no suspect identified,
67d5ca10efb219b483d74ae206c53c0aa70a14d329a32fc4821fefdfa8ff1dfc,2024-09,South Wales Police,South Wales Police,-3.200407,51.487922,On or near Iestyn Street,W01001858,Cardiff 034A,Shoplifting,Investigation complete; no suspect identified,
9eff136530293ac8b2f71a05040bce61f71bba9f1d54a98fbf4077780da96bd7,2024-09,South Wales Police,South Wales Police,-3.200407,51.487922,On or near Iestyn Street,W01001858,Cardiff 034A,Shoplifting,Awaiting court outcome,
d946fec1f42123379ab7529ae2f17f9bd39feb91ed9edbceb3819c21cf59fbd7,2024-09,South Wales Police,South Wales Police,-3.200407,51.487922,On or near Iestyn Street,W01001858,Cardiff 034A,Shoplifting,Unable to prosecute suspect,
f70d706b2093f9a41576ac866e28a735d50767c15bca4464b9ab4a8b0cf3911e,2024-09,South Wales Police,South Wales Police,-3.200407,51.487922,On or near Iestyn Street,W01001858,Cardiff 034A,Shoplifting,Under investigation,
1d3d73238198d239648cdb1f5e8d592cbd623a8191f604a136ff3e8262b6c9f7,2024-09,South Wales Police,South Wales Police,-3.196930,51.487696,On or near Kyveilog Street,W01001858,Cardiff 034A,Theft from the person,Unable to prosecute suspect,
789bfbbf128f8656c5dbc4b8662d0664a760f1cca02b2b348b68073c6f0bb94d,2024-09,South Wales Police,South Wales Police,-3.199545,51.489108,On or near Teilo Street,W01001858,Cardiff 034A,Vehicle crime,Investigation complete; no suspect identified,
560ba5624ce1a75bab0ecf9ae2055e504ebf5e8fc1339e78bd4188f1a73f4ef0,2024-09,South Wales Police,South Wales Police,-3.203851,51.490170,On or near Parking Area,W01001858,Cardiff 034A,Vehicle crime,Investigation complete; no suspect identified,
2d89072fffd951746e7faf64d0bb25a8af1ffc0c01842ea8f185966ac777d484,2024-09,South Wales Police,South Wales Police,-3.203017,51.488614,On or near Pontcanna Place,W01001858,Cardiff 034A,Vehicle crime,Investigation complete; no suspect identified,
e04a3d6c61776854f7b767368437f07f46bf58b17918b3a0ae119228ba8564ca,2024-09,South Wales Police,South Wales Police,-3.201937,51.490253,On or near Fairleigh Road,W01001858,Cardiff 034A,Vehicle crime,Investigation complete; no suspect identified,
59c7d5fec4f9e67826b69d1f145950c666a9818f091c4e4370dc4019bc262063,2024-09,South Wales Police,South Wales Police,-3.203851,51.490170,On or near Parking Area,W01001858,Cardiff 034A,Vehicle crime,Investigation complete; no suspect identified,
20e9608318f7eeb238a95cf7d9d06f46a0100d9697041dd8696a354f7fb89b67,2024-09,South Wales Police,South Wales Police,-3.199545,51.489108,On or near Teilo Street,W01001858,Cardiff 034A,Vehicle crime,Investigation complete; no suspect identified,
fd74c25bc0cb76159cc9fcdeea3b20b49d617d1b17d0dacb3ce8da9606a327cb,2024-09,South Wales Police,South Wales Police,-3.198640,51.488659,On or near Dogo Street,W01001858,Cardiff 034A,Vehicle crime,Investigation complete; no suspect identified,
d76a44a58209411b044951ea7bdf0cc47df205633dc7416eadde6851cac958f3,2024-09,South Wales Police,South Wales Police,-3.202057,51.488786,On or near William Street,W01001858,Cardiff 034A,Vehicle crime,Investigation complete; no suspect identified,
b3b0346c868b2cd479df2764ebd2590d1c6a539572c00d4e92ffe197d3df871a,2024-09,South Wales Police,South Wales Police,-3.203017,51.488614,On or near Pontcanna Place,W01001858,Cardiff 034A,Vehicle crime,Investigation complete; no suspect identified,
deee2dc071b3ad16e5e54f7f88e7e05fc3d1973802fc13a1d5c2965d4aaa6d94,2024-09,South Wales Police,South Wales Police,-3.197792,51.488173,On or near Berthwin Street,W01001858,Cardiff 034A,Vehicle crime,Investigation complete; no suspect identified,
e85620626dd030ee8c99aad51cb5384587261c19bde4229ec42240795d9f923a,2024-09,South Wales Police,South Wales Police,-3.197792,51.488173,On or near Berthwin Street,W01001858,Cardiff 034A,Violence and sexual offences,Under investigation,
3c8f1bcf00cbc2bf28caafcc2a264ac6437a938d2e99c473d8161f15c037dae3,2024-09,South Wales Police,South Wales Police,-3.202200,51.491500,On or near Fairleigh Court,W01001858,Cardiff 034A,Violence and sexual offences,Unable to prosecute suspect,
,2024-09,South Wales Police,South Wales Police,-3.205366,51.487556,On or near Bloom Street,W01001859,Cardiff 034B,Anti-social behaviour,,
bd3617360ebe5c48804ab540af2aaa15d858053fb27da1d62fc8da27b9900c08,2024-09,South Wales Police,South Wales Police,-3.202342,51.485375,On or near Romilly Crescent,W01001859,Cardiff 034B,Burglary,Suspect charged as part of another case,
1b2e5e83bf251c730a353e161cfa5be4c945b7b88194bbdbfc0cefbe4b797940,2024-09,South Wales Police,South Wales Police,-3.205353,51.488707,On or near Pen-Hill Road,W01001859,Cardiff 034B,Public order,Unable to prosecute suspect,
57f347e6cff81974b09892ac755969617cc11da1256a645e7874551d2bf908d2,2024-09,South Wales Police,South Wales Police,-3.205353,51.488707,On or near Pen-Hill Road,W01001859,Cardiff 034B,Vehicle crime,Investigation complete; no suspect identified,
dec208ae892be5a28e7f72f8546e15fb631a2336af953d6b08a462c49985e7de,2024-09,South Wales Police,South Wales Police,-3.205085,51.488377,On or near Cwrt Penhill,W01001859,Cardiff 034B,Vehicle crime,Investigation complete; no suspect identified,
821a6a9b2266d48a7d7e6da08b036a61758b799a76b19554f76cd5fb9b41df5d,2024-09,South Wales Police,South Wales Police,-3.203076,51.486995,On or near Conway Road,W01001859,Cardiff 034B,Vehicle crime,Investigation complete; no suspect identified,
3a6ea0bf3ffb10d2933f3fe25d1201d69d64b3b16c30ca7905bb22c3b72b8690,2024-09,South Wales Police,South Wales Police,-3.203076,51.486995,On or near Conway Road,W01001859,Cardiff 034B,Vehicle crime,Investigation complete; no suspect identified,
e5fc86d5786f4afd231ae77fc84db8e30ed45e33a043d8592e021a12889bb784,2024-09,South Wales Police,South Wales Police,-3.205353,51.488707,On or near Pen-Hill Road,W01001859,Cardiff 034B,Vehicle crime,Investigation complete; no suspect identified,
3d129755df33015afd9b6476af8d5675027dfc464a7cfb61528f6885a796598d,2024-09,South Wales Police,South Wales Police,-3.205353,51.488707,On or near Pen-Hill Road,W01001859,Cardiff 034B,Vehicle crime,Under investigation,
503a354d18482547b81f350c976a1d4df8d05a808888a246b65d9b11b7f66313,2024-09,South Wales Police,South Wales Police,-3.204468,51.487376,On or near Llanfair Road,W01001859,Cardiff 034B,Vehicle crime,Under investigation,
142879911fd17b22c58d4f6c117e8461eec00d8ccfc10de6b566e9d86e955275,2024-09,South Wales Police,South Wales Police,-3.205366,51.487556,On or near Bloom Street,W01001859,Cardiff 034B,Vehicle crime,Investigation complete; no suspect identified,
0cc769a451dd021b14b8d7168ed49407112aecc76f3aa65bf83977dc4df17e3e,2024-09,South Wales Police,South Wales Police,-3.205085,51.488377,On or near Cwrt Penhill,W01001859,Cardiff 034B,Violence and sexual offences,Under investigation,
,2024-09,South Wales Police,South Wales Police,-3.200356,51.485989,On or near Kings Road,W01001860,Cardiff 034C,Anti-social behaviour,,
645592a705736a812eb6bba780253b6ce2177ee35ebb623abd83cbb6a93d97f1,2024-09,South Wales Police,South Wales Police,-3.200356,51.485989,On or near Kings Road,W01001860,Cardiff 034C,Public order,Unable to prosecute suspect,
5312e581254ecbc7b742dd306bdfb8ae231139b9e0bdecc5c9c705b3cb50c275,2024-09,South Wales Police,South Wales Police,-3.200356,51.485989,On or near Kings Road,W01001860,Cardiff 034C,Shoplifting,Awaiting court outcome,
3d693dbcd8e4805141418500c5532d4aa3f329e70dbad4fe140a3c23c6ef634e,2024-09,South Wales Police,South Wales Police,-3.200356,51.485989,On or near Kings Road,W01001860,Cardiff 034C,Shoplifting,Investigation complete; no suspect identified,
755de3a0bae0b91c933c5c81f3b67975efac590279765940a0aaa1d71b7c3fb2,2024-09,South Wales Police,South Wales Police,-3.200356,51.485989,On or near Kings Road,W01001860,Cardiff 034C,Shoplifting,Awaiting court outcome,
bc5664b5ae61936417ab8273a6f440ee0ee2aa16a4aa3ecb0ab186262a87f0c5,2024-09,South Wales Police,South Wales Police,-3.200356,51.485989,On or near Kings Road,W01001860,Cardiff 034C,Shoplifting,Investigation complete; no suspect identified,
a91acf1de2b046dbed3dda25690e9c2606c5ef36e15fe1b50909b5ab8b3e3883,2024-09,South Wales Police,South Wales Police,-3.200356,51.485989,On or near Kings Road,W01001860,Cardiff 034C,Shoplifting,Awaiting court outcome,
d658145523bb890bd238dfd70175f139cd1391e2068cacc6387a63750f1139f5,2024-09,South Wales Police,South Wales Police,-3.200356,51.485989,On or near Kings Road,W01001860,Cardiff 034C,Shoplifting,Investigation complete; no suspect identified,
c6af6089b359c613aa7223005a169c4f28cac8e3425eeb6b713ea6971656bda4,2024-09,South Wales Police,South Wales Police,-3.200356,51.485989,On or near Kings Road,W01001860,Cardiff 034C,Vehicle crime,Investigation complete; no suspect identified,
f78d86ac3f8bb6658d93fd56b023f919cac3f94c6f1fccbb739a3366290e9b33,2024-09,South Wales Police,South Wales Police,-3.199987,51.487314,On or near Pontcanna Street,W01001860,Cardiff 034C,Vehicle crime,Investigation complete; no suspect identified,
72e526868768e67f957a499ab8d54da004a6328449c9196029e325224ca364bc,2024-09,South Wales Police,South Wales Police,-3.200356,51.485989,On or near Kings Road,W01001860,Cardiff 034C,Vehicle crime,Investigation complete; no suspect identified,
c1652edf8385c2b07efb585bf03a2b6f3f1db2b2f8bc69e6938e25bcf0b9a6c6,2024-09,South Wales Police,South Wales Police,-3.199987,51.487314,On or near Pontcanna Street,W01001860,Cardiff 034C,Vehicle crime,Investigation complete; no suspect identified,
904b114449b4062ccf380615e71f9d226ea2367db38dc2851b85ba67a5643b7a,2024-09,South Wales Police,South Wales Police,-3.198028,51.483990,On or near Wyndham Road,W01001860,Cardiff 034C,Violence and sexual offences,Under investigation,
c00da6e516c497066b292782992f749b1d60fca9a6be7f0872d78fd287ef9c2a,2024-09,South Wales Police,South Wales Police,-3.201720,51.482531,On or near Gray Lane,W01001860,Cardiff 034C,Violence and sexual offences,Investigation complete; no suspect identified,
0ee3629bbcdbaa04ec8052498706383306873e82bbe784ea314633630ba78016,2024-09,South Wales Police,South Wales Police,-3.198028,51.483990,On or near Wyndham Road,W01001860,Cardiff 034C,Violence and sexual offences,Awaiting court outcome,
24affad68aa2e8e9720b79027329d852bf8d2cec2b8843d176d7eb3b69bd4107,2024-09,South Wales Police,South Wales Police,-3.201269,51.484559,On or near Turberville Place,W01001860,Cardiff 034C,Violence and sexual offences,Under investigation,
,2024-09,South Wales Police,South Wales Police,-3.190381,51.486225,On or near Sports/Recreation Area,W01001861,Cardiff 034D,Anti-social behaviour,,
,2024-09,South Wales Police,South Wales Police,-3.200999,51.481954,On or near Gray Street,W01001861,Cardiff 034D,Anti-social behaviour,,
,2024-09,South Wales Police,South Wales Police,-3.199996,51.481560,On or near Shopping Area,W01001861,Cardiff 034D,Anti-social behaviour,,
65d8302e3183a978526104ee6b6d4c4b101ccec74da08eb1280b47ba0423d7f4,2024-09,South Wales Police,South Wales Police,-3.193195,51.485873,On or near Sophia Walk,W01001861,Cardiff 034D,Bicycle theft,Investigation complete; no suspect identified,
be64ac1d5ba1a866d01ba4da454e48cacd30d8dfd7eb672efaca9d192639c7f3,2024-09,South Wales Police,South Wales Police,-3.198664,51.481321,On or near Picton Place,W01001861,Cardiff 034D,Bicycle theft,Unable to prosecute suspect,
5cdd1a114b7f3cb438026a40dba18023cc6d3eaa9191b876f47152bc226be82d,2024-09,South Wales Police,South Wales Police,-3.193195,51.485873,On or near Sophia Walk,W01001861,Cardiff 034D,Bicycle theft,Under investigation,
38f68b9eaeb896989496fce61f152915ae6dc93fb3a7da66d95f1d597df08d57,2024-09,South Wales Police,South Wales Police,-3.194827,51.484957,On or near Plasturton Place,W01001861,Cardiff 034D,Bicycle theft,Investigation complete; no suspect identified,
6b7928eb103063a0f339f173c4e0fd168f604b4725528e843b927fd606bcbef2,2024-09,South Wales Police,South Wales Police,-3.195736,51.481162,On or near North Morgan Street,W01001861,Cardiff 034D,Bicycle theft,Investigation complete; no suspect identified,
af38da331fdcd3ca8e84b9a8025b156863c48093fd7f4c2c87401ed1cb17c3ef,2024-09,South Wales Police,South Wales Police,-3.193367,51.483632,On or near Ryder Street,W01001861,Cardiff 034D,Bicycle theft,Unable to prosecute suspect,
b5c9778156b69408213f27d6d6754f6816252966ab8ccb8895045f2e2c2e5cc4,2024-09,South Wales Police,South Wales Police,-3.200999,51.481954,On or near Gray Street,W01001861,Cardiff 034D,Burglary,Investigation complete; no suspect identified,
8a59e6a8535ca8bbd7f163215eea381c7cef9a75ab217d496aeeadc778b05c67,2024-09,South Wales Police,South Wales Police,-3.198664,51.481321,On or near Picton Place,W01001861,Cardiff 034D,Criminal damage and arson,Investigation complete; no suspect identified,
29d136e82e5bf1d56cb0e16b9f8aaf3b1cccf643774ab97fd14fea61b555dc1e,2024-09,South Wales Police,South Wales Police,-3.198664,51.481321,On or near Picton Place,W01001861,Cardiff 034D,Criminal damage and arson,Investigation complete; no suspect identified,
d5abec12eb052d7a327b47bc9baaabb99a1a823e3072a92ff6bc2ba05dd5e9bf,2024-09,South Wales Police,South Wales Police,-3.200999,51.481954,On or near Gray Street,W01001861,Cardiff 034D,Criminal damage and arson,Investigation complete; no suspect identified,
da80efe973a6d74b68c450a8ac3721854c900fed3f203b06c9ecb86dbe4f6900,2024-09,South Wales Police,South Wales Police,-3.190381,51.486225,On or near Sports/Recreation Area,W01001861,Cardiff 034D,Other theft,Investigation complete; no suspect identified,
2eb6d02752f246a73459441aa2462d34d42cd013e7f29b5d3f7d1490d1dd4a2a,2024-09,South Wales Police,South Wales Police,-3.193195,51.485873,On or near Sophia Walk,W01001861,Cardiff 034D,Other theft,Investigation complete; no suspect identified,
4b058453ceab20f1c31f8131bc5a813bdc13e2481e417a94f66e3b5d7be67e00,2024-09,South Wales Police,South Wales Police,-3.192015,51.482037,On or near Clos Dewi Saint,W01001861,Cardiff 034D,Other theft,Investigation complete; no suspect identified,
2ec13adf4c1a2f8bcef29eac8bd6712f8a337c593e0a948d0660d7e8218e03d5,2024-09,South Wales Police,South Wales Police,-3.190381,51.486225,On or near Sports/Recreation Area,W01001861,Cardiff 034D,Other theft,Investigation complete; no suspect identified,
58bc3567b9935e26e685a1247efd0a852d3f610223a4fe087420835d0490212c,2024-09,South Wales Police,South Wales Police,-3.190381,51.486225,On or near Sports/Recreation Area,W01001861,Cardiff 034D,Public order,Under investigation,
d90d5e5692efeb0617a16bcd01253af66ea30d73cf2a77b246cbc8cf996684b2,2024-09,South Wales Police,South Wales Police,-3.198664,51.481321,On or near Picton Place,W01001861,Cardiff 034D,Public order,Unable to prosecute suspect,
4e056ffc046d9420e07fa70364c1123b0ee3305a38680dbaf27de4bbff8e9007,2024-09,South Wales Police,South Wales Police,-3.198664,51.481321,On or near Picton Place,W01001861,Cardiff 034D,Public order,Unable to prosecute suspect,
c80a0537e182fe0978700226620515b714a2ede510d91be07428f2ee6f86b918,2024-09,South Wales Police,South Wales Police,-3.198664,51.481321,On or near Picton Place,W01001861,Cardiff 034D,Shoplifting,Unable to prosecute suspect,
fa75a0fc9e7d0c40d55cf79e79e9ab3da731b238394195b5aa8752fd4ce2559e,2024-09,South Wales Police,South Wales Police,-3.195736,51.481162,On or near North Morgan Street,W01001861,Cardiff 034D,Shoplifting,Investigation complete; no suspect identified,
a591ccd6a6e31efbd8ec3e6ef72f5004892f699b803c2cb8454070bc6b3dd573,2024-09,South Wales Police,South Wales Police,-3.198205,51.481938,On or near Parking Area,W01001861,Cardiff 034D,Shoplifting,Investigation complete; no suspect identified,
4960d936b24e8eaa4842c7b438092ca50c44171ec8e0558b349246efda20059e,2024-09,South Wales Police,South Wales Police,-3.195411,51.483603,On or near Pitman Street,W01001861,Cardiff 034D,Vehicle crime,Investigation complete; no suspect identified,
c2079c273974562dd99f053b019e8e40793f1a6ec1a674eda704247aca22fee4,2024-09,South Wales Police,South Wales Police,-3.191665,51.484657,On or near Sophia Close,W01001861,Cardiff 034D,Vehicle crime,Investigation complete; no suspect identified,
37694d8b77116d6806c2b7eadf36403970782c842cef84486c499a8b88a619d4,2024-09,South Wales Police,South Wales Police,-3.193367,51.483632,On or near Ryder Street,W01001861,Cardiff 034D,Vehicle crime,Investigation complete; no suspect identified,
aba23cc870c6409c8cf8b215c07aaf9eaf63e296b0abfddb301a0bd6c9d6ca8e,2024-09,South Wales Police,South Wales Police,-3.191665,51.484657,On or near Sophia Close,W01001861,Cardiff 034D,Vehicle crime,Investigation complete; no suspect identified,
7aa8252e6acc07017d459a7565d12578611b45127f1a1d62df377c2d6343acd3,2024-09,South Wales Police,South Wales Police,-3.195411,51.483603,On or near Pitman Street,W01001861,Cardiff 034D,Vehicle crime,Unable to prosecute suspect,
c6d8868dd7290eb3d7669980ad3ed5fa28c594391560d805dcaa6c0066ead415,2024-09,South Wales Police,South Wales Police,-3.200999,51.481954,On or near Gray Street,W01001861,Cardiff 034D,Vehicle crime,Investigation complete; no suspect identified,
45788c854cf8a66bbbf8926e2e22a6048e8da4d138eda9857ed65ca33dfa5281,2024-09,South Wales Police,South Wales Police,-3.191665,51.484657,On or near Sophia Close,W01001861,Cardiff 034D,Vehicle crime,Investigation complete; no suspect identified,
f77f8cf602714f8b9cb21b3f9c916c110249bd5fc21565f2d7794a5752af7a3b,2024-09,South Wales Police,South Wales Police,-3.198205,51.481938,On or near Parking Area,W01001861,Cardiff 034D,Vehicle crime,Investigation complete; no suspect identified,
8cf68711039e670795d9eb957c9396f8965282bdd6b560b8fe38a27a2f20d99f,2024-09,South Wales Police,South Wales Police,-3.192015,51.482037,On or near Clos Dewi Saint,W01001861,Cardiff 034D,Vehicle crime,Investigation complete; no suspect identified,
fdaaddf02343962e1dbeb5db9cb528caa8f3c96518bb861f6c6db4921229d193,2024-09,South Wales Police,South Wales Police,-3.195007,51.484110,On or near Pitman Lane,W01001861,Cardiff 034D,Vehicle crime,Investigation complete; no suspect identified,
6025f139675162f003bb2a040d8f79246dfa383e29a6f487786bfe620443c67c,2024-09,South Wales Police,South Wales Police,-3.195411,51.483603,On or near Pitman Street,W01001861,Cardiff 034D,Vehicle crime,Investigation complete; no suspect identified,
de021d324ff4f266b6cb7a66ba4c334d5c8078353de370331a991dfd772fe171,2024-09,South Wales Police,South Wales Police,-3.195411,51.483603,On or near Pitman Street,W01001861,Cardiff 034D,Vehicle crime,Investigation complete; no suspect identified,
a8a59ba8e9119bda19bcedd22776439ef3292759760eca61de050098a6df8661,2024-09,South Wales Police,South Wales Police,-3.193714,51.482028,On or near Hospital,W01001861,Cardiff 034D,Vehicle crime,Investigation complete; no suspect identified,
42d306a40f5d61570011bb831d5b963e15c748927711936121873412148dd5d7,2024-09,South Wales Police,South Wales Police,-3.191665,51.484657,On or near Sophia Close,W01001861,Cardiff 034D,Vehicle crime,Investigation complete; no suspect identified,
5c8c18cbfcacf7b9e2924c381bd6d5d2a18f2491dc4998dd5c5dd2c1b17a8c05,2024-09,South Wales Police,South Wales Police,-3.191665,51.484657,On or near Sophia Close,W01001861,Cardiff 034D,Vehicle crime,Investigation complete; no suspect identified,
b4477351e8d82bf3440e8eacb0c9fad8776e24707ff34215d29b6a5c0e59d2ef,2024-09,South Wales Police,South Wales Police,-3.190381,51.486225,On or near Sports/Recreation Area,W01001861,Cardiff 034D,Violence and sexual offences,Unable to prosecute suspect,
a83ea33488a5126b16ae7c748cd6ede7279a0fc125f199a138089addb80f914e,2024-09,South Wales Police,South Wales Police,-3.199996,51.481560,On or near Shopping Area,W01001861,Cardiff 034D,Violence and sexual offences,Under investigation,
d16544c4e96ddc45d4165a1a777ab790d73251dd575f13660ff905867a8e547b,2024-09,South Wales Police,South Wales Police,-3.195736,51.481162,On or near North Morgan Street,W01001861,Cardiff 034D,Violence and sexual offences,Unable to prosecute suspect,
ecc944c1acc7903ded07b4a34d01db13f34e5c915ecba88547e84891600c4fee,2024-09,South Wales Police,South Wales Police,-3.193714,51.482028,On or near Hospital,W01001861,Cardiff 034D,Violence and sexual offences,Investigation complete; no suspect identified,
488ed28cd1f53d88ddb3c1c68604ccca4d4e20da42dd601fbf416721cd773bb0,2024-09,South Wales Police,South Wales Police,-3.193714,51.482028,On or near Hospital,W01001861,Cardiff 034D,Violence and sexual offences,Unable to prosecute suspect,
a22d037e261e82d2a8b9ff2b0c19110d80fa4edccdb2b795b062932414c054cd,2024-09,South Wales Police,South Wales Police,-3.193195,51.485873,On or near Sophia Walk,W01001861,Cardiff 034D,Violence and sexual offences,Investigation complete; no suspect identified,
303b5427ef355023180b577db1682ca6d260221231fc070d41a71f7b1477dd39,2024-09,South Wales Police,South Wales Police,-3.199996,51.481560,On or near Shopping Area,W01001861,Cardiff 034D,Violence and sexual offences,Investigation complete; no suspect identified,
aeab6d126d1aee490afd825010f1d0f832a5f907da450b14dad44ecfd5482412,2024-09,South Wales Police,South Wales Police,-3.195007,51.484110,On or near Pitman Lane,W01001861,Cardiff 034D,Violence and sexual offences,Unable to prosecute suspect,
f9334596b05046818424efb528f8696a03b8f8d368eadcd5396e943647f02dcf,2024-09,South Wales Police,South Wales Police,-3.198664,51.481321,On or near Picton Place,W01001861,Cardiff 034D,Violence and sexual offences,Unable to prosecute suspect,
fd92d70ff409217877dd1d9a8919895e07d4c6edf43b7f4f77b6eb74dad5edbc,2024-09,South Wales Police,South Wales Police,-3.190381,51.486225,On or near Sports/Recreation Area,W01001861,Cardiff 034D,Violence and sexual offences,Unable to prosecute suspect,
7439798b0651ad8f6ca355c2670e8e0f737f12154e34b4291af2efbe43c8c999,2024-09,South Wales Police,South Wales Police,-3.199996,51.481560,On or near Shopping Area,W01001861,Cardiff 034D,Violence and sexual offences,Unable to prosecute suspect,
d82d6e53403e89eb57b52759f45d19899c52219dc8132d3f54b3529bc5194ee3,2024-09,South Wales Police,South Wales Police,-3.193714,51.482028,On or near Hospital,W01001861,Cardiff 034D,Violence and sexual offences,Unable to prosecute suspect,
d0de9d89b9811811a9944ac346ea9d7e34584b12e29b8f2999348485fbd9e104,2024-09,South Wales Police,South Wales Police,-3.218598,51.484146,On or near Park/Open Space,W01001714,Cardiff 035A,Public order,Unable to prosecute suspect,
56df9958a0e18178a1df9e37522584523c83c81f9933a9f75bbd751a49a3a357,2024-09,South Wales Police,South Wales Police,-3.222515,51.487351,On or near Butleigh Avenue,W01001714,Cardiff 035A,Vehicle crime,Investigation complete; no suspect identified,
77ec65bd89b6008e3609752d0025f9da7d03ace0ed01c47c37d56c7db54158cf,2024-09,South Wales Police,South Wales Police,-3.221457,51.484953,On or near Kensington Avenue,W01001714,Cardiff 035A,Violence and sexual offences,Unable to prosecute suspect,
,2024-09,South Wales Police,South Wales Police,-3.211153,51.487982,On or near Dulwich Gardens,W01001715,Cardiff 035B,Anti-social behaviour,,
77e577be5b661d85ba43bbe5057c4fb6b29366ccb9b6ee7892d304a4b94bdb1d,2024-09,South Wales Police,South Wales Police,-3.212635,51.486825,On or near Regina Terrace,W01001715,Cardiff 035B,Burglary,Investigation complete; no suspect identified,
20e5e876a53c96c0ccc1c5789a97715244128115e3f9f4d2c9127b40f18352e3,2024-09,South Wales Police,South Wales Police,-3.212384,51.485514,On or near Clive Road,W01001715,Cardiff 035B,Other theft,Under investigation,
02b3840c7d730b327127fafd9de373cbf3e5e40e9de907e0de484d11c012be5f,2024-09,South Wales Police,South Wales Police,-3.212384,51.485514,On or near Clive Road,W01001715,Cardiff 035B,Violence and sexual offences,Awaiting court outcome,
42c6f207f1306bcb48092e2192c2ad4de843ea0d8096b60310823ff40f0c13d9,2024-09,South Wales Police,South Wales Police,-3.211340,51.485804,On or near Preswylfa Street,W01001715,Cardiff 035B,Violence and sexual offences,Unable to prosecute suspect,
f24c0fb59cbf9dddc7b269533f8c29618d6e46f5c1e42dde28dfbaf455f50756,2024-09,South Wales Police,South Wales Police,-3.211340,51.485804,On or near Preswylfa Street,W01001715,Cardiff 035B,Violence and sexual offences,Unable to prosecute suspect,
addf7817658e1c3bd21e75e167c7b6cbb04c4b85302448f1dca2bbfb00da7c62,2024-09,South Wales Police,South Wales Police,-3.225866,51.484493,On or near Petrol Station,W01001716,Cardiff 035C,Burglary,Investigation complete; no suspect identified,
0876cff39f671e05fbd3a0cf2ed0ee2fbaf73b7d90fd06cd5b1b33cbe80debd1,2024-09,South Wales Police,South Wales Police,-3.221296,51.483803,On or near Redcliffe Avenue,W01001716,Cardiff 035C,Burglary,Investigation complete; no suspect identified,
5cab0505822605e665a2dbba3be9b458c5a2d2c14cfdce300a1bc5e89f7afa2f,2024-09,South Wales Police,South Wales Police,-3.225866,51.484493,On or near Petrol Station,W01001716,Cardiff 035C,Public order,Under investigation,
4a2f4dfc85b46b941bc85c50fdc954123898a249ef5a9958c5d3b7e5cd1438d1,2024-09,South Wales Police,South Wales Police,-3.221296,51.483803,On or near Redcliffe Avenue,W01001716,Cardiff 035C,Shoplifting,Awaiting court outcome,
2410c7de236c7676d2566f329a1090c146213f13f7df3ebd537e5097e141e99f,2024-09,South Wales Police,South Wales Police,-3.223530,51.484931,On or near Mayfield Avenue,W01001716,Cardiff 035C,Shoplifting,Investigation complete; no suspect identified,
4e52985b9aa2e74b2ff3a9b22ea75f4862d07b2f891172b2e3d1adee560ff63b,2024-09,South Wales Police,South Wales Police,-3.223530,51.484931,On or near Mayfield Avenue,W01001716,Cardiff 035C,Shoplifting,Investigation complete; no suspect identified,
0526c02d667717815288e00006f0dd44ec77a3d6cb9d46016b845ae5785cb967,2024-09,South Wales Police,South Wales Police,-3.221296,51.483803,On or near Redcliffe Avenue,W01001716,Cardiff 035C,Vehicle crime,Investigation complete; no suspect identified,
e5c2dbaaa70168ae503686463bfdb190085323caf040d7cc35ccb7e8ebe3b3c9,2024-09,South Wales Police,South Wales Police,-3.221296,51.483803,On or near Redcliffe Avenue,W01001716,Cardiff 035C,Vehicle crime,Investigation complete; no suspect identified,
b919c46ba040ebd138f75fb09abd6fb88748967a519e0db5b07af12d383bc7d6,2024-09,South Wales Police,South Wales Police,-3.221296,51.483803,On or near Redcliffe Avenue,W01001716,Cardiff 035C,Violence and sexual offences,Under investigation,
d38f280d99594a1f6865e4c5b3368c21cf0453a16b9847c3f1d54c92deb0c680,2024-09,South Wales Police,South Wales Police,-3.225866,51.484493,On or near Petrol Station,W01001716,Cardiff 035C,Violence and sexual offences,Under investigation,
573fb8237af662d94b972cf31ae59389278711300c86b1c1fa5046e9c58925a6,2024-09,South Wales Police,South Wales Police,-3.225866,51.484493,On or near Petrol Station,W01001716,Cardiff 035C,Violence and sexual offences,Under investigation,
0ce4bfb6f97799b0ab1b931f113eef6b6725a815eda871fe1016f1404c4020dc,2024-09,South Wales Police,South Wales Police,-3.225866,51.484493,On or near Petrol Station,W01001716,Cardiff 035C,Violence and sexual offences,Under investigation,
f46831ca514f7430c6edf401dde7ce4f6b95420cf7b5aca83f0f5e604c414548,2024-09,South Wales Police,South Wales Police,-3.223711,51.487384,On or near West Orchard Crescent,W01001716,Cardiff 035C,Violence and sexual offences,Under investigation,
f2d2b82f07cb13a5f02fd7b50515d2f3b801ac5c7488e8268bffa2a27f6d4ba5,2024-09,South Wales Police,South Wales Police,-3.223530,51.484931,On or near Mayfield Avenue,W01001716,Cardiff 035C,Violence and sexual offences,Unable to prosecute suspect,
9cb8314977fdbe2d75e98b951c4e42ce85892d4926324b270aed3a0f1c125fc3,2024-09,South Wales Police,South Wales Police,-3.223530,51.484931,On or near Mayfield Avenue,W01001716,Cardiff 035C,Violence and sexual offences,Unable to prosecute suspect,
42d315d321e6a1ac082aa30648bfb749614e979a27b545acc141d4ca441aa35a,2024-09,South Wales Police,South Wales Police,-3.225866,51.484493,On or near Petrol Station,W01001716,Cardiff 035C,Violence and sexual offences,Unable to prosecute suspect,
02886f56049a024917d86e92e3673e34994faf25115290dcc8834cf4fdc4490c,2024-09,South Wales Police,South Wales Police,-3.225866,51.484493,On or near Petrol Station,W01001716,Cardiff 035C,Violence and sexual offences,Unable to prosecute suspect,
,2024-09,South Wales Police,South Wales Police,-3.211901,51.484683,On or near Pembrook Mews,W01001717,Cardiff 035D,Anti-social behaviour,,
cd8a5b7d9acf90222642350eb84a530d4cd1c8f928817ebcedd3008a3d116c17,2024-09,South Wales Police,South Wales Police,-3.214818,51.487674,On or near Westbury Terrace,W01001717,Cardiff 035D,Burglary,Investigation complete; no suspect identified,
94eefee4f43ecbf4960c99f68f1d68704c5035dffdcc93c51fb1103e621085cd,2024-09,South Wales Police,South Wales Police,-3.211901,51.484683,On or near Pembrook Mews,W01001717,Cardiff 035D,Public order,Under investigation,
a28a4a93a91a0b86fc23d75b6c967eead17367b54b828939ea5130debede5899,2024-09,South Wales Police,South Wales Police,-3.211901,51.484683,On or near Pembrook Mews,W01001717,Cardiff 035D,Violence and sexual offences,Unable to prosecute suspect,
827019b2949f760c6b655112a055d57d79e58d783ab8d7401464e822f1d6d835,2024-09,South Wales Police,South Wales Police,-3.211901,51.484683,On or near Pembrook Mews,W01001717,Cardiff 035D,Violence and sexual offences,Unable to prosecute suspect,
90c0462a00880590c0dbd704198447ab81eabc51cc2c85759d785b0f370925cc,2024-09,South Wales Police,South Wales Police,-3.211901,51.484683,On or near Pembrook Mews,W01001717,Cardiff 035D,Violence and sexual offences,Unable to prosecute suspect,
e4cb19692182b0c63fbfda783912933f06b57f46de59d17eaa6b5148d3aadc57,2024-09,South Wales Police,South Wales Police,-3.211901,51.484683,On or near Pembrook Mews,W01001717,Cardiff 035D,Violence and sexual offences,Unable to prosecute suspect,
f90ad6cc54d7fd96de209ea63571bf3f69dac794ebef9e68a84b42992c45cf5a,2024-09,South Wales Police,South Wales Police,-3.214433,51.485655,On or near Ivy Street,W01001717,Cardiff 035D,Violence and sexual offences,Under investigation,
a4f0344a7dc56fd7233d7b50db257acc003d95a2bebbbd620292d7e42ec237fb,2024-09,South Wales Police,South Wales Police,-3.211901,51.484683,On or near Pembrook Mews,W01001717,Cardiff 035D,Violence and sexual offences,Unable to prosecute suspect,
2cfedd386106a4f36ec9c494c28e9e1d81160d5f071538fbbca7068088581bbc,2024-09,South Wales Police,South Wales Police,-3.213624,51.483415,On or near Lionel Road,W01001717,Cardiff 035D,Violence and sexual offences,Unable to prosecute suspect,
,2024-09,South Wales Police,South Wales Police,-3.157197,51.485605,On or near Ruby Street,W01001694,Cardiff 036A,Anti-social behaviour,,
,2024-09,South Wales Police,South Wales Police,-3.155153,51.486254,On or near Nora Street,W01001694,Cardiff 036A,Anti-social behaviour,,
,2024-09,South Wales Police,South Wales Police,-3.157197,51.485605,On or near Ruby Street,W01001694,Cardiff 036A,Anti-social behaviour,,
,2024-09,South Wales Police,South Wales Police,-3.155153,51.486254,On or near Nora Street,W01001694,Cardiff 036A,Anti-social behaviour,,
,2024-09,South Wales Police,South Wales Police,-3.155153,51.486254,On or near Nora Street,W01001694,Cardiff 036A,Anti-social behaviour,,
0b7eb5b35e0469d4246717d5e43eeeb09f7e8d7b101417abb5ce6469f3d530fb,2024-09,South Wales Police,South Wales Police,-3.155469,51.485622,On or near Topaz Street,W01001694,Cardiff 036A,Burglary,Investigation complete; no suspect identified,
1e9630046ba7756bc1a426a5a1eebe2ad1b375c169a320c2c6688d43215f05ff,2024-09,South Wales Police,South Wales Police,-3.160109,51.484020,On or near Sun Street,W01001694,Cardiff 036A,Criminal damage and arson,Under investigation,
4817b358ea333cf49a9f0be937e72d6892811b91cb09f38dcd0b3429d879d679,2024-09,South Wales Police,South Wales Police,-3.157810,51.485383,On or near Clifton Street,W01001694,Cardiff 036A,Criminal damage and arson,Investigation complete; no suspect identified,
a31cbd84fb599c17d66c7de71e3697be94219ced91ed43c26401fe2b91734183,2024-09,South Wales Police,South Wales Police,-3.157241,51.486234,On or near Emerald Street,W01001694,Cardiff 036A,Criminal damage and arson,Awaiting court outcome,
a92f5560632ed0d3c73c0dd711e121eb5cd8579d5484f73ca18766ec1d761a13,2024-09,South Wales Police,South Wales Police,-3.157241,51.486234,On or near Emerald Street,W01001694,Cardiff 036A,Criminal damage and arson,Unable to prosecute suspect,
94af115967641ba84125025c1159ce1a0e1b37aa00b84222cde03cd24e6b8045,2024-09,South Wales Police,South Wales Police,-3.157197,51.485605,On or near Ruby Street,W01001694,Cardiff 036A,Criminal damage and arson,Investigation complete; no suspect identified,
1dea1beebf8361ae591ca572bcc95b66af96665b8541e832aaf0cc321e1bb85a,2024-09,South Wales Police,South Wales Police,-3.157810,51.485383,On or near Clifton Street,W01001694,Cardiff 036A,Other theft,Unable to prosecute suspect,
bea8bc83d269a3f9412ba601607b0c775687ade7ff4ea7ddfcdb13f6192e0525,2024-09,South Wales Police,South Wales Police,-3.160734,51.485372,On or near Orbit Street,W01001694,Cardiff 036A,Public order,Investigation complete; no suspect identified,
8fc11400e1dea5449622d68f1febdd91807d6eba755d878e08d1322ea971827c,2024-09,South Wales Police,South Wales Police,-3.157405,51.484173,On or near Iron Street,W01001694,Cardiff 036A,Public order,Unable to prosecute suspect,
3a1e96531e5f990dd71a80d42805d25e1e8591f107cdbd23ac0aeca050e46831,2024-09,South Wales Police,South Wales Police,-3.159747,51.486793,On or near Four Elms Road,W01001694,Cardiff 036A,Public order,Under investigation,
ada340dd570e24bec14c7a06273091c399d4833c16e9d511fdbd27bce4f3d816,2024-09,South Wales Police,South Wales Police,-3.160734,51.485372,On or near Orbit Street,W01001694,Cardiff 036A,Public order,Investigation complete; no suspect identified,
912160fea7bf8291a48490a13c0690854563c13ffcbaabcc1a79a3b54e1a5790,2024-09,South Wales Police,South Wales Police,-3.157115,51.486927,On or near Sapphire Street,W01001694,Cardiff 036A,Public order,Investigation complete; no suspect identified,
d21baf45926c5d6a23103b550ed7f78715611da2b759d3f992fc49108c0b2f9e,2024-09,South Wales Police,South Wales Police,-3.155153,51.486254,On or near Nora Street,W01001694,Cardiff 036A,Public order,Unable to prosecute suspect,
22051ed9501a9b61c487d911ac889c755dbfbf62aa44b1e745e0cc371d1db70f,2024-09,South Wales Police,South Wales Police,-3.157405,51.484173,On or near Iron Street,W01001694,Cardiff 036A,Public order,Local resolution,
5cb6e64be318cca534fc58ba76d1d7dd18fa00a88367a34de99c18cde8418986,2024-09,South Wales Police,South Wales Police,-3.157241,51.486234,On or near Emerald Street,W01001694,Cardiff 036A,Public order,Awaiting court outcome,
5138b9426b2f6a526bc616377a4a9a1ddfb22dd964f6848125faab00cef59a45,2024-09,South Wales Police,South Wales Police,-3.157197,51.485605,On or near Ruby Street,W01001694,Cardiff 036A,Public order,Unable to prosecute suspect,
3a2b67f86ee709f7af87eed5a31eb512c434a6cfd95ab88a15fc629db9d553fb,2024-09,South Wales Police,South Wales Police,-3.155153,51.486254,On or near Nora Street,W01001694,Cardiff 036A,Public order,Unable to prosecute suspect,
d4cb276769a264c296e56ec885d403c9db40d3ba043d8fa6e4f44690a9be2edd,2024-09,South Wales Police,South Wales Police,-3.157241,51.486234,On or near Emerald Street,W01001694,Cardiff 036A,Robbery,Under investigation,
e146103047ea0ac1db292ed950a95fd73c40cc03269a59ab8379ebdd113d80ae,2024-09,South Wales Police,South Wales Police,-3.157810,51.485383,On or near Clifton Street,W01001694,Cardiff 036A,Robbery,Investigation complete; no suspect identified,
65aa445381c10ba78c65f7b2d1c47725e8226e61b3e648c90983c1f000bda9fc,2024-09,South Wales Police,South Wales Police,-3.157197,51.485605,On or near Ruby Street,W01001694,Cardiff 036A,Shoplifting,Investigation complete; no suspect identified,
5fe2f8412a9abbce060208eee8f961894028deaac1a312d66dd22651166f0393,2024-09,South Wales Police,South Wales Police,-3.159747,51.486793,On or near Four Elms Road,W01001694,Cardiff 036A,Shoplifting,Awaiting court outcome,
582fa543b955d7cb91413e10fbee633ebd35184bc0f2ba8caa35d7eaca0411d3,2024-09,South Wales Police,South Wales Police,-3.159747,51.486793,On or near Four Elms Road,W01001694,Cardiff 036A,Vehicle crime,Investigation complete; no suspect identified,
6a38486b017304f1629b94acf0e9b40990b46f23325be825840bf1aa6a525729,2024-09,South Wales Police,South Wales Police,-3.155153,51.486254,On or near Nora Street,W01001694,Cardiff 036A,Violence and sexual offences,Investigation complete; no suspect identified,
c6eb4dc22190561df4a69e1b904ffbfd5f91700d517b311ee83dbf521c475e3f,2024-09,South Wales Police,South Wales Police,-3.157115,51.486927,On or near Sapphire Street,W01001694,Cardiff 036A,Violence and sexual offences,Unable to prosecute suspect,
20435d863a3b9682b78e1552216fc2f6be7bb94acf84091242cd2ef053d4ab71,2024-09,South Wales Police,South Wales Police,-3.160109,51.484020,On or near Sun Street,W01001694,Cardiff 036A,Violence and sexual offences,Unable to prosecute suspect,
9e593e30d05672f0f841b7e82edc5ffdcfabb4a503993986a00309ba2ad85699,2024-09,South Wales Police,South Wales Police,-3.157241,51.486234,On or near Emerald Street,W01001694,Cardiff 036A,Violence and sexual offences,Under investigation,
619b0b32b71ec32a7561fbffac5c0ee8e9bdc313d811b9f0e60c2d4d3960998a,2024-09,South Wales Police,South Wales Police,-3.160171,51.485899,On or near Gold Street,W01001694,Cardiff 036A,Violence and sexual offences,Under investigation,
ee744d0cfac8890e311ac2d522d044c6348157ec4c36db1d740f6734346c7fd8,2024-09,South Wales Police,South Wales Police,-3.155220,51.487764,On or near Helen Place,W01001694,Cardiff 036A,Violence and sexual offences,Unable to prosecute suspect,
057a24645572cdaa05ab0cc5e6253979290812bad856ec3bf9579c386ce36ae0,2024-09,South Wales Police,South Wales Police,-3.157241,51.486234,On or near Emerald Street,W01001694,Cardiff 036A,Violence and sexual offences,Unable to prosecute suspect,
5f89b5c2354ec23b49f66934f435204770824cb5e8099ef4d7c522c3666eb61e,2024-09,South Wales Police,South Wales Police,-3.157405,51.484173,On or near Iron Street,W01001694,Cardiff 036A,Other crime,Awaiting court outcome,
,2024-09,South Wales Police,South Wales Police,-3.168769,51.482531,On or near Fitzalan Road,W01001695,Cardiff 036B,Anti-social behaviour,,
,2024-09,South Wales Police,South Wales Police,-3.164939,51.482561,On or near Moira Terrace,W01001695,Cardiff 036B,Anti-social behaviour,,
,2024-09,South Wales Police,South Wales Police,-3.165811,51.480025,On or near Davis Street,W01001695,Cardiff 036B,Anti-social behaviour,,
,2024-09,South Wales Police,South Wales Police,-3.168769,51.482531,On or near Fitzalan Road,W01001695,Cardiff 036B,Anti-social behaviour,,
,2024-09,South Wales Police,South Wales Police,-3.167888,51.481866,On or near Knox Road,W01001695,Cardiff 036B,Anti-social behaviour,,
58cf7fd20df480b6df4ad068240bac93eeb66b846404bd033242efe8b730b1d2,2024-09,South Wales Police,South Wales Police,-3.170364,51.477894,On or near Parking Area,W01001695,Cardiff 036B,Bicycle theft,Investigation complete; no suspect identified,
18bd45a0a26b4db9271e02fe33e9250ee8c21c33a9a5b0e1cf75f32a1992c177,2024-09,South Wales Police,South Wales Police,-3.170364,51.477894,On or near Parking Area,W01001695,Cardiff 036B,Bicycle theft,Investigation complete; no suspect identified,
9c4fc43700d50f65ee4e6466ad58f7673c918662d1770d3b98989d0e7d778445,2024-09,South Wales Police,South Wales Police,-3.163205,51.480609,On or near Windsor Road,W01001695,Cardiff 036B,Bicycle theft,Investigation complete; no suspect identified,
15e5639c8488109cd114331cec74921c24c12a5c89201779a6f2ce1ece1e7536,2024-09,South Wales Police,South Wales Police,-3.164387,51.481226,On or near North Luton Place,W01001695,Cardiff 036B,Burglary,Investigation complete; no suspect identified,
2d1204ab320821b7c9fc88592e7f21518f885bb355707f0691b60c84e18e226e,2024-09,South Wales Police,South Wales Police,-3.164387,51.481226,On or near North Luton Place,W01001695,Cardiff 036B,Burglary,Unable to prosecute suspect,
0c3853d2a4de8b74e94a30f771a70eba2011e5b3b1af044cd30a9ee4ee7a639c,2024-09,South Wales Police,South Wales Police,-3.167888,51.481866,On or near Knox Road,W01001695,Cardiff 036B,Criminal damage and arson,Investigation complete; no suspect identified,
6e1575ca64deff7ac8a667f2f8866edba3d63142dc7b6198e54cde5ffbc10813,2024-09,South Wales Police,South Wales Police,-3.167888,51.481866,On or near Knox Road,W01001695,Cardiff 036B,Criminal damage and arson,Unable to prosecute suspect,
361e1ca5ff99551f1e60a14dc7b552096aec50fcf63481ff2d25d3c4f3d65ea0,2024-09,South Wales Police,South Wales Police,-3.167888,51.481866,On or near Knox Road,W01001695,Cardiff 036B,Criminal damage and arson,Under investigation,
8a65d1f0fd9de7fc35fc0ec85c3b11a9e8d7c11313ce00c0867c5046e7c51614,2024-09,South Wales Police,South Wales Police,-3.164939,51.482561,On or near Moira Terrace,W01001695,Cardiff 036B,Criminal damage and arson,Investigation complete; no suspect identified,
2098808f3d742905ad7396c79b0984d6e8739b9dade15b976ddcaefb548d4139,2024-09,South Wales Police,South Wales Police,-3.167888,51.481866,On or near Knox Road,W01001695,Cardiff 036B,Criminal damage and arson,Awaiting court outcome,
de6b07fc18574a1ceb7d345ba9a5dcd759e8c22ba97d4cf5cb48d371516ab084,2024-09,South Wales Police,South Wales Police,-3.164387,51.481226,On or near North Luton Place,W01001695,Cardiff 036B,Criminal damage and arson,Unable to prosecute suspect,
e913b5628051dad8e30cd95f559865264304f16cd2c320c40a9b9b07fa79f493,2024-09,South Wales Police,South Wales Police,-3.168769,51.482531,On or near Fitzalan Road,W01001695,Cardiff 036B,Criminal damage and arson,Investigation complete; no suspect identified,
6dd053ab8c2ed4945b8dfa7a6521da1a25889aafec8e9f9a3427e0c2a4c156f0,2024-09,South Wales Police,South Wales Police,-3.163428,51.482009,On or near Moira Place,W01001695,Cardiff 036B,Drugs,Under investigation,
405b0b026ba4e515651b43b91564b98ecc65f3ea8d81b5487f60ab504f340a53,2024-09,South Wales Police,South Wales Police,-3.165811,51.480025,On or near Davis Street,W01001695,Cardiff 036B,Drugs,Under investigation,
685ec3e988fd0300fa9492abe36be1d99ce346dd3284d7240a3830f33d9e8585,2024-09,South Wales Police,South Wales Police,-3.167888,51.481866,On or near Knox Road,W01001695,Cardiff 036B,Drugs,Under investigation,
c10e2251ed4816bbf883df6439d5fb4c8f205f7f4e3d97d84664828c9af8845b,2024-09,South Wales Police,South Wales Police,-3.170364,51.477894,On or near Parking Area,W01001695,Cardiff 036B,Other theft,Investigation complete; no suspect identified,
7e33f2f1e66f1c138f081fe46038a89d1e2b1c0efb9fa182ba340e7d0636798e,2024-09,South Wales Police,South Wales Police,-3.164387,51.481226,On or near North Luton Place,W01001695,Cardiff 036B,Other theft,Investigation complete; no suspect identified,
87212a18304b755ffffff3ed3d4e17283aa8093f88708f4d7e5a8b36a237ca06,2024-09,South Wales Police,South Wales Police,-3.165811,51.480025,On or near Davis Street,W01001695,Cardiff 036B,Other theft,Investigation complete; no suspect identified,
39587ad4d6c925daea96ae09582cf14d97158183bbe517480959b4690a4d03f2,2024-09,South Wales Police,South Wales Police,-3.164387,51.481226,On or near North Luton Place,W01001695,Cardiff 036B,Other theft,Investigation complete; no suspect identified,
a789ec9521c377360d09e194f8d4682b30705f386e9e956fcdb5dce063b0e2d3,2024-09,South Wales Police,South Wales Police,-3.166191,51.484132,On or near Further/Higher Educational Building,W01001695,Cardiff 036B,Other theft,Investigation complete; no suspect identified,
2c3ed4e53c45e283521de3c34049cd14019dc2e9e8e04829b9fd8d2826961379,2024-09,South Wales Police,South Wales Police,-3.164387,51.481226,On or near North Luton Place,W01001695,Cardiff 036B,Other theft,Investigation complete; no suspect identified,
368494ea47a59ab871c731813d279d21a467f28b6d6dd541abdab1d202356dd9,2024-09,South Wales Police,South Wales Police,-3.165791,51.483757,On or near Newport Road Lane,W01001695,Cardiff 036B,Other theft,Unable to prosecute suspect,
6a14eca62c5f9ba5e151397ca7d6c3005e5d71e8537a43783ff939b1d66099ec,2024-09,South Wales Police,South Wales Police,-3.165811,51.480025,On or near Davis Street,W01001695,Cardiff 036B,Possession of weapons,Under investigation,
fbd51683f25905c53d78299292010348b688e7229487716a958143ec246ec4ab,2024-09,South Wales Police,South Wales Police,-3.166191,51.484132,On or near Further/Higher Educational Building,W01001695,Cardiff 036B,Public order,Investigation complete; no suspect identified,
4d9510fcb85ce0bfd8a6f89a9b14b49ccc17b010af2e23db01268195596c6a0d,2024-09,South Wales Police,South Wales Police,-3.164939,51.482561,On or near Moira Terrace,W01001695,Cardiff 036B,Public order,Investigation complete; no suspect identified,
b2fcf8a90cc6c5aaeaa9dbd9bdd00e2374fefef64d99cd240d9079834f2a95b5,2024-09,South Wales Police,South Wales Police,-3.167888,51.481866,On or near Knox Road,W01001695,Cardiff 036B,Public order,Under investigation,
52186b12eb2e5be6499f8c97033b572e6b44a506aab72814e1f3212a5579cfa3,2024-09,South Wales Police,South Wales Police,-3.164387,51.481226,On or near North Luton Place,W01001695,Cardiff 036B,Public order,Unable to prosecute suspect,
f1809160a00bcdbccfb5962c7cd8e34623d6be4514977730cbe65e5e42299364,2024-09,South Wales Police,South Wales Police,-3.164387,51.481226,On or near North Luton Place,W01001695,Cardiff 036B,Public order,Investigation complete; no suspect identified,
9b18a6961116c8ff025b4b9ca876dee0e37afb3b3cf959c81a6fca9031c9f8d5,2024-09,South Wales Police,South Wales Police,-3.164939,51.482561,On or near Moira Terrace,W01001695,Cardiff 036B,Public order,Investigation complete; no suspect identified,
857352ad2ad419cfdb9a9c8f403eb255b327a2c9172abe72b197caa86abe5d75,2024-09,South Wales Police,South Wales Police,-3.170364,51.477894,On or near Parking Area,W01001695,Cardiff 036B,Public order,Investigation complete; no suspect identified,
ed5aa1c92412b5e8e1908310b462b811382c945d3f8a26ad58403a72d05fd882,2024-09,South Wales Police,South Wales Police,-3.164387,51.481226,On or near North Luton Place,W01001695,Cardiff 036B,Public order,Unable to prosecute suspect,
bbb52a7a5858264a9a29f688f635f8654fba40fb6f8fb9a9088abbdac536080a,2024-09,South Wales Police,South Wales Police,-3.168769,51.482531,On or near Fitzalan Road,W01001695,Cardiff 036B,Public order,Unable to prosecute suspect,
9a294b45f3d46b6c819308a99882064e46163c55ceb0252d5905ef6f50ebdad7,2024-09,South Wales Police,South Wales Police,-3.164939,51.482561,On or near Moira Terrace,W01001695,Cardiff 036B,Public order,Awaiting court outcome,
9e4b6eb429c6cfbf2a58a177b21a6d5fc160a71a0657343d712f61687dc3bd51,2024-09,South Wales Police,South Wales Police,-3.164939,51.482561,On or near Moira Terrace,W01001695,Cardiff 036B,Public order,Unable to prosecute suspect,
90bdf421bc2d667e1e670cdd73b6e2281a5507e356b096ec6171086e646ab708,2024-09,South Wales Police,South Wales Police,-3.164939,51.482561,On or near Moira Terrace,W01001695,Cardiff 036B,Robbery,Investigation complete; no suspect identified,
8654184e2440e9bf29edffa98ea0d5f04141b65c617583f4a496d0eb4becea94,2024-09,South Wales Police,South Wales Police,-3.162555,51.481685,On or near South Luton Place,W01001695,Cardiff 036B,Shoplifting,Investigation complete; no suspect identified,
e015b9a48994daf76757a1ed2ef66623a3bbc5302ceecf56bf1ae4822f79ca41,2024-09,South Wales Police,South Wales Police,-3.164939,51.482561,On or near Moira Terrace,W01001695,Cardiff 036B,Shoplifting,Investigation complete; no suspect identified,
5fa21df3e6bfe2c5037cf8d07d782403d74044d9d52bd2f35109f4f21225eadb,2024-09,South Wales Police,South Wales Police,-3.164939,51.482561,On or near Moira Terrace,W01001695,Cardiff 036B,Shoplifting,Investigation complete; no suspect identified,
e6294cb1e63096075502207bf90f1ff3bd153f7e6b160e61f695818d9defb4e9,2024-09,South Wales Police,South Wales Police,-3.164939,51.482561,On or near Moira Terrace,W01001695,Cardiff 036B,Shoplifting,Investigation complete; no suspect identified,
7cdaa83bc41c509f4c9beb51d08ad094273ee9ee44121e889917a57f5437c217,2024-09,South Wales Police,South Wales Police,-3.170364,51.477894,On or near Parking Area,W01001695,Cardiff 036B,Shoplifting,Investigation complete; no suspect identified,
1bacb27ae0ad3f6fbbe035f18aed2dcba408f18cd3b7b75449b664f3c72e3e3c,2024-09,South Wales Police,South Wales Police,-3.162555,51.481685,On or near South Luton Place,W01001695,Cardiff 036B,Shoplifting,Investigation complete; no suspect identified,
08bab9ae6381dcfd9bc6d2cc07b90462893975f467252b4d7ff0ebd530058d05,2024-09,South Wales Police,South Wales Police,-3.162555,51.481685,On or near South Luton Place,W01001695,Cardiff 036B,Shoplifting,Investigation complete; no suspect identified,
267216e02db2a0a910abbf399d22a9294745e25a1223fd593eadf9a8cde96669,2024-09,South Wales Police,South Wales Police,-3.162555,51.481685,On or near South Luton Place,W01001695,Cardiff 036B,Shoplifting,Investigation complete; no suspect identified,
08a8d844591ec538c8a785d876cc5a901bff042efe3801476637c3a9dd3f6c9b,2024-09,South Wales Police,South Wales Police,-3.165811,51.480025,On or near Davis Street,W01001695,Cardiff 036B,Vehicle crime,Investigation complete; no suspect identified,
cb1a005fc45acf82e5b07fa08855607ae2e30ab85eb149a1d9acfbdd4bab7755,2024-09,South Wales Police,South Wales Police,-3.168834,51.478296,On or near Parking Area,W01001695,Cardiff 036B,Vehicle crime,Investigation complete; no suspect identified,
a148a5973bf1c9bbf7540c8567233e5a1c83fe129a3a4de3c344a62e23730802,2024-09,South Wales Police,South Wales Police,-3.168834,51.478296,On or near Parking Area,W01001695,Cardiff 036B,Vehicle crime,Investigation complete; no suspect identified,
6556eba0949d76068823b7eb1f613ace3e7ee92a6ee6e5971b940b1beaba7f5d,2024-09,South Wales Police,South Wales Police,-3.170364,51.477894,On or near Parking Area,W01001695,Cardiff 036B,Vehicle crime,Unable to prosecute suspect,
8c2fe43af67350bffe9c629cb213326259204e9ff1958788a0b8769f6a16405d,2024-09,South Wales Police,South Wales Police,-3.167888,51.481866,On or near Knox Road,W01001695,Cardiff 036B,Vehicle crime,Investigation complete; no suspect identified,
e2b13dc98e9be532987dcf1dc42129d924407b9f299d1265e4ca57073568c9ef,2024-09,South Wales Police,South Wales Police,-3.162555,51.481685,On or near South Luton Place,W01001695,Cardiff 036B,Vehicle crime,Investigation complete; no suspect identified,
33ea69e75bb8213c77ca29ecb4f133f593a7df983adb4c2372b13c6d6beeb532,2024-09,South Wales Police,South Wales Police,-3.168834,51.478296,On or near Parking Area,W01001695,Cardiff 036B,Vehicle crime,Investigation complete; no suspect identified,
7c3143fe9a680d5a69253b14cfa5d357a22b8bff06cc90edd449353fbefbd40b,2024-09,South Wales Police,South Wales Police,-3.166191,51.484132,On or near Further/Higher Educational Building,W01001695,Cardiff 036B,Vehicle crime,Investigation complete; no suspect identified,
ec8110b9e4d0d48ddcbe5cdaba16582f35ca90ce630eb802406826b184cfd43f,2024-09,South Wales Police,South Wales Police,-3.165791,51.483757,On or near Newport Road Lane,W01001695,Cardiff 036B,Vehicle crime,Investigation complete; no suspect identified,
2b2c84b7fce84f091030d34599d39a32f3f617b48c0e3d36a7a639ab6a250c14,2024-09,South Wales Police,South Wales Police,-3.167888,51.481866,On or near Knox Road,W01001695,Cardiff 036B,Violence and sexual offences,Under investigation,
911c931c725048cae947adc7754e6cf2234f7cb228a73914544b36c145cfdbf9,2024-09,South Wales Police,South Wales Police,-3.164939,51.482561,On or near Moira Terrace,W01001695,Cardiff 036B,Violence and sexual offences,Unable to prosecute suspect,
25436cb8ac653e7f32797067088c6d98e34e7bdd8902a550cac4a601371145f5,2024-09,South Wales Police,South Wales Police,-3.167888,51.481866,On or near Knox Road,W01001695,Cardiff 036B,Violence and sexual offences,Action to be taken by another organisation,
9d191f3af4e9d648df4b7bf639595e0a8fe516552d5b4ee3e3f81ba87bf0d5ec,2024-09,South Wales Police,South Wales Police,-3.163761,51.479848,On or near Adamscroft Place,W01001695,Cardiff 036B,Violence and sexual offences,Under investigation,
3c292554ff36e1d39d970bc38c57962159cd3ac7a3fa3782249dea66c0a3c7b9,2024-09,South Wales Police,South Wales Police,-3.164387,51.481226,On or near North Luton Place,W01001695,Cardiff 036B,Violence and sexual offences,Unable to prosecute suspect,
229dc7049b4dcd37d103d9ebe1738c1da8ae5ced7bb66a38dbe63dcb0a5be937,2024-09,South Wales Police,South Wales Police,-3.168769,51.482531,On or near Fitzalan Road,W01001695,Cardiff 036B,Violence and sexual offences,Unable to prosecute suspect,
d8cf72771ccb6e1f12f0d617c89f1bc5ea068be520fabb28f1bda891f416dada,2024-09,South Wales Police,South Wales Police,-3.167888,51.481866,On or near Knox Road,W01001695,Cardiff 036B,Violence and sexual offences,Action to be taken by another organisation,
564238d4748a25128d70e4041d14749c9d2624170021b591acac15b32817e011,2024-09,South Wales Police,South Wales Police,-3.167888,51.481866,On or near Knox Road,W01001695,Cardiff 036B,Violence and sexual offences,Unable to prosecute suspect,
f1fdfed6d639f03656ca01ba0388c0174505358f0616253bc99999f9f9d54097,2024-09,South Wales Police,South Wales Police,-3.167888,51.481866,On or near Knox Road,W01001695,Cardiff 036B,Violence and sexual offences,Unable to prosecute suspect,
dab408e08a951d6ec8b0d6a229118f25371a9dfa6f4dc2d2f960619d741e39c5,2024-09,South Wales Police,South Wales Police,-3.167888,51.481866,On or near Knox Road,W01001695,Cardiff 036B,Violence and sexual offences,Under investigation,
73c8eb3ae7e4d68dbf51058ba4f7d9f9e89c8c8db8f6b1ffb1efc4b94e3161d5,2024-09,South Wales Police,South Wales Police,-3.165394,51.479490,On or near Tharsis Close,W01001695,Cardiff 036B,Violence and sexual offences,Unable to prosecute suspect,
65dac3f05a035b2743ad3442cf650f769916c0bef20220611aff83dee60ed836,2024-09,South Wales Police,South Wales Police,-3.163802,51.482572,On or near Augusta Street,W01001695,Cardiff 036B,Violence and sexual offences,Investigation complete; no suspect identified,
c838c8a2a6117756bed93f0265547936182409a19e627bb3e20abd4ca07372f2,2024-09,South Wales Police,South Wales Police,-3.167888,51.481866,On or near Knox Road,W01001695,Cardiff 036B,Violence and sexual offences,Action to be taken by another organisation,
622fd4163320b6b6c27931480c8311bfff6f222ba28916ae238b9208db2ccb21,2024-09,South Wales Police,South Wales Police,-3.164836,51.483578,On or near Howard Terrace,W01001695,Cardiff 036B,Violence and sexual offences,Unable to prosecute suspect,
a1f2a6d67282601ea56694d40fbb4af886eab8182492a7acf8889de5b0498e7b,2024-09,South Wales Police,South Wales Police,-3.167888,51.481866,On or near Knox Road,W01001695,Cardiff 036B,Violence and sexual offences,Under investigation,
a5fa04ae76a2b1084c0ae0cb30ccdd093890c09eb05325f4fa548a5b1477d0c8,2024-09,South Wales Police,South Wales Police,-3.167888,51.481866,On or near Knox Road,W01001695,Cardiff 036B,Violence and sexual offences,Under investigation,
6e29d4e22b85a4b48efcf3f638d63103eac8c9082089109a3ea10e1a737aa365,2024-09,South Wales Police,South Wales Police,-3.167888,51.481866,On or near Knox Road,W01001695,Cardiff 036B,Violence and sexual offences,Action to be taken by another organisation,
ec6f6c66a84c311edc00fe6cc733123b8e749579b6a6a9b7ac73d1f800fb435f,2024-09,South Wales Police,South Wales Police,-3.167888,51.481866,On or near Knox Road,W01001695,Cardiff 036B,Violence and sexual offences,Under investigation,
bfca732894c103d6d126e37a510bdbff16a50ce00a7bd8894f5bf5ddd2e2de01,2024-09,South Wales Police,South Wales Police,-3.165394,51.479490,On or near Tharsis Close,W01001695,Cardiff 036B,Violence and sexual offences,Unable to prosecute suspect,
29561e7e27f66ca7be01721fc6f53784408da541e7fc74ec56566b2ed0986cb5,2024-09,South Wales Police,South Wales Police,-3.167888,51.481866,On or near Knox Road,W01001695,Cardiff 036B,Violence and sexual offences,Under investigation,
a811b92c39bcbac11e216b47bf372adf31468871b101ef74f4f2cdd89cfa2d6d,2024-09,South Wales Police,South Wales Police,-3.167888,51.481866,On or near Knox Road,W01001695,Cardiff 036B,Other crime,Under investigation,
,2024-09,South Wales Police,South Wales Police,-3.160729,51.485210,On or near Longcross Street,W01001696,Cardiff 036C,Anti-social behaviour,,
,2024-09,South Wales Police,South Wales Police,-3.161381,51.481382,On or near Kames Place,W01001696,Cardiff 036C,Anti-social behaviour,,
,2024-09,South Wales Police,South Wales Police,-3.161381,51.481382,On or near Kames Place,W01001696,Cardiff 036C,Anti-social behaviour,,
,2024-09,South Wales Police,South Wales Police,-3.163866,51.484531,On or near Glossop Road,W01001696,Cardiff 036C,Anti-social behaviour,,
,2024-09,South Wales Police,South Wales Police,-3.162296,51.483936,On or near Planet Street,W01001696,Cardiff 036C,Anti-social behaviour,,
382090e8f70f2660c5260a509db7a965115d306e57269c534f14743254956183,2024-09,South Wales Police,South Wales Police,-3.162425,51.482783,On or near Meteor Street,W01001696,Cardiff 036C,Criminal damage and arson,Local resolution,
430aeed43df4665a9622538654a66520709feec7c4b3bb81488d025daf889525,2024-09,South Wales Police,South Wales Police,-3.162425,51.482783,On or near Meteor Street,W01001696,Cardiff 036C,Drugs,Formal action is not in the public interest,
feaec8ac0f7fc6cda89c3dabc75691e6f12b867da5fe4e9f3e9be773811fbc70,2024-09,South Wales Police,South Wales Police,-3.162296,51.483936,On or near Planet Street,W01001696,Cardiff 036C,Public order,Investigation complete; no suspect identified,
eb6ed72d28cf7040348e856e4149d645b14c54578a27413e144cddf2d67558f0,2024-09,South Wales Police,South Wales Police,-3.162296,51.483936,On or near Planet Street,W01001696,Cardiff 036C,Public order,Under investigation,
7406f505635970aa1c049d003e14dcc24739718041b68c99e0f5b94a2da1ee1a,2024-09,South Wales Police,South Wales Police,-3.163866,51.484531,On or near Glossop Road,W01001696,Cardiff 036C,Robbery,Investigation complete; no suspect identified,
8f93511953b0fbfe406316fcff6f0048b6080ad6d4f88b54e34d1537182d0bb9,2024-09,South Wales Police,South Wales Police,-3.163866,51.484531,On or near Glossop Road,W01001696,Cardiff 036C,Vehicle crime,Investigation complete; no suspect identified,
3b6faf64820da620a6c6fdc788eed9d61ee57d2756318f0a48842a674ab17386,2024-09,South Wales Police,South Wales Police,-3.163866,51.484531,On or near Glossop Road,W01001696,Cardiff 036C,Violence and sexual offences,Under investigation,
4a1007f62b8c45e45f5f02ad194d23f4e116675770d0879c888ed4c91de0292f,2024-09,South Wales Police,South Wales Police,-3.163866,51.484531,On or near Glossop Road,W01001696,Cardiff 036C,Violence and sexual offences,Unable to prosecute suspect,
e0034ac2fd398ac5c97791edbaecf26c38b46e792aeb8a79a46bb9808c40b96a,2024-09,South Wales Police,South Wales Police,-3.162425,51.482783,On or near Meteor Street,W01001696,Cardiff 036C,Violence and sexual offences,Under investigation,
bd0ca94bc3687993a3bd07fc3730860f7659d03fb285ea1d20023f3156b2cee0,2024-09,South Wales Police,South Wales Police,-3.157418,51.482968,On or near Anderson Place,W01001696,Cardiff 036C,Violence and sexual offences,Under investigation,
d72a17310d4d2780eda51afc00a4ba4b3a0d322b1dd9631dab6381fb2cdc29db,2024-09,South Wales Police,South Wales Police,-3.162296,51.483936,On or near Planet Street,W01001696,Cardiff 036C,Violence and sexual offences,Under investigation,
54e3683be4b35702996b36b9912b7e16944c9b4b3b7e22b5c35766dc04172653,2024-09,South Wales Police,South Wales Police,-3.160729,51.485210,On or near Longcross Street,W01001696,Cardiff 036C,Violence and sexual offences,Unable to prosecute suspect,
0fcca2d45085ed100fb35393d0d5846addf7f00bbf172338b9ef4300d75a5e66,2024-09,South Wales Police,South Wales Police,-3.157418,51.482968,On or near Anderson Place,W01001696,Cardiff 036C,Violence and sexual offences,Unable to prosecute suspect,
988eefb5834810fda08186b3741d639f8e9932546e8075fe9926870ea49a5dac,2024-09,South Wales Police,South Wales Police,-3.163866,51.484531,On or near Glossop Road,W01001696,Cardiff 036C,Violence and sexual offences,Unable to prosecute suspect,
d17ded3977827e7defae5d55cf9b52f943766466deda824fd707214390a22228,2024-09,South Wales Police,South Wales Police,-3.155041,51.484088,On or near Pearl Place,W01001696,Cardiff 036C,Violence and sexual offences,Under investigation,
e611435bbacc9de2b9519bd433a69c9b4722cc02222f5b5bf702adef8b73d91c,2024-09,South Wales Police,South Wales Police,-3.160202,51.483731,On or near System Street,W01001696,Cardiff 036C,Violence and sexual offences,Unable to prosecute suspect,
f723e867e586ed1e8772b7cd9276d8ca308abfcc7f8290bdc0132722d949bba5,2024-09,South Wales Police,South Wales Police,-3.160315,51.481941,On or near Garesfield Street,W01001696,Cardiff 036C,Violence and sexual offences,Under investigation,
05e7e99726d7d60cc2fb8cfb620593be5bc035264445f39800043e58f5cef637,2024-09,South Wales Police,South Wales Police,-3.160671,51.482900,On or near Eclipse Street,W01001696,Cardiff 036C,Violence and sexual offences,Unable to prosecute suspect,
b8b3fedb168b74b578e3b42ebdfef5caa118cb484f95cb3157e80483e51f8a46,2024-09,South Wales Police,South Wales Police,-3.160729,51.485210,On or near Longcross Street,W01001696,Cardiff 036C,Violence and sexual offences,Unable to prosecute suspect,
,2024-09,South Wales Police,South Wales Police,-3.152482,51.486559,On or near Pearl Street,W01001697,Cardiff 036D,Anti-social behaviour,,
,2024-09,South Wales Police,South Wales Police,-3.145911,51.492154,On or near Supermarket,W01001697,Cardiff 036D,Anti-social behaviour,,
1d3c2775772b9d5f6a76509f31aa59c0710da2187646da7e8d472fb74b8f016f,2024-09,South Wales Police,South Wales Police,-3.149829,51.490425,On or near Beresford Road,W01001697,Cardiff 036D,Criminal damage and arson,Unable to prosecute suspect,
263d1100b2d8bf8ea712169c4a21bc4d9b823881e57e1dbe569bf5a09d0942d3,2024-09,South Wales Police,South Wales Police,-3.153603,51.488176,On or near Bertram Street,W01001697,Cardiff 036D,Other theft,Investigation complete; no suspect identified,
0e04b9010334e8985fe3282f960888edc34d7509c09ee7b2dfab316dd92b53c5,2024-09,South Wales Police,South Wales Police,-3.153603,51.488176,On or near Bertram Street,W01001697,Cardiff 036D,Other theft,Unable to prosecute suspect,
171b680dd6e7d4ba90848b0e3c0792e97bc8ea82cdc2dde0b0f857c78a209146,2024-09,South Wales Police,South Wales Police,-3.145911,51.492154,On or near Supermarket,W01001697,Cardiff 036D,Public order,Unable to prosecute suspect,
db88f063b9caa8beb5210a4a1f370f8b9f8565df7b687f14bb0b80016933aa1b,2024-09,South Wales Police,South Wales Police,-3.145911,51.492154,On or near Supermarket,W01001697,Cardiff 036D,Public order,Unable to prosecute suspect,
5ca3c3be915b7ad8c12887f4a75a61855722e521aa22b1222a66859f53d9f446,2024-09,South Wales Police,South Wales Police,-3.145911,51.492154,On or near Supermarket,W01001697,Cardiff 036D,Shoplifting,Investigation complete; no suspect identified,
a5f84e827cad89bacbabb782ba95d9451cd860634cc4120cdcc926e056340d8f,2024-09,South Wales Police,South Wales Police,-3.145911,51.492154,On or near Supermarket,W01001697,Cardiff 036D,Shoplifting,Investigation complete; no suspect identified,
7c4659ac71f616db4347393774df50fdd9648e0e5c0299319a9f07d1b79f4db8,2024-09,South Wales Police,South Wales Police,-3.145911,51.492154,On or near Supermarket,W01001697,Cardiff 036D,Shoplifting,Local resolution,
e2055f5de65a697d8fbca3a9e0107e5e73f66a65de240e0e8b414246d7ebcd1a,2024-09,South Wales Police,South Wales Police,-3.145911,51.492154,On or near Supermarket,W01001697,Cardiff 036D,Shoplifting,Investigation complete; no suspect identified,
fec66c8ec6598573235aaf5415aa53af91b47c1322d5d0173187ca6a4749a807,2024-09,South Wales Police,South Wales Police,-3.145911,51.492154,On or near Supermarket,W01001697,Cardiff 036D,Shoplifting,Investigation complete; no suspect identified,
cf66ea196e62907685e2f5ced05048278bd7be30e2ca6e9190ab54ac4c640dab,2024-09,South Wales Police,South Wales Police,-3.145911,51.492154,On or near Supermarket,W01001697,Cardiff 036D,Shoplifting,Investigation complete; no suspect identified,
4677a1d9369806b9f43292f847b3364a30ca4bf47c8052ef3be4cdc3aa383477,2024-09,South Wales Police,South Wales Police,-3.145911,51.492154,On or near Supermarket,W01001697,Cardiff 036D,Shoplifting,Investigation complete; no suspect identified,
d5e9efc4931fb4a8add2a268817f667841ba0ff4b93c6595dc5c52895bb94017,2024-09,South Wales Police,South Wales Police,-3.145911,51.492154,On or near Supermarket,W01001697,Cardiff 036D,Shoplifting,Investigation complete; no suspect identified,
7474d1df6ebe16920972ef9362393083bc52df067572522494200c1c20836846,2024-09,South Wales Police,South Wales Police,-3.145911,51.492154,On or near Supermarket,W01001697,Cardiff 036D,Shoplifting,Awaiting court outcome,
882dcf77364f4b257dd646a5a8f86da8a7bb94c5078fca2482d5f4fe76c8d213,2024-09,South Wales Police,South Wales Police,-3.145911,51.492154,On or near Supermarket,W01001697,Cardiff 036D,Shoplifting,Awaiting court outcome,
58ad440ccb229cfb46d480480a5166fbd091d70462ce1e506edf4ab1ef15963f,2024-09,South Wales Police,South Wales Police,-3.145911,51.492154,On or near Supermarket,W01001697,Cardiff 036D,Shoplifting,Under investigation,
e9f829374d9e77111f362afb9cf1147b140aee885c4dd48f98137b35d4af98c2,2024-09,South Wales Police,South Wales Police,-3.145911,51.492154,On or near Supermarket,W01001697,Cardiff 036D,Shoplifting,Investigation complete; no suspect identified,
8734074b5994df80adcba7d676e69edc492adc60ff592b4464df8532103d91fa,2024-09,South Wales Police,South Wales Police,-3.145911,51.492154,On or near Supermarket,W01001697,Cardiff 036D,Shoplifting,Investigation complete; no suspect identified,
045c0aa13b3cac4fcea12aaa7cfc1b10b528a84cac77c286371c46c91bee27c9,2024-09,South Wales Police,South Wales Police,-3.145911,51.492154,On or near Supermarket,W01001697,Cardiff 036D,Shoplifting,Investigation complete; no suspect identified,
c31b5c359e0c22ed1ee2f7ad041f97e87677586411043b74f1cfff77390b8950,2024-09,South Wales Police,South Wales Police,-3.145911,51.492154,On or near Supermarket,W01001697,Cardiff 036D,Shoplifting,Awaiting court outcome,
b142c5654c71986e5e52d1d9f16696a1b79f4d43ac7f7ee91879161ca0cabd08,2024-09,South Wales Police,South Wales Police,-3.145911,51.492154,On or near Supermarket,W01001697,Cardiff 036D,Shoplifting,Awaiting court outcome,
03893a97e22c50a371f20d9726f7bfc4d2f307d7a36a3d644a0ff81621cb0862,2024-09,South Wales Police,South Wales Police,-3.145911,51.492154,On or near Supermarket,W01001697,Cardiff 036D,Shoplifting,Investigation complete; no suspect identified,
746dd0747f8ac7f27ed3e685b97e69ac321d152a18a3b3325ac078b29cbfc4f6,2024-09,South Wales Police,South Wales Police,-3.145911,51.492154,On or near Supermarket,W01001697,Cardiff 036D,Shoplifting,Investigation complete; no suspect identified,
bc2ac56274e20190cea3c3434750c5f1237cbd62e6a4006f8cf7d53ab4ae1441,2024-09,South Wales Police,South Wales Police,-3.145911,51.492154,On or near Supermarket,W01001697,Cardiff 036D,Shoplifting,Investigation complete; no suspect identified,
4fb074bfe29ea95cd4606f46ebfd10b09f1df3cf86dd252b356303a074a3ea4a,2024-09,South Wales Police,South Wales Police,-3.153603,51.488176,On or near Bertram Street,W01001697,Cardiff 036D,Vehicle crime,Investigation complete; no suspect identified,
50c84e27193e65904080eaea9af20f2859682c82b8cb02e8353b4667a54a30dc,2024-09,South Wales Police,South Wales Police,-3.153603,51.488176,On or near Bertram Street,W01001697,Cardiff 036D,Violence and sexual offences,Unable to prosecute suspect,
e284dde93ef8e361583908acf954aa55dc4aef53d035ffcce282436448056d85,2024-09,South Wales Police,South Wales Police,-3.153603,51.488176,On or near Bertram Street,W01001697,Cardiff 036D,Violence and sexual offences,Unable to prosecute suspect,
2885fae0aa54f1a122d9f2a74f0b1aba3c0a4225cb9ff575f0c4f23d9e31227f,2024-09,South Wales Police,South Wales Police,-3.152482,51.486559,On or near Pearl Street,W01001697,Cardiff 036D,Violence and sexual offences,Unable to prosecute suspect,
,2024-09,South Wales Police,South Wales Police,-3.151669,51.490299,On or near Fort Street,W01001698,Cardiff 036E,Anti-social behaviour,,
,2024-09,South Wales Police,South Wales Police,-3.155724,51.488308,On or near Richards Place,W01001698,Cardiff 036E,Anti-social behaviour,,
,2024-09,South Wales Police,South Wales Police,-3.150689,51.490281,On or near Blanche Street,W01001698,Cardiff 036E,Anti-social behaviour,,
,2024-09,South Wales Police,South Wales Police,-3.150689,51.490281,On or near Blanche Street,W01001698,Cardiff 036E,Anti-social behaviour,,
,2024-09,South Wales Police,South Wales Police,-3.155571,51.489685,On or near Stacey Road,W01001698,Cardiff 036E,Anti-social behaviour,,
fe937a3dbfa511ae39747a8fdd296338b7c1288df7c14203a7d36c4019eed7ef,2024-09,South Wales Police,South Wales Police,-3.158118,51.487852,On or near Cyril Crescent,W01001698,Cardiff 036E,Bicycle theft,Unable to prosecute suspect,
66af371bd30ed010830303d99a036596dbdaa1ae011a2653785110b9c69d65ab,2024-09,South Wales Police,South Wales Police,-3.158118,51.487852,On or near Cyril Crescent,W01001698,Cardiff 036E,Other theft,Investigation complete; no suspect identified,
ca8beb33480b27b19508759977dcf5beb58b6b4b95551316d1c99c5d92403314,2024-09,South Wales Police,South Wales Police,-3.158118,51.487852,On or near Cyril Crescent,W01001698,Cardiff 036E,Other theft,Investigation complete; no suspect identified,
a603528166cbe34699dc654d1333cd089b5e7f63222647e8a33fc23f961b0d2a,2024-09,South Wales Police,South Wales Police,-3.153856,51.489648,On or near Richards Terrace,W01001698,Cardiff 036E,Public order,Unable to prosecute suspect,
b81b063e959160d0ab701318bd777febe3300cce094433d0612354214b9ee5d3,2024-09,South Wales Police,South Wales Police,-3.152330,51.489078,On or near Theodora Street,W01001698,Cardiff 036E,Public order,Unable to prosecute suspect,
1b860897c287e52d6c81bc6ed3c12df05d53fe11f6ab569d8f46a923dae13f0d,2024-09,South Wales Police,South Wales Police,-3.152330,51.489078,On or near Theodora Street,W01001698,Cardiff 036E,Shoplifting,Investigation complete; no suspect identified,
54278e4406ad522b4305560a26c5f065154b079af5ea4d701c91018efbeeb7e5,2024-09,South Wales Police,South Wales Police,-3.155724,51.488308,On or near Richards Place,W01001698,Cardiff 036E,Vehicle crime,Investigation complete; no suspect identified,
6e7377a1a340bbd77fd7be1bdac20ce187e3dbfe99f04d84b3c400b04e79d385,2024-09,South Wales Police,South Wales Police,-3.152330,51.489078,On or near Theodora Street,W01001698,Cardiff 036E,Violence and sexual offences,Under investigation,
d430badaed6a1f4f58aa56da4b96bcebd13725414c27bece25662987a5353efa,2024-09,South Wales Police,South Wales Police,-3.158118,51.487852,On or near Cyril Crescent,W01001698,Cardiff 036E,Violence and sexual offences,Unable to prosecute suspect,
be8280b23e9ea69fd4c9b6d2ae1be143f15c0ca5d7d91c961baebf2e442015f3,2024-09,South Wales Police,South Wales Police,-3.158118,51.487852,On or near Cyril Crescent,W01001698,Cardiff 036E,Violence and sexual offences,Unable to prosecute suspect,
59e1ea89bf089893f8cdf9505bc96ee3cac98f03694fb544f0294b30c541e9a1,2024-09,South Wales Police,South Wales Police,-3.158118,51.487852,On or near Cyril Crescent,W01001698,Cardiff 036E,Violence and sexual offences,Under investigation,
41c2caca11892ccf39bc82fa3ad6aedd04cb5b1b98966f67791f0fa0ff5035a5,2024-09,South Wales Police,South Wales Police,-3.158118,51.487852,On or near Cyril Crescent,W01001698,Cardiff 036E,Violence and sexual offences,Under investigation,
979ef3ed3c348da84a4cd2a84386c8d58e241c00d14dedbb1f45c5b9bb7c5674,2024-09,South Wales Police,South Wales Police,-3.158118,51.487852,On or near Cyril Crescent,W01001698,Cardiff 036E,Violence and sexual offences,Investigation complete; no suspect identified,
131101871b69e9054bb0892fdaabde06059fec9c48d13fc9f9324e05f7bac940,2024-09,South Wales Police,South Wales Police,-3.155724,51.488308,On or near Richards Place,W01001698,Cardiff 036E,Violence and sexual offences,Unable to prosecute suspect,
f02736a35599c5a856abc8a68d2af3323026e8e20a1ecff75a71be5b684a1cfe,2024-09,South Wales Police,South Wales Police,-3.151669,51.490299,On or near Fort Street,W01001698,Cardiff 036E,Violence and sexual offences,Unable to prosecute suspect,
7ea931dc1956990bd9a73ec2c34799c1ae16455fa29533a5d052b75cb59a8e0d,2024-09,South Wales Police,South Wales Police,-3.151721,51.489507,On or near Bradley Street,W01001698,Cardiff 036E,Other crime,Investigation complete; no suspect identified,
9168c298a9a274c1ffc9aa17a5fac92ca5a005847f9bda1824d2cda9003431b4,2024-09,South Wales Police,South Wales Police,-3.150689,51.490281,On or near Blanche Street,W01001698,Cardiff 036E,Other crime,Awaiting court outcome,
dd9a42bd7de38e0f80e27bf9debee321b9afdf798cf14e19250409ec03b6fab3,2024-09,South Wales Police,South Wales Police,-3.152330,51.489078,On or near Theodora Street,W01001698,Cardiff 036E,Other crime,Investigation complete; no suspect identified,
545c333b2acb9a258b752477a9782de55d55e0431c85bf161d7fe9e3da23c861,2024-09,South Wales Police,South Wales Police,-3.146262,51.486054,On or near North Park Road,W01001870,Cardiff 037A,Bicycle theft,Investigation complete; no suspect identified,
545b53079bb5e58aee984dbca00789559da31e34f80a3c5a1bd39cdaa43c7ef7,2024-09,South Wales Police,South Wales Police,-3.148401,51.486932,On or near Wilson Street,W01001870,Cardiff 037A,Criminal damage and arson,Investigation complete; no suspect identified,
586012f550736b35eff6c660726b979ee8216c74c9502cfa3fce59da110843e2,2024-09,South Wales Police,South Wales Police,-3.148401,51.486932,On or near Wilson Street,W01001870,Cardiff 037A,Public order,Investigation complete; no suspect identified,
458dd17d1893308ed07782cc8dcc95f2319dab7e3c507a8fe559c9a23e067625,2024-09,South Wales Police,South Wales Police,-3.142628,51.484156,On or near Muirton Road,W01001870,Cardiff 037A,Public order,Unable to prosecute suspect,
3dd7b57f4e899454b15c422986d400e432342a299354ac5fec2af56b85e4b324,2024-09,South Wales Police,South Wales Police,-3.148132,51.484812,On or near Seymour Street,W01001870,Cardiff 037A,Violence and sexual offences,Investigation complete; no suspect identified,
c1ead423e7010948bf7bb1becebbe7319b166894d30f47681c38349b9467d09c,2024-09,South Wales Police,South Wales Police,-3.142628,51.484156,On or near Muirton Road,W01001870,Cardiff 037A,Violence and sexual offences,Under investigation,
b3fe3ff56d048c5ec46adafe191b2eecab3a5d9615a8c552ef062fb3ce4e4cb0,2024-09,South Wales Police,South Wales Police,-3.148401,51.486932,On or near Wilson Street,W01001870,Cardiff 037A,Violence and sexual offences,Unable to prosecute suspect,
7e164a06ed3243789169f4cb04dff279d4401535056bd8eccf385d405a08d692,2024-09,South Wales Police,South Wales Police,-3.139611,51.484446,On or near Mercia Road,W01001871,Cardiff 037B,Criminal damage and arson,Investigation complete; no suspect identified,
9049574254eaa6e5680b99544deb5fefbd0e6f4f4d37cae0f86e8157e2ee666d,2024-09,South Wales Police,South Wales Police,-3.140178,51.482354,On or near Willows Avenue,W01001871,Cardiff 037B,Criminal damage and arson,Investigation complete; no suspect identified,
57bf5516d234e738471b0b3bd7823369575164b9fd29f8cd0150e96cac831153,2024-09,South Wales Police,South Wales Police,-3.142500,51.485946,On or near Dunsmuir Road,W01001871,Cardiff 037B,Public order,Unable to prosecute suspect,
1372ead74a930af03255d79ab4c54dc0eebe9340c64198decf19be940e9e3c72,2024-09,South Wales Police,South Wales Police,-3.140603,51.484355,On or near Mervyn Road,W01001871,Cardiff 037B,Vehicle crime,Investigation complete; no suspect identified,
ee581229401e212b5f9e46024b46f4fefa589b5b0ea68a834731c77341cf9711,2024-09,South Wales Police,South Wales Police,-3.140178,51.482354,On or near Willows Avenue,W01001871,Cardiff 037B,Vehicle crime,Investigation complete; no suspect identified,
b0d94188df7586fddc390f6ca965d3b90ccf889bba138617cbb67fe59a5cdbd7,2024-09,South Wales Police,South Wales Police,-3.142500,51.485946,On or near Dunsmuir Road,W01001871,Cardiff 037B,Violence and sexual offences,Under investigation,
b57b3721bd7e16a1e2cde10e78995480d74373a37f82112fb3fcf4f6452a9203,2024-09,South Wales Police,South Wales Police,-3.140348,51.486840,On or near Mona Place,W01001871,Cardiff 037B,Violence and sexual offences,Under investigation,
c227e71ae04f132eb5f4924514d0b3606722547077b865ac9ab101f12e0b52cf,2024-09,South Wales Police,South Wales Police,-3.141427,51.483349,On or near Meredith Road,W01001871,Cardiff 037B,Violence and sexual offences,Under investigation,
2f6cbfe6d8747fedb7b97682735b2054808d030889a4e03ed60bc3fb08af5c1c,2024-09,South Wales Police,South Wales Police,-3.142500,51.485946,On or near Dunsmuir Road,W01001871,Cardiff 037B,Violence and sexual offences,Unable to prosecute suspect,
b2418cd4892fdf107747e602a36b7148bb5222a4dcebf0ff268eba4bc0a84a40,2024-09,South Wales Police,South Wales Police,-3.140603,51.484355,On or near Mervyn Road,W01001871,Cardiff 037B,Violence and sexual offences,Unable to prosecute suspect,
972766b2fdf0ada9f411ffcbdcc4fce976678868afe06bcdecb4d27d8e47b2b2,2024-09,South Wales Police,South Wales Police,-3.140445,51.490750,On or near Deemuir Square,W01001876,Cardiff 037D,Public order,Unable to prosecute suspect,
e1eeed3d974a382886e2b835ad23d09408ad294c7025af839f6d9a5bca842bcc,2024-09,South Wales Police,South Wales Police,-3.141493,51.488294,On or near Dessmuir Road,W01001876,Cardiff 037D,Public order,Unable to prosecute suspect,
90a8e9b6f4e936e727bd9c0c8717423189d0338ace5d3957b57a6d66f8bb32c9,2024-09,South Wales Police,South Wales Police,-3.139826,51.489596,On or near Whitmuir Road,W01001876,Cardiff 037D,Vehicle crime,Investigation complete; no suspect identified,
3a591598ab4ca0d21394311d6030a2b8edd4d362c60f0936d7f1354fd70f59ff,2024-09,South Wales Police,South Wales Police,-3.144077,51.488530,On or near Skaithmuir Road,W01001876,Cardiff 037D,Violence and sexual offences,Unable to prosecute suspect,
87cfe5e6c813b19e6963eb1c3a2efa040f7b97ae50c0f637104b6529b524e44b,2024-09,South Wales Police,South Wales Police,-3.143870,51.489467,On or near Kirkwall Court,W01001876,Cardiff 037D,Violence and sexual offences,Unable to prosecute suspect,
b588bc14c0876c51fcbadc0e3cb760ac5050e4036fce07c001fffa904bf41c1d,2024-09,South Wales Police,South Wales Police,-3.143870,51.489467,On or near Kirkwall Court,W01001876,Cardiff 037D,Violence and sexual offences,Unable to prosecute suspect,
0c4b0c5968c126d23c90fde5f4026cb7ccdf47f81b18f866222c75fe699a5f65,2024-09,South Wales Police,South Wales Police,-3.144703,51.488802,On or near Heol Layard,W01001876,Cardiff 037D,Violence and sexual offences,Investigation complete; no suspect identified,
e0c8faa9422efae87d74e8042437809e62fba5c1e1dcd7be668ec8701e166b79,2024-09,South Wales Police,South Wales Police,-3.144703,51.488802,On or near Heol Layard,W01001876,Cardiff 037D,Violence and sexual offences,Unable to prosecute suspect,
defe6bc9e6e608faa04809de7d04db2600d21ab6f3b5d0905c8150b9d62e2654,2024-09,South Wales Police,South Wales Police,-3.142605,51.490136,On or near Clydesmuir Road,W01001876,Cardiff 037D,Violence and sexual offences,Unable to prosecute suspect,
bc31c6b80b710ae5397d09e895a7946b266fcb67a34fa1317857dbaec8083b9a,2024-09,South Wales Police,South Wales Police,-3.141183,51.490275,On or near Deemuir Road,W01001876,Cardiff 037D,Violence and sexual offences,Investigation complete; no suspect identified,
,2024-09,South Wales Police,South Wales Police,-3.130400,51.487583,On or near Hind Close,W01002020,Cardiff 037E,Anti-social behaviour,,
,2024-09,South Wales Police,South Wales Police,-3.138626,51.491164,On or near Glanmuir Road,W01002020,Cardiff 037E,Anti-social behaviour,,
,2024-09,South Wales Police,South Wales Police,-3.135953,51.490794,On or near Kenyon Road,W01002020,Cardiff 037E,Anti-social behaviour,,
d6b6205122076df53e6e0ad50abdf08459ef938488113e0558d2085b0f9aef49,2024-09,South Wales Police,South Wales Police,-3.137772,51.491540,On or near Storrar Road,W01002020,Cardiff 037E,Burglary,Investigation complete; no suspect identified,
09cb7bf755915681bb195c24c06003e684745eab8db1f10eaab85907a6395d1f,2024-09,South Wales Police,South Wales Police,-3.130400,51.487583,On or near Hind Close,W01002020,Cardiff 037E,Criminal damage and arson,Investigation complete; no suspect identified,
076d747087b228eb0faa131b392581f96754d6f879c467ffad540e22ac6a9618,2024-09,South Wales Police,South Wales Police,-3.138626,51.491164,On or near Glanmuir Road,W01002020,Cardiff 037E,Other theft,Investigation complete; no suspect identified,
50fa4a0505b7cf263b02f24f99e821469dfa7328c5dc255d6cebd70614a8f96a,2024-09,South Wales Police,South Wales Police,-3.139834,51.492779,On or near Pengam Road,W01002020,Cardiff 037E,Public order,Under investigation,
1829ec064d033bca8559d60378eb664ebb4230c83ff3356794603e3c349e8142,2024-09,South Wales Police,South Wales Police,-3.138626,51.491164,On or near Glanmuir Road,W01002020,Cardiff 037E,Violence and sexual offences,Unable to prosecute suspect,
c3c1605c765eec42a916f83bba722204c320a2c7ee453dc2b69f654ff0fb011a,2024-09,South Wales Police,South Wales Police,-3.133385,51.487725,On or near Handley Road,W01002020,Cardiff 037E,Violence and sexual offences,Unable to prosecute suspect,
2e4d57cdb4f13914e917a92a261a35fa3d9113acb9d3b4f7579b889cd1d6abec,2024-09,South Wales Police,South Wales Police,-3.138626,51.491164,On or near Glanmuir Road,W01002020,Cardiff 037E,Violence and sexual offences,Awaiting court outcome,
da776301797c79e4dd484838841f8a9d46d7dcd2be90186a90ad7d85925a57fb,2024-09,South Wales Police,South Wales Police,-3.139834,51.492779,On or near Pengam Road,W01002020,Cardiff 037E,Violence and sexual offences,Unable to prosecute suspect,
77fdc3689b29fe5345ef3dbcc8eeeffac47ab6af74bdad53c95945078a69fa0c,2024-09,South Wales Police,South Wales Police,-3.141014,51.494476,On or near De Bawdip Road,W01002021,Cardiff 037F,Burglary,Under investigation,
25109d2a764493a44bd056444456809b7c8a5a039c7f473816fed1333b25d281,2024-09,South Wales Police,South Wales Police,-3.139859,51.494380,On or near Pallot Way,W01002021,Cardiff 037F,Burglary,Investigation complete; no suspect identified,
ffc517bdde4579fc839f518023c58037c1a4e54132cf287418cd20a47d7c89f4,2024-09,South Wales Police,South Wales Police,-3.127013,51.487490,On or near Supermarket,W01002021,Cardiff 037F,Criminal damage and arson,Investigation complete; no suspect identified,
d694f19eb0f685af72287e098aacc30c2f38613316cb6872f3e3d81520d0f1b3,2024-09,South Wales Police,South Wales Police,-3.135249,51.479875,On or near Rover Way,W01002021,Cardiff 037F,Criminal damage and arson,Investigation complete; no suspect identified,
673dad635d1726e13d65c5c5bbb17647f43d0c223a817b171f6e3c2b55a8a28c,2024-09,South Wales Police,South Wales Police,-3.135249,51.479875,On or near Rover Way,W01002021,Cardiff 037F,Criminal damage and arson,Investigation complete; no suspect identified,
6dc4af7f5abb0cd27cda6d50b69a3c6a9a1d04876925421b5a56c6187ddb8360,2024-09,South Wales Police,South Wales Police,-3.143845,51.476357,On or near Pacific Road,W01002021,Cardiff 037F,Criminal damage and arson,Investigation complete; no suspect identified,
dfef23067a98d3ea1f2cb701b92262e51f28f3f4b710fd5d5cfe112ee8fc0980,2024-09,South Wales Police,South Wales Police,-3.141014,51.494476,On or near De Bawdip Road,W01002021,Cardiff 037F,Public order,Unable to prosecute suspect,
7f3da91cffffd71ae7fe16dc61ee5be7e0e3c00d6768cb9e4c3a3756d2d590f8,2024-09,South Wales Police,South Wales Police,-3.127013,51.487490,On or near Supermarket,W01002021,Cardiff 037F,Shoplifting,Under investigation,
c636d6c44994787457a1039e24e79e9b2168a311e4c3d5229aa84a49d4e868ae,2024-09,South Wales Police,South Wales Police,-3.141014,51.494476,On or near De Bawdip Road,W01002021,Cardiff 037F,Vehicle crime,Unable to prosecute suspect,
169be47afd208882fb838e7e14bf002aa2149ce9d4d570019fd1aa2883e98747,2024-09,South Wales Police,South Wales Police,-3.141014,51.494476,On or near De Bawdip Road,W01002021,Cardiff 037F,Violence and sexual offences,Under investigation,
e41c1e16fa41533a56809490283e1f37668f2b9671a0e133c7cc7c7aeedf5c3b,2024-09,South Wales Police,South Wales Police,-3.141014,51.494476,On or near De Bawdip Road,W01002021,Cardiff 037F,Violence and sexual offences,Unable to prosecute suspect,
84ab4446d366ff54fd3c6791fb3d9fde09f8a971203826d69b2a57f090c1d450,2024-09,South Wales Police,South Wales Police,-3.141014,51.494476,On or near De Bawdip Road,W01002021,Cardiff 037F,Violence and sexual offences,Unable to prosecute suspect,
,2024-09,South Wales Police,South Wales Police,-3.148916,51.487916,On or near Florence Street,W01001869,Cardiff 038A,Anti-social behaviour,,
,2024-09,South Wales Police,South Wales Police,-3.149516,51.486013,On or near Swinton Street,W01001869,Cardiff 038A,Anti-social behaviour,,
,2024-09,South Wales Police,South Wales Police,-3.148916,51.487916,On or near Florence Street,W01001869,Cardiff 038A,Anti-social behaviour,,
14daafa57b9d09b4102f94ac4eddf6426e05984e11913f39e7751627cc876f96,2024-09,South Wales Police,South Wales Police,-3.151367,51.484043,On or near Burnaby Street,W01001869,Cardiff 038A,Bicycle theft,Investigation complete; no suspect identified,
b1f0f9ad897ebeedb38d2f3c5b519b14e2bc1a5643b6a7b772b45c2ab180ad0f,2024-09,South Wales Police,South Wales Police,-3.151367,51.484043,On or near Burnaby Street,W01001869,Cardiff 038A,Public order,Awaiting court outcome,
cea7ca10e8e9a28401c4d9e82b77efe7944444e3dc2e7f69a05875d0f40bbe75,2024-09,South Wales Police,South Wales Police,-3.151367,51.484043,On or near Burnaby Street,W01001869,Cardiff 038A,Violence and sexual offences,Unable to prosecute suspect,
,2024-09,South Wales Police,South Wales Police,-3.149564,51.483351,On or near Habershon Street,W01001872,Cardiff 038B,Anti-social behaviour,,
c751efa634007d984ca5e52994b1be4de49caf98c16cd95a46a815ed7dd8afac,2024-09,South Wales Police,South Wales Police,-3.152213,51.485033,On or near Railway Street,W01001872,Cardiff 038B,Criminal damage and arson,Investigation complete; no suspect identified,
4fa83ba42b59f6437c6aa5231be2fe0310d81a02d2a2c8301a855984ded43001,2024-09,South Wales Police,South Wales Police,-3.148610,51.484331,On or near Coveny Street,W01001872,Cardiff 038B,Criminal damage and arson,Investigation complete; no suspect identified,
ebb289289dae965c60894898790be85a7b5f60c634385b14df89b4b913131246,2024-09,South Wales Police,South Wales Police,-3.150098,51.482806,On or near Splott Road,W01001872,Cardiff 038B,Other theft,Under investigation,
0036d5ac4cad094f60aed624066aa7fd6397434368b90dd9b2eb0356d4a93be5,2024-09,South Wales Police,South Wales Police,-3.150098,51.482806,On or near Splott Road,W01001872,Cardiff 038B,Shoplifting,Investigation complete; no suspect identified,
d12aca9bfa2643cf75c4e6e129d7ed7ff527521d4ecfc3d63dfa45843bbd53e9,2024-09,South Wales Police,South Wales Police,-3.150098,51.482806,On or near Splott Road,W01001872,Cardiff 038B,Shoplifting,Awaiting court outcome,
29aae4b560b5af7c80b117aa5b107b21fbae287e94f80dccf76839610c391396,2024-09,South Wales Police,South Wales Police,-3.150098,51.482806,On or near Splott Road,W01001872,Cardiff 038B,Shoplifting,Further investigation is not in the public interest,
c18345479e79b5573da52e252c78f156a216367e579816aa4d66b142bd469436,2024-09,South Wales Police,South Wales Police,-3.150098,51.482806,On or near Splott Road,W01001872,Cardiff 038B,Shoplifting,Investigation complete; no suspect identified,
9cbd3c072840f7d8e17d00dbafa656d18f7aa424348b964a4c32cbe3937442b1,2024-09,South Wales Police,South Wales Police,-3.150098,51.482806,On or near Splott Road,W01001872,Cardiff 038B,Shoplifting,Investigation complete; no suspect identified,
9a203ff53b6fedd2b0cc0076cdc96f5b2309b4df07c0bcae36b8b8c0ef73253e,2024-09,South Wales Police,South Wales Police,-3.150098,51.482806,On or near Splott Road,W01001872,Cardiff 038B,Shoplifting,Unable to prosecute suspect,
30cf536ff569d9e92cfb47dfb98aaf52f751171cc4ba2073c045cf77193df530,2024-09,South Wales Police,South Wales Police,-3.150098,51.482806,On or near Splott Road,W01001872,Cardiff 038B,Shoplifting,Investigation complete; no suspect identified,
aa13eeb64b00a6f6227a4ff22ec923cd0a78a08a4a13bcee7ddebdc93371d2dc,2024-09,South Wales Police,South Wales Police,-3.152997,51.482400,On or near Adeline Street,W01001872,Cardiff 038B,Violence and sexual offences,Unable to prosecute suspect,
2ad398939028866e0601aed79566434df061ffe8e34cfb7286f43c0a8c034bf5,2024-09,South Wales Police,South Wales Police,-3.148764,51.483044,On or near University Place,W01001873,Cardiff 038C,Bicycle theft,Under investigation,
85547b7ee13da324387492ba750df98d4f2fd404de6a15278363857188cacbc8,2024-09,South Wales Police,South Wales Police,-3.151596,51.479986,On or near Portmanmoor Road Lane,W01001873,Cardiff 038C,Burglary,Investigation complete; no suspect identified,
d1f5d0f0888a3a19f333e7d89936c5480e6150d247dd1b8af0f79be14ffd3125,2024-09,South Wales Police,South Wales Police,-3.153183,51.477228,On or near Forgeside Close,W01001873,Cardiff 038C,Criminal damage and arson,Investigation complete; no suspect identified,
3158ecd593545c53829abbc3b167194cd4cffa2bf9e68868de1edf679c320a42,2024-09,South Wales Police,South Wales Police,-3.153096,51.481778,On or near Janet Street,W01001873,Cardiff 038C,Criminal damage and arson,Investigation complete; no suspect identified,
79fdfe999325645ed8817df4f64d2e719b072f2cf06c03c58fb23471d7ef4b7a,2024-09,South Wales Police,South Wales Police,-3.153183,51.477228,On or near Forgeside Close,W01001873,Cardiff 038C,Criminal damage and arson,Investigation complete; no suspect identified,
8f831452a4bf40d2c76a2ac120d010d9eb5378fc0b8a51014e78ba76db0aaf0d,2024-09,South Wales Police,South Wales Police,-3.147151,51.480731,On or near Hinton Street,W01001873,Cardiff 038C,Criminal damage and arson,Under investigation,
50405d73acd7fbe0a8dab3b94af65e94e87da9d86a1db4478d0fcfa708acc619,2024-09,South Wales Police,South Wales Police,-3.145504,51.481673,On or near South Park Road,W01001873,Cardiff 038C,Other theft,Investigation complete; no suspect identified,
67ece5d165022747c971283b456f35b0cede89b20465294abf07ee28920ec0a0,2024-09,South Wales Police,South Wales Police,-3.151596,51.479986,On or near Portmanmoor Road Lane,W01001873,Cardiff 038C,Public order,Unable to prosecute suspect,
877e3ac413a3e2686f33b2318e6449f4a3a2613f5e010e2a92ce5723dace5830,2024-09,South Wales Police,South Wales Police,-3.147400,51.483210,On or near Courtenay Road,W01001873,Cardiff 038C,Public order,Investigation complete; no suspect identified,
774c2e45a9e1ffd0131ab9c995a3f071a47c2bc8fa2bd0e0530e5e4b9225b7d1,2024-09,South Wales Police,South Wales Police,-3.147400,51.483210,On or near Courtenay Road,W01001873,Cardiff 038C,Public order,Investigation complete; no suspect identified,
9b775c36b301a39c44c07522e37fe90b80d927caf80d5f6d95f1de2413fbf4e7,2024-09,South Wales Police,South Wales Police,-3.149707,51.480427,On or near Neath Street,W01001873,Cardiff 038C,Public order,Unable to prosecute suspect,
ff3f5ef0e358617228e29ac3c1fcbc3f375700efccca234d29625bffc619d6c5,2024-09,South Wales Police,South Wales Police,-3.147177,51.482322,On or near Farmville Road,W01001873,Cardiff 038C,Vehicle crime,Investigation complete; no suspect identified,
7da444111dd0356eec8e5ec008f8513bba195c5114f9f4bba8e13779924050c2,2024-09,South Wales Police,South Wales Police,-3.149707,51.480427,On or near Neath Street,W01001873,Cardiff 038C,Vehicle crime,Unable to prosecute suspect,
0d56fac231cf2560af46c6b7bcf58918cbae1a6ee6fcd0248f632f7d42abfda2,2024-09,South Wales Police,South Wales Police,-3.153909,51.481456,On or near Ordell Street,W01001873,Cardiff 038C,Vehicle crime,Investigation complete; no suspect identified,
f407c9e39623d66fc20a1f11b8404563f9818a358a6622d068d266ddd5729746,2024-09,South Wales Police,South Wales Police,-3.145504,51.481673,On or near South Park Road,W01001873,Cardiff 038C,Vehicle crime,Investigation complete; no suspect identified,
892073474390c9aad50d61e67aef80f8484723b3a2a1363579d216d2c2b436d1,2024-09,South Wales Police,South Wales Police,-3.153909,51.481456,On or near Ordell Street,W01001873,Cardiff 038C,Vehicle crime,Investigation complete; no suspect identified,
d744c34d4f99799a5cef497722443cecf01af299633e8c8620bb78599351023d,2024-09,South Wales Police,South Wales Police,-3.147151,51.480731,On or near Hinton Street,W01001873,Cardiff 038C,Violence and sexual offences,Unable to prosecute suspect,
d121cd1c8ebaf2f8c6e5380c753fedb1c38f1275fe2b6a0ebf918e3f209e02c2,2024-09,South Wales Police,South Wales Police,-3.145504,51.481673,On or near South Park Road,W01001873,Cardiff 038C,Violence and sexual offences,Investigation complete; no suspect identified,
acf82aa11ddff88974493fdf705341289da8cf2aaeb648ce7de0015ee0bf92a0,2024-09,South Wales Police,South Wales Police,-3.150165,51.480881,On or near Walker Road,W01001873,Cardiff 038C,Violence and sexual offences,Unable to prosecute suspect,
b59413cec449dbfd49065558ddce9276096fb25bbc962d18c7c9dbc98d48a628,2024-09,South Wales Police,South Wales Police,-3.147400,51.483210,On or near Courtenay Road,W01001873,Cardiff 038C,Violence and sexual offences,Investigation complete; no suspect identified,
fcaa8e3af7812c528396f6c1739111f1377d1a5966f21bc1866a817d428f69ea,2024-09,South Wales Police,South Wales Police,-3.153183,51.477228,On or near Forgeside Close,W01001873,Cardiff 038C,Violence and sexual offences,Investigation complete; no suspect identified,
9dc3d5d7b37cde17010a76ce6e8b20ef3ff214a6a737286c171c85f705756f9a,2024-09,South Wales Police,South Wales Police,-3.150165,51.480881,On or near Walker Road,W01001873,Cardiff 038C,Other crime,Under investigation,
,2024-09,South Wales Police,South Wales Police,-3.160052,51.479525,On or near Spruce Close,W01001874,Cardiff 038D,Anti-social behaviour,,
,2024-09,South Wales Police,South Wales Police,-3.160052,51.479525,On or near Spruce Close,W01001874,Cardiff 038D,Anti-social behaviour,,
,2024-09,South Wales Police,South Wales Police,-3.159222,51.480873,On or near Cumnock Place,W01001874,Cardiff 038D,Anti-social behaviour,,
,2024-09,South Wales Police,South Wales Police,-3.155746,51.481213,On or near Howard Street,W01001874,Cardiff 038D,Anti-social behaviour,,
,2024-09,South Wales Police,South Wales Police,-3.155746,51.481213,On or near Howard Street,W01001874,Cardiff 038D,Anti-social behaviour,,
,2024-09,South Wales Police,South Wales Police,-3.160052,51.479525,On or near Spruce Close,W01001874,Cardiff 038D,Anti-social behaviour,,
7744b4d5610727446cde0afb9ec941367b02aa136ed25285211d9755c606abc6,2024-09,South Wales Police,South Wales Police,-3.147192,51.473168,On or near Glass Avenue,W01001874,Cardiff 038D,Burglary,Investigation complete; no suspect identified,
de406957383045a64ce16d93f40d2150c10cc53f83744b7512f63ec1507821b7,2024-09,South Wales Police,South Wales Police,-3.155945,51.473136,On or near Dowlais Road,W01001874,Cardiff 038D,Burglary,Investigation complete; no suspect identified,
d444dbe2dcc4e934a0ec73fa779d71269326412b65c324af6b920b321ab348b8,2024-09,South Wales Police,South Wales Police,-3.160276,51.475278,On or near East Moors Road,W01001874,Cardiff 038D,Criminal damage and arson,Investigation complete; no suspect identified,
0cae50fd92f2e7bcaf1aba988d0051de40107634c46d45bd04e3bd2a35801707,2024-09,South Wales Police,South Wales Police,-3.153236,51.473621,On or near Vanguard Way,W01001874,Cardiff 038D,Criminal damage and arson,Under investigation,
eafddcb9f7c879dd02603d7b3f678156ef9778079d96e7a421052d383b0e044f,2024-09,South Wales Police,South Wales Police,-3.155746,51.481213,On or near Howard Street,W01001874,Cardiff 038D,Other theft,Unable to prosecute suspect,
db93638de8f522489540e0e68bb936a318a5e30e338ec1f05a98c31105f58e47,2024-09,South Wales Police,South Wales Police,-3.158013,51.480318,On or near Neilson Close,W01001874,Cardiff 038D,Public order,Investigation complete; no suspect identified,
45828db3c7ed38c0ac71ab96b2bd8f07071de7cc01dfe9fcbbf082a1310edca7,2024-09,South Wales Police,South Wales Police,-3.155746,51.481213,On or near Howard Street,W01001874,Cardiff 038D,Public order,Unable to prosecute suspect,
77461c6ffeff5f6459b2e52a6b22906db25e27c876e6a3b73ceb87ccf514f3ed,2024-09,South Wales Police,South Wales Police,-3.157694,51.480780,On or near Kilcattan Street,W01001874,Cardiff 038D,Robbery,Under investigation,
4cdb85143408e991d9e46fae811dbe19fcffcca6ab7f8c53b90ce4659ad151d7,2024-09,South Wales Police,South Wales Police,-3.159519,51.478955,On or near Applewood Close,W01001874,Cardiff 038D,Shoplifting,Further investigation is not in the public interest,
4c804bc36b0a9c576453f0f7a37d0547137bf9b4b7d2e569e4c9d29af401a7a7,2024-09,South Wales Police,South Wales Police,-3.155157,51.478998,On or near Lamberton Street,W01001874,Cardiff 038D,Vehicle crime,Investigation complete; no suspect identified,
14a8f464e71872ca7776b4ad45bc9813a4bdc39214b12c6a330184cf14127354,2024-09,South Wales Police,South Wales Police,-3.158675,51.479170,On or near Sapele Drive,W01001874,Cardiff 038D,Vehicle crime,Investigation complete; no suspect identified,
3e92e28799bc5b08574d634c9d44b892ff629d95cb9a2f7c21d7531145cdb768,2024-09,South Wales Police,South Wales Police,-3.157790,51.479484,On or near Supermarket,W01001874,Cardiff 038D,Violence and sexual offences,Investigation complete; no suspect identified,
a16bfa3fde09600f762e2ffce4a337379d26e855fc6a66643b69f96b4da0b16b,2024-09,South Wales Police,South Wales Police,-3.155746,51.481213,On or near Howard Street,W01001874,Cardiff 038D,Violence and sexual offences,Unable to prosecute suspect,
7ba395114cf9a2e68803b99318d7b284123dace5515ee4178b75d22d16d64439,2024-09,South Wales Police,South Wales Police,-3.160052,51.479525,On or near Spruce Close,W01001874,Cardiff 038D,Violence and sexual offences,Unable to prosecute suspect,
04de8d797312a75a551e11ac323b5506b1ed1017e96bfa55ed7bf62a5796bd7d,2024-09,South Wales Police,South Wales Police,-3.156541,51.479047,On or near Arrol Street,W01001874,Cardiff 038D,Violence and sexual offences,Under investigation,
a42bece9c53ac212c0b7bad940a8aedfd4d0ce449ddb7e99ca1335bc18c91d40,2024-09,South Wales Police,South Wales Police,-3.159519,51.478955,On or near Applewood Close,W01001874,Cardiff 038D,Violence and sexual offences,Unable to prosecute suspect,
9056f554929e5c08a0a828c785aa655be70048f2a989bd81908384386871c0ae,2024-09,South Wales Police,South Wales Police,-3.158641,51.480672,On or near Cumrae Street,W01001874,Cardiff 038D,Violence and sexual offences,Unable to prosecute suspect,
da730ac69884cccd282073ef7738d9559e094357e8500af9117b377d070889a5,2024-09,South Wales Police,South Wales Police,-3.159911,51.480210,On or near Adamsdown Place,W01001874,Cardiff 038D,Violence and sexual offences,Unable to prosecute suspect,
a72dc59772193114597bf280d7b8c0cabec2371ee7022acab513769979508800,2024-09,South Wales Police,South Wales Police,-3.158013,51.480318,On or near Neilson Close,W01001874,Cardiff 038D,Violence and sexual offences,Unable to prosecute suspect,
249e2bdf95d48cbff5fdfdc77a82087d939e4c6130203d22fc7291938ddbe543,2024-09,South Wales Police,South Wales Police,-3.157197,51.474814,On or near Collivaud Place,W01001874,Cardiff 038D,Violence and sexual offences,Under investigation,
5452ae6af31c91f10ddbba761c7960c695d96a53cc6ce914ae3c20884ba4404e,2024-09,South Wales Police,South Wales Police,-3.158675,51.479170,On or near Sapele Drive,W01001874,Cardiff 038D,Violence and sexual offences,Unable to prosecute suspect,
dcda8f57b1fca7e2f38b0080e6faf2a53e87f81b827ab848149358240f520060,2024-09,South Wales Police,South Wales Police,-3.155746,51.481213,On or near Howard Street,W01001874,Cardiff 038D,Violence and sexual offences,Unable to prosecute suspect,
b2bbf9215b6a4e36e7c33ee4ff512bfdd357af35e93afe2bb25d81ce6bf11b94,2024-09,South Wales Police,South Wales Police,-3.158013,51.480318,On or near Neilson Close,W01001874,Cardiff 038D,Violence and sexual offences,Under investigation,
48fd00318a4d0ac310d516978c9d696819cfbf5756862dfa213c8999aee5d38c,2024-09,South Wales Police,South Wales Police,-3.155746,51.481213,On or near Howard Street,W01001874,Cardiff 038D,Violence and sexual offences,Under investigation,
12510379e3f42043d3d176d3f02a406f8f8028fdaa9f33d10506a5b2c3e4d3e0,2024-09,South Wales Police,South Wales Police,-3.157886,51.477568,On or near Keen Road,W01001874,Cardiff 038D,Other crime,Under investigation,
ddabb83fabc04157df8aa0b28726b8ccbd45750e84283aa05e2cca9d988caec9,2024-09,South Wales Police,South Wales Police,-3.155746,51.481213,On or near Howard Street,W01001874,Cardiff 038D,Other crime,Unable to prosecute suspect,
,2024-09,South Wales Police,South Wales Police,-3.243908,51.481174,On or near Ty-Cefn Road,W01001737,Cardiff 039A,Anti-social behaviour,,
,2024-09,South Wales Police,South Wales Police,-3.243677,51.480097,On or near Teifi Place,W01001737,Cardiff 039A,Anti-social behaviour,,
,2024-09,South Wales Police,South Wales Police,-3.243215,51.483762,On or near Plymouth Wood Road,W01001737,Cardiff 039A,Anti-social behaviour,,
,2024-09,South Wales Police,South Wales Police,-3.243677,51.480097,On or near Teifi Place,W01001737,Cardiff 039A,Anti-social behaviour,,
,2024-09,South Wales Police,South Wales Police,-3.245789,51.482557,On or near Archer Crescent,W01001737,Cardiff 039A,Anti-social behaviour,,
,2024-09,South Wales Police,South Wales Police,-3.242449,51.483159,On or near Plymouth Wood Close,W01001737,Cardiff 039A,Anti-social behaviour,,
7aac5314b4ae8921cbc5ae69d03765aaead1ca0f26f306ec0acc46a7f2164071,2024-09,South Wales Police,South Wales Police,-3.244033,51.482611,On or near Charteris Road,W01001737,Cardiff 039A,Burglary,Investigation complete; no suspect identified,
9974cc8f479398ef51f555da58a8f40d276a32b4106de08354a809c3dd196319,2024-09,South Wales Police,South Wales Police,-3.243908,51.481174,On or near Ty-Cefn Road,W01001737,Cardiff 039A,Criminal damage and arson,Investigation complete; no suspect identified,
b4b9e0d1fc2be46cfbea30fa973f1eeb7292455bb1b4869de1f2e5520b5382fe,2024-09,South Wales Police,South Wales Police,-3.247777,51.482598,On or near Archer Place,W01001737,Cardiff 039A,Other theft,Unable to prosecute suspect,
d04f41d3d4bea0dd7cb1eeebfd79bfdb44c270bd9850e61354213c642d3a5cb8,2024-09,South Wales Police,South Wales Police,-3.243215,51.483762,On or near Plymouth Wood Road,W01001737,Cardiff 039A,Other theft,Unable to prosecute suspect,
fc4ddef1a98a09ac631f0db4eb4dbfbe9b29603d2ae7ce3060ff8e3eacfbe7b5,2024-09,South Wales Police,South Wales Police,-3.243908,51.481174,On or near Ty-Cefn Road,W01001737,Cardiff 039A,Shoplifting,Investigation complete; no suspect identified,
df85a55b15c6801d74f32ade6ca61a231cf894f50bfe99ef641d1ac58c6e6eb7,2024-09,South Wales Police,South Wales Police,-3.243908,51.481174,On or near Ty-Cefn Road,W01001737,Cardiff 039A,Shoplifting,Investigation complete; no suspect identified,
881534107bd028cae1795c235ee8bdf619885b29600568a90cc50fb11fdcd227,2024-09,South Wales Police,South Wales Police,-3.243215,51.483762,On or near Plymouth Wood Road,W01001737,Cardiff 039A,Vehicle crime,Investigation complete; no suspect identified,
68e3c4c3f7840b172845ff1ab5acab17ed87df66c8311a76e602ad03681e6a5c,2024-09,South Wales Police,South Wales Police,-3.243677,51.480097,On or near Teifi Place,W01001737,Cardiff 039A,Violence and sexual offences,Under investigation,
6368213357ebef4c6eb4587f6d1a0424ba916dcf4af2207c349210c40b26ea25,2024-09,South Wales Police,South Wales Police,-3.242449,51.483159,On or near Plymouth Wood Close,W01001737,Cardiff 039A,Violence and sexual offences,Under investigation,
f73ed27686587353e901da3cf1483db0be03a44765992454a681405b4691ee80,2024-09,South Wales Police,South Wales Police,-3.243677,51.480097,On or near Teifi Place,W01001737,Cardiff 039A,Violence and sexual offences,Under investigation,
e1e906d6c84b1f1df5b6b70b9273e6221ac233f56664b936d7e82ffb1de74c87,2024-09,South Wales Police,South Wales Police,-3.243215,51.483762,On or near Plymouth Wood Road,W01001737,Cardiff 039A,Violence and sexual offences,Unable to prosecute suspect,
05066df28ae97fc07675df61dc4d2175c9e3975b49c08c57cc387f5d34fce33a,2024-09,South Wales Police,South Wales Police,-3.260356,51.477599,On or near Snowden Road,W01001738,Cardiff 039B,Criminal damage and arson,Under investigation,
0a2ffcc429bb87a8ec764aa666818a3182b18297178f435c8f1274bdf50d0d9e,2024-09,South Wales Police,South Wales Police,-3.258387,51.478268,On or near Jackson Road,W01001738,Cardiff 039B,Criminal damage and arson,Investigation complete; no suspect identified,
5f24aee1e8df6c0657487a6b369395add8f35614b9b6a938e4f7ff5ffebaa6f4,2024-09,South Wales Police,South Wales Police,-3.258387,51.478268,On or near Jackson Road,W01001738,Cardiff 039B,Violence and sexual offences,Awaiting court outcome,
de155b45d9a9a3c21bc62088ce4a086e8d772bb99ea3621662dd72d47dda6824,2024-09,South Wales Police,South Wales Police,-3.255033,51.483555,On or near Llewellyn Avenue,W01001738,Cardiff 039B,Violence and sexual offences,Unable to prosecute suspect,
,2024-09,South Wales Police,South Wales Police,-3.244727,51.482181,On or near Charteris Crescent,W01001739,Cardiff 039C,Anti-social behaviour,,
46458ca1373666b6904cac37cb904f740147352c0f6bfb26148e3a2b7ccd30e5,2024-09,South Wales Police,South Wales Police,-3.246634,51.480821,On or near Red House Place,W01001739,Cardiff 039C,Criminal damage and arson,Unable to prosecute suspect,
27f09278de40e9de723b67a5f6726ab7c8af5b77566895f03d6338aa44b34324,2024-09,South Wales Police,South Wales Police,-3.252520,51.480147,On or near Hiles Road,W01001739,Cardiff 039C,Criminal damage and arson,Unable to prosecute suspect,
b1120cb142fa5caf6dbe425dd2518bf23700a1cb4596d6c266237d4913944424,2024-09,South Wales Police,South Wales Police,-3.249914,51.480175,On or near Ty-Coch Road,W01001739,Cardiff 039C,Drugs,Under investigation,
e86e33096d6f41ddbc4cc3759440ab0d4c49555faebc4c7b97d4f17b29f00cf2,2024-09,South Wales Police,South Wales Police,-3.244727,51.482181,On or near Charteris Crescent,W01001739,Cardiff 039C,Public order,Investigation complete; no suspect identified,
dfbb5ba00457076626a300e2cb0ceb4458414004064efe8d48566351744fc13b,2024-09,South Wales Police,South Wales Police,-3.244727,51.482181,On or near Charteris Crescent,W01001739,Cardiff 039C,Violence and sexual offences,Unable to prosecute suspect,
105c1ab197050c3675ffe43450bb35aac90896e03468dc1570bdfa945454e40f,2024-09,South Wales Police,South Wales Police,-3.252520,51.480147,On or near Hiles Road,W01001739,Cardiff 039C,Violence and sexual offences,Unable to prosecute suspect,
417ccf498e29ab390d0d59f8f11c3f1f5ffcc22fe74f0a1ff4c59d9922464f3c,2024-09,South Wales Police,South Wales Police,-3.252520,51.480147,On or near Hiles Road,W01001739,Cardiff 039C,Violence and sexual offences,Unable to prosecute suspect,
d38c8277a1b3b91cb0a2678d0581149853ebe6caf15d97b0f68dfd7cd192d2ae,2024-09,South Wales Police,South Wales Police,-3.249914,51.480175,On or near Ty-Coch Road,W01001739,Cardiff 039C,Violence and sexual offences,Unable to prosecute suspect,
,2024-09,South Wales Police,South Wales Police,-3.241996,51.480259,On or near Cymric Close,W01001740,Cardiff 039D,Anti-social behaviour,,
,2024-09,South Wales Police,South Wales Police,-3.241996,51.480259,On or near Cymric Close,W01001740,Cardiff 039D,Anti-social behaviour,,
,2024-09,South Wales Police,South Wales Police,-3.241996,51.480259,On or near Cymric Close,W01001740,Cardiff 039D,Anti-social behaviour,,
,2024-09,South Wales Police,South Wales Police,-3.241996,51.480259,On or near Cymric Close,W01001740,Cardiff 039D,Anti-social behaviour,,
,2024-09,South Wales Police,South Wales Police,-3.241996,51.480259,On or near Cymric Close,W01001740,Cardiff 039D,Anti-social behaviour,,
,2024-09,South Wales Police,South Wales Police,-3.241996,51.480259,On or near Cymric Close,W01001740,Cardiff 039D,Anti-social behaviour,,
,2024-09,South Wales Police,South Wales Police,-3.241996,51.480259,On or near Cymric Close,W01001740,Cardiff 039D,Anti-social behaviour,,
b4199bb955a1f5e35804e31a8480f9379487662b209ec4f30536aa56078df035,2024-09,South Wales Police,South Wales Police,-3.247795,51.477967,On or near Gough Road,W01001740,Cardiff 039D,Criminal damage and arson,Under investigation,
7848bd4c525a00a71f7429cbaff5e3d97462087410c24a249909c5de57040d73,2024-09,South Wales Police,South Wales Police,-3.241996,51.480259,On or near Cymric Close,W01001740,Cardiff 039D,Criminal damage and arson,Investigation complete; no suspect identified,
8f9075f4c3af1a4e7148df72984f4cedd406d06910ded931ab9e68000c279961,2024-09,South Wales Police,South Wales Police,-3.247795,51.477967,On or near Gough Road,W01001740,Cardiff 039D,Criminal damage and arson,Investigation complete; no suspect identified,
502e89b267c458c1b70f0e2382ea55e2e1f6e0ebd14ffaad56d793a4e4586e25,2024-09,South Wales Police,South Wales Police,-3.249044,51.476785,On or near Addison Crescent,W01001740,Cardiff 039D,Public order,Investigation complete; no suspect identified,
e385f65706564e1240c2badf674e5471d1121bbd2c5ac5a707b6d32ec3704f0e,2024-09,South Wales Police,South Wales Police,-3.248840,51.477767,On or near Crossways Road,W01001740,Cardiff 039D,Violence and sexual offences,Unable to prosecute suspect,
6e072ed29ce079b247aef83c0c0acfbde7497fb35f0f50bdfd3a3823fd6696c4,2024-09,South Wales Police,South Wales Police,-3.245385,51.478847,On or near Fonmon Crescent,W01001740,Cardiff 039D,Violence and sexual offences,Unable to prosecute suspect,
e4fede4503d9ef3b4c86313955c2f10230790d32205851485e85cdbe62f654c1,2024-09,South Wales Police,South Wales Police,-3.247795,51.477967,On or near Gough Road,W01001740,Cardiff 039D,Violence and sexual offences,Investigation complete; no suspect identified,
7ff54e2dafe31cbb3f19562e9f2061563ffb985c977ecc29aaf539b15468623f,2024-09,South Wales Police,South Wales Police,-3.241996,51.480259,On or near Cymric Close,W01001740,Cardiff 039D,Violence and sexual offences,Unable to prosecute suspect,
8c620c994aafbae45d591ba7adeba0078b140e2d3894dcd0753a1482bbea3a97,2024-09,South Wales Police,South Wales Police,-3.249044,51.476785,On or near Addison Crescent,W01001740,Cardiff 039D,Violence and sexual offences,Unable to prosecute suspect,
ce1dd650cff29f7f10aec47d81b7d44973e46ca1cf498506d5f9f900a8e40194,2024-09,South Wales Police,South Wales Police,-3.252014,51.477464,On or near Highbury Road,W01001741,Cardiff 039E,Violence and sexual offences,Unable to prosecute suspect,
db76270b464a0f9393ec4c85aa773e8877440e3efc24ff038a3c6e9dfc65af4e,2024-09,South Wales Police,South Wales Police,-3.258295,51.477558,On or near Kenwood Road,W01001741,Cardiff 039E,Violence and sexual offences,Under investigation,
74f2c8c277428bddcdd4a9853c99419a92a791d10d05d231c3bad38219e33734,2024-09,South Wales Police,South Wales Police,-3.258034,51.476941,On or near Sevenoaks Road,W01001741,Cardiff 039E,Violence and sexual offences,Unable to prosecute suspect,
da167d357113b37b5f8f071762cde72ab0ff5ad2ac8065af370548517ef14fca,2024-09,South Wales Police,South Wales Police,-3.258295,51.477558,On or near Kenwood Road,W01001741,Cardiff 039E,Violence and sexual offences,Unable to prosecute suspect,
b045e734d91622025a3e7fda1646a7a1c831075e6526e2160a491004a72869a7,2024-09,South Wales Police,South Wales Police,-3.258034,51.476941,On or near Sevenoaks Road,W01001741,Cardiff 039E,Violence and sexual offences,Unable to prosecute suspect,
0dc153f2e57e80f2a7ceabd693d538155f646ecbe1315bb8375d12a2797b522f,2024-09,South Wales Police,South Wales Police,-3.255761,51.479141,On or near Courtis Road,W01001741,Cardiff 039E,Violence and sexual offences,Awaiting court outcome,
7961df8806b9abd1dacae02bfa48c9b35a11ba55da4378a1a408a3a548304209,2024-09,South Wales Police,South Wales Police,-3.255430,51.480727,On or near Stanway Place,W01001741,Cardiff 039E,Violence and sexual offences,Unable to prosecute suspect,
c4461a5c681d83d21165b8f600def0a84a16cb479ee7ead4cd8216ebb2cfc8e0,2024-09,South Wales Police,South Wales Police,-3.258295,51.477558,On or near Kenwood Road,W01001741,Cardiff 039E,Violence and sexual offences,Under investigation,
6602f178b7f8e21201e09e2050054db58f8e69f0ca4a9c66112b3bba9e39c5ae,2024-09,South Wales Police,South Wales Police,-3.254007,51.479250,On or near Moore Close,W01001741,Cardiff 039E,Violence and sexual offences,Unable to prosecute suspect,
73dcc70eadb81db78a8091d6b735a8cc905b8b7beac8f7b4df33395b7dc44cf0,2024-09,South Wales Police,South Wales Police,-3.254007,51.479250,On or near Moore Close,W01001741,Cardiff 039E,Violence and sexual offences,Unable to prosecute suspect,
76f81745b1512cdfc737f4212f5bb2efc4a3cc3f919cce247ec0ed76b579610b,2024-09,South Wales Police,South Wales Police,-3.255761,51.479141,On or near Courtis Road,W01001741,Cardiff 039E,Violence and sexual offences,Unable to prosecute suspect,
,2024-09,South Wales Police,South Wales Police,-3.207124,51.482134,On or near Cowbridge Road East,W01001710,Cardiff 040B,Anti-social behaviour,,
b4a8664d315773401143e4f83f157be9039700fbbec8b37d1d9ec4df9bf0b2bf,2024-09,South Wales Police,South Wales Police,-3.210593,51.482071,On or near Tintern Street,W01001710,Cardiff 040B,Burglary,Investigation complete; no suspect identified,
3d081e4be2dd4e4e78214bd596bcd78e8679feb6dbf79f89067cd9300e68fbcf,2024-09,South Wales Police,South Wales Police,-3.208986,51.481215,On or near York Street,W01001710,Cardiff 040B,Burglary,Investigation complete; no suspect identified,
ba8c953703a4a298bdd53fec837ea7e5c5a769abd42308fe1fe61c4aee33b52c,2024-09,South Wales Police,South Wales Police,-3.208190,51.479983,On or near Northumberland Street,W01001710,Cardiff 040B,Criminal damage and arson,Investigation complete; no suspect identified,
362c2e2e25f57b6e36a6c9e3906e3be017ab24e0890af7138430c1f654ee7949,2024-09,South Wales Police,South Wales Police,-3.207124,51.482134,On or near Cowbridge Road East,W01001710,Cardiff 040B,Public order,Unable to prosecute suspect,
3befe44eff0b245469361b0d179b6ea7e246b833be08668c2658601bdb085996,2024-09,South Wales Police,South Wales Police,-3.208362,51.482643,On or near Cwrt Y Bragdy,W01001710,Cardiff 040B,Shoplifting,Investigation complete; no suspect identified,
4c477e2fe9c906fdc0da581f6a11b8b223d406cc17b01319f10d4330852d7874,2024-09,South Wales Police,South Wales Police,-3.208362,51.482643,On or near Cwrt Y Bragdy,W01001710,Cardiff 040B,Shoplifting,Investigation complete; no suspect identified,
e2b54b2ad66e38609fae9541669abdee8d60183fca08294451977c1e030e9090,2024-09,South Wales Police,South Wales Police,-3.208362,51.482643,On or near Cwrt Y Bragdy,W01001710,Cardiff 040B,Shoplifting,Investigation complete; no suspect identified,
807a0a482fdeb5a14c044c7c25156b704b01027334d516c21ff0699f73ee14a6,2024-09,South Wales Police,South Wales Police,-3.208362,51.482643,On or near Cwrt Y Bragdy,W01001710,Cardiff 040B,Shoplifting,Investigation complete; no suspect identified,
063ff4125174a7bc24dfe3963808c0c18efeff591df314deef40add706b3815b,2024-09,South Wales Police,South Wales Police,-3.208362,51.482643,On or near Cwrt Y Bragdy,W01001710,Cardiff 040B,Shoplifting,Investigation complete; no suspect identified,
1adfe964e2758d0216305ccd0420915307cea9246a348b5c3ccfd33c00313e29,2024-09,South Wales Police,South Wales Police,-3.208362,51.482643,On or near Cwrt Y Bragdy,W01001710,Cardiff 040B,Shoplifting,Investigation complete; no suspect identified,
b506298c38c886b0c73fc431c26e14aca1d889b351543a2649a7ed2ae734d042,2024-09,South Wales Police,South Wales Police,-3.208986,51.481215,On or near York Street,W01001710,Cardiff 040B,Vehicle crime,Investigation complete; no suspect identified,
d731f4429bb01d21e4625e2bb0afc9b0b3ecf1e8927f6ed4edaec688e78b0cac,2024-09,South Wales Police,South Wales Police,-3.210593,51.482071,On or near Tintern Street,W01001710,Cardiff 040B,Vehicle crime,Investigation complete; no suspect identified,
f4f7d528eed24420b4c1dfdb78a4d363852cd3fd7ebfe18df0dc6d7fd386c7a0,2024-09,South Wales Police,South Wales Police,-3.210593,51.482071,On or near Tintern Street,W01001710,Cardiff 040B,Vehicle crime,Investigation complete; no suspect identified,
d9f3488dee6db65395cc3dd7e2445996da91aa42be32153bf5990dd335c4accb,2024-09,South Wales Police,South Wales Police,-3.207124,51.482134,On or near Cowbridge Road East,W01001710,Cardiff 040B,Violence and sexual offences,Unable to prosecute suspect,
67a0641b3638c654fde7dc82775e39aaa5532817d988e3e586723000776e3f2f,2024-09,South Wales Police,South Wales Police,-3.208362,51.482643,On or near Cwrt Y Bragdy,W01001710,Cardiff 040B,Violence and sexual offences,Unable to prosecute suspect,
f583e434b3f12115b38462eb202383670173b84126c6f3583d372808c47333de,2024-09,South Wales Police,South Wales Police,-3.207124,51.482134,On or near Cowbridge Road East,W01001710,Cardiff 040B,Violence and sexual offences,Unable to prosecute suspect,
5fb7e27a114a2bc9fed6c6abc5c2cb1d88003b8f7101bbc7811af3211c7ffd5e,2024-09,South Wales Police,South Wales Police,-3.209965,51.481205,On or near Wembley Road,W01001710,Cardiff 040B,Violence and sexual offences,Under investigation,
5b3844b70a7233e827811b5a29915fa9b7d705d3b796770624854c32656b63c9,2024-09,South Wales Police,South Wales Police,-3.207288,51.483975,On or near Cardigan Street,W01001710,Cardiff 040B,Violence and sexual offences,Under investigation,
492ec310edf9169e54cfe3715e1e4cb457dfde9b6d9d81bcc1d7cc597cf1b81b,2024-09,South Wales Police,South Wales Police,-3.207124,51.482134,On or near Cowbridge Road East,W01001710,Cardiff 040B,Violence and sexual offences,Unable to prosecute suspect,
,2024-09,South Wales Police,South Wales Police,-3.206334,51.474040,On or near Leckwith Road,W01001711,Cardiff 040C,Anti-social behaviour,,
,2024-09,South Wales Police,South Wales Police,-3.203730,51.477394,On or near Leckwith Avenue,W01001711,Cardiff 040C,Anti-social behaviour,,
,2024-09,South Wales Police,South Wales Police,-3.200561,51.472920,On or near Bus/Coach Station,W01001711,Cardiff 040C,Anti-social behaviour,,
697b419ee84d7987543bd57da33b0bfb0ee7fa5f7d23745b78c0b3ea2812f0bf,2024-09,South Wales Police,South Wales Police,-3.206334,51.474040,On or near Leckwith Road,W01001711,Cardiff 040C,Burglary,Investigation complete; no suspect identified,
234543699f30ab55af4259b8ee9ab6d9d7dc1e42f6e553e498266164d94ebfd2,2024-09,South Wales Police,South Wales Police,-3.206334,51.474040,On or near Leckwith Road,W01001711,Cardiff 040C,Criminal damage and arson,Investigation complete; no suspect identified,
c8f08cc357077fbebc2db839d9630fefe49311a16d2dfcfe7519a7e5dab1b027,2024-09,South Wales Police,South Wales Police,-3.200561,51.472920,On or near Bus/Coach Station,W01001711,Cardiff 040C,Public order,Under investigation,
58860df0a5286346fa73fd87737d55f00efd90dfaea198175027caed836f5f8c,2024-09,South Wales Police,South Wales Police,-3.206334,51.474040,On or near Leckwith Road,W01001711,Cardiff 040C,Public order,Unable to prosecute suspect,
f6c6c303bd82f066f032ed0051dbbf59cde619117d851050145a4f4c6ed01b8b,2024-09,South Wales Police,South Wales Police,-3.206334,51.474040,On or near Leckwith Road,W01001711,Cardiff 040C,Public order,Investigation complete; no suspect identified,
7bddb79b6d8faff9ef012e1b07609bcc891604feebd35cc37074ad751e1a77eb,2024-09,South Wales Police,South Wales Police,-3.206334,51.474040,On or near Leckwith Road,W01001711,Cardiff 040C,Robbery,Investigation complete; no suspect identified,
3fee2b903618599b44005b3a6668682a42088f031daa407b83e05a6393aa1e52,2024-09,South Wales Police,South Wales Police,-3.206334,51.474040,On or near Leckwith Road,W01001711,Cardiff 040C,Shoplifting,Unable to prosecute suspect,
94da025367b71a95113d0aaf9865b86c12f36e1e7b9b4925b51b190b0bfbcff4,2024-09,South Wales Police,South Wales Police,-3.206334,51.474040,On or near Leckwith Road,W01001711,Cardiff 040C,Shoplifting,Awaiting court outcome,
07ecbf34297eb21f850d1d7c7543c80863bd21097516e604b8cf9563e9952d34,2024-09,South Wales Police,South Wales Police,-3.206334,51.474040,On or near Leckwith Road,W01001711,Cardiff 040C,Shoplifting,Unable to prosecute suspect,
55e605ba46822a0236a4f83a61981bc47f9e606779b77fad649eab743f1f3d49,2024-09,South Wales Police,South Wales Police,-3.206334,51.474040,On or near Leckwith Road,W01001711,Cardiff 040C,Shoplifting,Investigation complete; no suspect identified,
e52b6879dcd9c9b8b46c61236b278062dba44487e03ad691ef24b7bd3c5299dc,2024-09,South Wales Police,South Wales Police,-3.200561,51.472920,On or near Bus/Coach Station,W01001711,Cardiff 040C,Shoplifting,Unable to prosecute suspect,
db1a46011768977cc5a59cc948ccb387e1d677ec9cab044d4b9e5eeb4c3f9f19,2024-09,South Wales Police,South Wales Police,-3.200062,51.474797,On or near Bartley Wilson Way,W01001711,Cardiff 040C,Vehicle crime,Investigation complete; no suspect identified,
143ddd844539b7613f39df902a39b035361ce7c0dce37ccfdfc031989eb726a3,2024-09,South Wales Police,South Wales Police,-3.209038,51.475532,On or near Lawrenny Avenue,W01001711,Cardiff 040C,Violence and sexual offences,Unable to prosecute suspect,
6941b57164cde68aac279a8e2fbabb27b4174806f47449479c0784b0bb19bb72,2024-09,South Wales Police,South Wales Police,-3.206838,51.476742,On or near Broadstairs Road,W01001711,Cardiff 040C,Violence and sexual offences,Unable to prosecute suspect,
738a74f31d997c4d22c5dccd34fe8256e4ad29a223f45514b22bdf3e209c3496,2024-09,South Wales Police,South Wales Police,-3.205080,51.477263,On or near Broad Place,W01001711,Cardiff 040C,Violence and sexual offences,Investigation complete; no suspect identified,
ea8b41dffcb95c3c085f25cceabef4154348bd462a5ebea6637e3a286a4ec0d6,2024-09,South Wales Police,South Wales Police,-3.197735,51.473913,On or near St Donats Road,W01001711,Cardiff 040C,Violence and sexual offences,Unable to prosecute suspect,
fa2b3f7df7b179283f0e67189b18cdf542dda64b4a49bdef206524d41fff7398,2024-09,South Wales Police,South Wales Police,-3.205080,51.477263,On or near Broad Place,W01001711,Cardiff 040C,Violence and sexual offences,Unable to prosecute suspect,
6e8e49336384312a3977a2e4df2b0198814e05a6b6a9535d056f5b151e361caa,2024-09,South Wales Police,South Wales Police,-3.214046,51.475453,On or near Sports/Recreation Area,W01001711,Cardiff 040C,Violence and sexual offences,Unable to prosecute suspect,
01ec05ed132902f59033adc2a9479c92a5ac67377dc7643cd81e6aba1f6fcfb6,2024-09,South Wales Police,South Wales Police,-3.205272,51.475778,On or near Sudcroft Street,W01001711,Cardiff 040C,Other crime,Under investigation,
28e2fbe074a08bd58e64037a46b3d4f1dc1fc5a59f6013e6cc86e2cd61ac9b74,2024-09,South Wales Police,South Wales Police,-3.203983,51.482616,On or near Market Road,W01001712,Cardiff 040D,Bicycle theft,Investigation complete; no suspect identified,
7cc376c749d3813f1874538db244e97459c2c02e53f5f4e90cc27e8308cb3c0d,2024-09,South Wales Police,South Wales Police,-3.203983,51.482616,On or near Market Road,W01001712,Cardiff 040D,Burglary,Awaiting court outcome,
4d56495028b09c243d1479265924bce57068d2acf1f2ff9cc26f8448ed2bf6e7,2024-09,South Wales Police,South Wales Police,-3.208931,51.483464,On or near Brecon Street,W01001712,Cardiff 040D,Burglary,Awaiting court outcome,
db8928ed39fe4254866e7340e613a205af11425115981bb12637f81fd3b6e264,2024-09,South Wales Police,South Wales Police,-3.208931,51.483464,On or near Brecon Street,W01001712,Cardiff 040D,Other theft,Investigation complete; no suspect identified,
bc509cfe6e87de03d92b04db0adab5ee8ba422af1f217c8d0d25f047108e783b,2024-09,South Wales Police,South Wales Police,-3.203065,51.482229,On or near Library Street,W01001712,Cardiff 040D,Public order,Investigation complete; no suspect identified,
542fc30a6d42d56ad92de3acae15605441edd6a714023487ace5baa026508d07,2024-09,South Wales Police,South Wales Police,-3.206127,51.484203,On or near Parry Street,W01001712,Cardiff 040D,Vehicle crime,Investigation complete; no suspect identified,
d955a815dbb88a75f6957ece269169d4040628d2bb3f9c84a12c65d34c42c1e8,2024-09,South Wales Police,South Wales Police,-3.203065,51.482229,On or near Library Street,W01001712,Cardiff 040D,Vehicle crime,Investigation complete; no suspect identified,
4b8fdda5fbebff900b50fc699ba35ca5127279c2f65bfb773c8a4b5c6ad88417,2024-09,South Wales Police,South Wales Police,-3.208137,51.483418,On or near Radnor Road,W01001712,Cardiff 040D,Vehicle crime,Investigation complete; no suspect identified,
a2b92f5fb55cbe30b5523a917bfa1ee9b32c54d8e0f2ae04a67ce7b82f65ca48,2024-09,South Wales Police,South Wales Police,-3.203065,51.482229,On or near Library Street,W01001712,Cardiff 040D,Violence and sexual offences,Unable to prosecute suspect,
8da345358448e5ae927ebf22a2da276191c48af32d7c9678afb341c65e4c8dcb,2024-09,South Wales Police,South Wales Police,-3.203164,51.482687,On or near Market Place,W01001712,Cardiff 040D,Violence and sexual offences,Unable to prosecute suspect,
,2024-09,South Wales Police,South Wales Police,-3.204243,51.478836,On or near Bassett Street,W01001713,Cardiff 040E,Anti-social behaviour,,
,2024-09,South Wales Police,South Wales Police,-3.202792,51.478393,On or near Foundry Close,W01001713,Cardiff 040E,Anti-social behaviour,,
f1e3c01141c090d3a0f1670215fe99f4c29af84356c0ab6ff4bd329c6a6a6cfa,2024-09,South Wales Police,South Wales Police,-3.204533,51.479463,On or near Westmoreland Street,W01001713,Cardiff 040E,Burglary,Investigation complete; no suspect identified,
3d463ed25abcca2dcdc59b1a9b55fb296dd68506425081763d08ec71499b76dd,2024-09,South Wales Police,South Wales Police,-3.204533,51.479463,On or near Westmoreland Street,W01001713,Cardiff 040E,Burglary,Investigation complete; no suspect identified,
c7217332657dd0126f02208fc6b94077124fc8d568aeb7626fab531ed682c9be,2024-09,South Wales Police,South Wales Police,-3.203105,51.479891,On or near Denton Road,W01001713,Cardiff 040E,Burglary,Investigation complete; no suspect identified,
d1197314e877aa8f6b5503f3c284211429202b76c4d20e69f1af9dfb3fd3aaa2,2024-09,South Wales Police,South Wales Police,-3.203105,51.479891,On or near Denton Road,W01001713,Cardiff 040E,Criminal damage and arson,Investigation complete; no suspect identified,
bfb1b775bb93d2363b8c936b71527bc7b8dff42cf0add68f8edf0bf6696778dd,2024-09,South Wales Police,South Wales Police,-3.201206,51.479416,On or near Anstee Court,W01001713,Cardiff 040E,Criminal damage and arson,Investigation complete; no suspect identified,
2ca43b8b8515a037069622fe719a3465fe847448c91d0b4361cd78cc7a79059b,2024-09,South Wales Police,South Wales Police,-3.202308,51.478056,On or near Leckwith Place,W01001713,Cardiff 040E,Criminal damage and arson,Unable to prosecute suspect,
4484558ffa568f606119c015c31774e553ef1f6340e7aad674da385763a3c7f3,2024-09,South Wales Police,South Wales Police,-3.204446,51.479967,On or near Cumberland Street,W01001713,Cardiff 040E,Possession of weapons,Unable to prosecute suspect,
6c4e3290fc7146abe74b27f2271a16a7ddadf0fc36c1fec00cfcc1077986965a,2024-09,South Wales Police,South Wales Police,-3.205177,51.481470,On or near Supermarket,W01001713,Cardiff 040E,Public order,Investigation complete; no suspect identified,
491d775f8d27efb4fdb19e995bb3f6ea270371951f2ec6ebb41c31e1e9019d06,2024-09,South Wales Police,South Wales Police,-3.202308,51.478056,On or near Leckwith Place,W01001713,Cardiff 040E,Public order,Unable to prosecute suspect,
d9cf0378d1c313bc6ce035577cecbb80f72b59bf7797106d446d0258466708cd,2024-09,South Wales Police,South Wales Police,-3.203105,51.480449,On or near Eton Place,W01001713,Cardiff 040E,Vehicle crime,Investigation complete; no suspect identified,
832affb35f2a87a0bfb472ef07107df2327a9fa0af0cd7f6443113497532ed00,2024-09,South Wales Police,South Wales Police,-3.203756,51.478383,On or near Thurston Street,W01001713,Cardiff 040E,Vehicle crime,Investigation complete; no suspect identified,
967c24a7a7cfecaaddacb6ac9518dab244bf9d9416a060c782276e5470d868ae,2024-09,South Wales Police,South Wales Police,-3.203005,51.481025,On or near Penllyn Road,W01001713,Cardiff 040E,Vehicle crime,Investigation complete; no suspect identified,
2a34c4a4c4e21abd07ea20144e929ddc067c23d2199981c5478392d111335fe2,2024-09,South Wales Police,South Wales Police,-3.202792,51.478393,On or near Foundry Close,W01001713,Cardiff 040E,Vehicle crime,Investigation complete; no suspect identified,
196b715a66a272c50330f60b8e6f9b7cd724f3cafad70b925fadb2b0066f5840,2024-09,South Wales Police,South Wales Police,-3.202336,51.479153,On or near Atlas Place,W01001713,Cardiff 040E,Vehicle crime,Investigation complete; no suspect identified,
d2993c892d359e8936dbf7bc3fc9a32040324673c7145b66b24caa92b9fe5da4,2024-09,South Wales Police,South Wales Police,-3.201778,51.480363,On or near Earle Place,W01001713,Cardiff 040E,Violence and sexual offences,Under investigation,
55d6488df83d0eb9288903a96676190716d9ab0d5a5e6c66ab1160c998669cfe,2024-09,South Wales Police,South Wales Police,-3.205177,51.481470,On or near Supermarket,W01001713,Cardiff 040E,Violence and sexual offences,Unable to prosecute suspect,
58ae21e142b6049fa9afa3a47d0dd3c853e6960141c8679d3d9425a6947b5f10,2024-09,South Wales Police,South Wales Police,-3.204446,51.479967,On or near Cumberland Street,W01001713,Cardiff 040E,Other crime,Unable to prosecute suspect,
,2024-09,South Wales Police,South Wales Police,-3.223978,51.481770,On or near Rhodri Morgan Way,W01002022,Cardiff 040F,Anti-social behaviour,,
,2024-09,South Wales Police,South Wales Police,-3.218568,51.481395,On or near Hedel Road,W01002022,Cardiff 040F,Anti-social behaviour,,
78a8bae3bec29eafa665b73c1bdc9d2975d267825ec70f0f92a760fbe135b200,2024-09,South Wales Police,South Wales Police,-3.220257,51.479939,On or near Heol Y Fynachlog,W01002022,Cardiff 040F,Vehicle crime,Investigation complete; no suspect identified,
d390ba4ed12d7ee354d63ba487e6b93443e9a60e41c5e08082348304f50031cc,2024-09,South Wales Police,South Wales Police,-3.219199,51.480237,On or near Treganna Street,W01002022,Cardiff 040F,Vehicle crime,Investigation complete; no suspect identified,
1ec26949f6452fd1c2e398bd69cf1afe58750711e8ffbda471076760c3974808,2024-09,South Wales Police,South Wales Police,-3.218568,51.481395,On or near Hedel Road,W01002022,Cardiff 040F,Vehicle crime,Investigation complete; no suspect identified,
976d8693902810c2cb984f383da46e3c0b6a7fdf4b879c75eed7e26f925ddbe8,2024-09,South Wales Police,South Wales Police,-3.223978,51.481770,On or near Rhodri Morgan Way,W01002022,Cardiff 040F,Vehicle crime,Investigation complete; no suspect identified,
84ad45204d7459a24cffa496d5adbe39312d9d14aa75a1dd2fa5c01e23c69d5a,2024-09,South Wales Police,South Wales Police,-3.220257,51.479939,On or near Heol Y Fynachlog,W01002022,Cardiff 040F,Vehicle crime,Investigation complete; no suspect identified,
5f7e48f49236a4f5c26125cc8caa608c770e8099dac64cadf5c15d40a99b3776,2024-09,South Wales Police,South Wales Police,-3.223978,51.481770,On or near Rhodri Morgan Way,W01002022,Cardiff 040F,Violence and sexual offences,Unable to prosecute suspect,
042e2aec5bf4cee64447583fdd4a02c7d5b8a21ffe1b07675a24da2b10bb2c36,2024-09,South Wales Police,South Wales Police,-3.223978,51.481770,On or near Rhodri Morgan Way,W01002022,Cardiff 040F,Violence and sexual offences,Under investigation,
1900291e437c31b984e21482f5351d4e1aa83eb632d4134c5ca683ea1f404315,2024-09,South Wales Police,South Wales Police,-3.223087,51.481285,On or near Heol Y Morfa,W01002022,Cardiff 040F,Violence and sexual offences,Under investigation,
798cf6cb5af0d405e3224401ce6ecfd493458896b8724f40255229f77980bece,2024-09,South Wales Police,South Wales Police,-3.217323,51.484420,On or near Victoria Park Road East,W01002023,Cardiff 040G,Criminal damage and arson,Under investigation,
bafa418ef400aa31aa58fc05086169eef31097c37101bd04fe779475e352f286,2024-09,South Wales Police,South Wales Police,-3.213494,51.478498,On or near Clos Gedrych,W01002023,Cardiff 040G,Shoplifting,Awaiting court outcome,
73e9676115c6c4c09a7fb0d774e6e0623d6c5166dc2824afee5bc6554e80aa68,2024-09,South Wales Police,South Wales Police,-3.213494,51.478498,On or near Clos Gedrych,W01002023,Cardiff 040G,Vehicle crime,Investigation complete; no suspect identified,
add61ebffc267beae09e095d8ee9bd24408ef0de0fe062dc752c37214a2dfca4,2024-09,South Wales Police,South Wales Police,-3.214740,51.482055,On or near Surrey Street,W01002023,Cardiff 040G,Vehicle crime,Investigation complete; no suspect identified,
915942444ab477bc520a3de9f793d2e5013cf54c9f5f9f42fd8544eef424b670,2024-09,South Wales Police,South Wales Police,-3.215366,51.483397,On or near Nesta Road,W01002023,Cardiff 040G,Violence and sexual offences,Unable to prosecute suspect,
99c5929bf060680c7ebd1d91dc116b96e83bbb1ccb992b9acd1f652ff3a3babf,2024-09,South Wales Police,South Wales Police,-3.215366,51.483397,On or near Nesta Road,W01002023,Cardiff 040G,Violence and sexual offences,Unable to prosecute suspect,
c9a6a3a1864843acda20123b6dddb3e32b6bdaaf5883895e1a8fdb0c3b5c95db,2024-09,South Wales Police,South Wales Police,-3.214485,51.476797,On or near Verallo Drive,W01002023,Cardiff 040G,Violence and sexual offences,Unable to prosecute suspect,
68aa7f8e540ad2f37f6248cbc42bbe1a369ec6989d15cbd71e0fa9db1ec86235,2024-09,South Wales Police,South Wales Police,-3.239788,51.473718,On or near Heol Pennar,W01001704,Cardiff 041A,Burglary,Investigation complete; no suspect identified,
5a66767636f4b70c0322f8c9a1cff9ae1f536d419c1a3f276cfdd3950954eff7,2024-09,South Wales Police,South Wales Police,-3.239999,51.476719,On or near Amroth Road,W01001704,Cardiff 041A,Burglary,Under investigation,
f30e2150fb792d164ce537b0521ab616dfbfea0826b2748dd57584df35bc6abd,2024-09,South Wales Police,South Wales Police,-3.234560,51.473674,On or near Cloister Court,W01001704,Cardiff 041A,Criminal damage and arson,Investigation complete; no suspect identified,
fd2517c6ebc569b037568f97a3ea4275a851a665a74818d578d3ddc2b874d9bb,2024-09,South Wales Police,South Wales Police,-3.239788,51.473718,On or near Heol Pennar,W01001704,Cardiff 041A,Criminal damage and arson,Investigation complete; no suspect identified,
e2d97bef19fd3ac7a05ab9aff4848250a3bb78b60b45923799e29652ab2189a7,2024-09,South Wales Police,South Wales Police,-3.239999,51.476719,On or near Amroth Road,W01001704,Cardiff 041A,Other theft,Investigation complete; no suspect identified,
6fdb946f89f8c0436b9636409560e630995d7f4d475305692672042b7d2f74e0,2024-09,South Wales Police,South Wales Police,-3.234560,51.473674,On or near Cloister Court,W01001704,Cardiff 041A,Vehicle crime,Investigation complete; no suspect identified,
0b344219ccd4df3c1c5fce65f49542186319c42ff93ff1efdb537298fbc3a097,2024-09,South Wales Police,South Wales Police,-3.240905,51.471890,On or near Canaston Place,W01001704,Cardiff 041A,Violence and sexual offences,Unable to prosecute suspect,
f3761427ee66377c16ab5a734095775555ab8dac8085ac3d0d372ecd9fe8807e,2024-09,South Wales Police,South Wales Police,-3.234684,51.473448,On or near Emblem Close,W01001704,Cardiff 041A,Violence and sexual offences,Unable to prosecute suspect,
86260ad78059471f22addfcc62a34e4714a69afdb94f04355124dbbefa970086,2024-09,South Wales Police,South Wales Police,-3.243541,51.473004,On or near Newgale Place,W01001704,Cardiff 041A,Violence and sexual offences,Unable to prosecute suspect,
8e76d43d40b02a745f6603cbefc8cc7090c5987e14b5789d6993fe99310cec05,2024-09,South Wales Police,South Wales Police,-3.240905,51.471890,On or near Canaston Place,W01001704,Cardiff 041A,Violence and sexual offences,Unable to prosecute suspect,
5cd7414368d5380c3877681df6b673617482a23748a37920bbb14f9b8cc0d537,2024-09,South Wales Police,South Wales Police,-3.238004,51.476417,On or near Bromley Drive,W01001704,Cardiff 041A,Violence and sexual offences,Investigation complete; no suspect identified,
8c6dc565b3308fdefc912e63b7dd29408200a0871d26c55a1605085b67bd449c,2024-09,South Wales Police,South Wales Police,-3.242142,51.473441,On or near Ebwy Court,W01001704,Cardiff 041A,Violence and sexual offences,Unable to prosecute suspect,
6aa2f8b61ef8d0c71ea58f1d2643410a67bacb21634082c2edeef251a621d698,2024-09,South Wales Police,South Wales Police,-3.239010,51.472611,On or near Heol Solva,W01001704,Cardiff 041A,Violence and sexual offences,Unable to prosecute suspect,
e2b4548fc8e17652a6a90972890df56f5f662bac2db8c5d31f7827d706cfe175,2024-09,South Wales Police,South Wales Police,-3.243541,51.473004,On or near Newgale Place,W01001704,Cardiff 041A,Violence and sexual offences,Unable to prosecute suspect,
ce097ebfdf9ae81115a6bd6b24598096b849dca7e9f0ec32e917cce488b65800,2024-09,South Wales Police,South Wales Police,-3.240905,51.471890,On or near Canaston Place,W01001704,Cardiff 041A,Violence and sexual offences,Unable to prosecute suspect,
14379d049fa3ca0abfe289f5a06f1a075a27a15bd07e112a29af866117770571,2024-09,South Wales Police,South Wales Police,-3.243541,51.473004,On or near Newgale Place,W01001704,Cardiff 041A,Other crime,Unable to prosecute suspect,
1e690bd08b99fad635330166b5ba89ac58fc09f8f2d71459c1815c6c6da1f6e2,2024-09,South Wales Police,South Wales Police,-3.231143,51.483664,On or near Riverside Terrace,W01001706,Cardiff 041B,Burglary,Investigation complete; no suspect identified,
35f6dde830c540126e7d93e96db83a7eab08e67d99d31cc03d50a86cd5502ddb,2024-09,South Wales Police,South Wales Police,-3.233844,51.482359,On or near Baylis Court,W01001706,Cardiff 041B,Other theft,Investigation complete; no suspect identified,
02b056ca8cc929becb118ad301b87d0f2a312c2923a38820c68888b57b3c8e8b,2024-09,South Wales Police,South Wales Police,-3.233566,51.480042,On or near Morris Finer Close,W01001706,Cardiff 041B,Public order,Investigation complete; no suspect identified,
e3b191673f86005f4d5a98eb11c91fb8c9ac78d813f31c46f17c4076a1151996,2024-09,South Wales Police,South Wales Police,-3.228950,51.478263,On or near Sports/Recreation Area,W01001706,Cardiff 041B,Public order,Investigation complete; no suspect identified,
4a1620c24a06f8b1b1e0e3810bdefafeea8546cad722395b1d83f59fd24c0745,2024-09,South Wales Police,South Wales Police,-3.231898,51.482802,On or near Clarke Street,W01001706,Cardiff 041B,Public order,Unable to prosecute suspect,
c0c5db382fe0465e134dc68ab51874e9c2cf99923f0f1e21608de78dd44f0325,2024-09,South Wales Police,South Wales Police,-3.231143,51.483664,On or near Riverside Terrace,W01001706,Cardiff 041B,Public order,Awaiting court outcome,
9b68475300750f63c744b44276d3235db1fa3627b04eb5f324fdb76f18e2dd23,2024-09,South Wales Police,South Wales Police,-3.229610,51.483411,On or near Robert Street,W01001706,Cardiff 041B,Vehicle crime,Investigation complete; no suspect identified,
aca2bfdd409786cea2d7d53f4036901f92b917f6e598cbc336cf00e39a103bf0,2024-09,South Wales Police,South Wales Police,-3.231898,51.482802,On or near Clarke Street,W01001706,Cardiff 041B,Violence and sexual offences,Unable to prosecute suspect,
f4e8f11c32b20e7afe8b12e2dd7154d725f391984cae609e88423c25a5c00830,2024-09,South Wales Police,South Wales Police,-3.231898,51.482802,On or near Clarke Street,W01001706,Cardiff 041B,Violence and sexual offences,Unable to prosecute suspect,
b89ecbb0910eb2890da5ab4823480ab8faa63a72dba0fe6eb2bb0f35c13e2947,2024-09,South Wales Police,South Wales Police,-3.231143,51.483664,On or near Riverside Terrace,W01001706,Cardiff 041B,Violence and sexual offences,Unable to prosecute suspect,
a7b59340521d5a09f315150a88d39159488310800a6193502e94c67237814837,2024-09,South Wales Police,South Wales Police,-3.230691,51.482374,On or near Greencroft Avenue,W01001706,Cardiff 041B,Violence and sexual offences,Unable to prosecute suspect,
6249823166bce32de5fbd7c6d9e22c02b1f0b96f723cb5ccd32510d83e6a60cd,2024-09,South Wales Police,South Wales Police,-3.231143,51.483664,On or near Riverside Terrace,W01001706,Cardiff 041B,Violence and sexual offences,Unable to prosecute suspect,
73789efd1dd338a5fce2656a4987a79c2133b7990dca92d24f29d74893419296,2024-09,South Wales Police,South Wales Police,-3.228849,51.481342,On or near Dyfrig Close,W01001706,Cardiff 041B,Violence and sexual offences,Unable to prosecute suspect,
d6ea21091fd42240bf33fb1b453a3fa12e4af3f5ab34c6f3022f6c432d7159b7,2024-09,South Wales Police,South Wales Police,-3.231143,51.483664,On or near Riverside Terrace,W01001706,Cardiff 041B,Other crime,Awaiting court outcome,
,2024-09,South Wales Police,South Wales Police,-3.234923,51.474831,On or near Dew Crescent,W01001707,Cardiff 041C,Anti-social behaviour,,
,2024-09,South Wales Police,South Wales Police,-3.237502,51.480217,On or near Supermarket,W01001707,Cardiff 041C,Anti-social behaviour,,
bbf4eecf5cc5dffbb6f618527cc0eb91da7ba0f8bcf3cce76e770e76d8b4f716,2024-09,South Wales Police,South Wales Police,-3.235905,51.477086,On or near Old School Road,W01001707,Cardiff 041C,Criminal damage and arson,Investigation complete; no suspect identified,
beba630b4f926fd4079b4413c361d8a7c2f169207923f04798a3a07eaa7cbff0,2024-09,South Wales Police,South Wales Police,-3.237502,51.480217,On or near Supermarket,W01001707,Cardiff 041C,Criminal damage and arson,Unable to prosecute suspect,
5c9a5cf824521dee5dd1676bcd082af39c51a640ff2e98463f9bd15e60cb197f,2024-09,South Wales Police,South Wales Police,-3.239845,51.477935,On or near Clos Ceirios,W01001707,Cardiff 041C,Criminal damage and arson,Unable to prosecute suspect,
3ef8bfd4b8a5e508f2710654f53ebc24c63911c6e1d4f8435fb9ee9f30374cf6,2024-09,South Wales Police,South Wales Police,-3.233910,51.475731,On or near Penally Road,W01001707,Cardiff 041C,Public order,Under investigation,
167b2085fd28a5e484f2831ca112c6d6d322e44ebc2e14330fb0dcd2ad14d1a6,2024-09,South Wales Police,South Wales Police,-3.237502,51.480217,On or near Supermarket,W01001707,Cardiff 041C,Public order,Investigation complete; no suspect identified,
7b26101eed10398e0469a35fd9ae9282973c0867a7adabed97f50751c6694375,2024-09,South Wales Police,South Wales Police,-3.233910,51.475731,On or near Penally Road,W01001707,Cardiff 041C,Public order,Unable to prosecute suspect,
f88f46b70b13cec0c1dcd517bae4be003e89f41085f984be5421d2f345174190,2024-09,South Wales Police,South Wales Police,-3.237502,51.480217,On or near Supermarket,W01001707,Cardiff 041C,Shoplifting,Investigation complete; no suspect identified,
da84df1c71416c56fc9796fbdfdd51a72f14515babdba2eb341e9d03630eb655,2024-09,South Wales Police,South Wales Police,-3.237502,51.480217,On or near Supermarket,W01001707,Cardiff 041C,Shoplifting,Investigation complete; no suspect identified,
34cb24a83c16946bc73c6b89b57cde4ab8569aea49b51b41d2014c2963c5b4a2,2024-09,South Wales Police,South Wales Police,-3.237502,51.480217,On or near Supermarket,W01001707,Cardiff 041C,Shoplifting,Awaiting court outcome,
42f1d2ab46139c2e6c4b9cb0533159af899fe79bccf6860f548e894fe8b60dbf,2024-09,South Wales Police,South Wales Police,-3.237502,51.480217,On or near Supermarket,W01001707,Cardiff 041C,Shoplifting,Unable to prosecute suspect,
1e9a7ebe446b5bc85d3e8b49f4bebabcc8b77aeca8a67a2ed39667f6f430cd6d,2024-09,South Wales Police,South Wales Police,-3.237502,51.480217,On or near Supermarket,W01001707,Cardiff 041C,Shoplifting,Unable to prosecute suspect,
2a5ad5dec9c4f81d04806e6f099d34ecfb7d7d17a9a0db5981c9824d813260bd,2024-09,South Wales Police,South Wales Police,-3.235301,51.480285,On or near Vincent Road,W01001707,Cardiff 041C,Vehicle crime,Investigation complete; no suspect identified,
0d2851e02c43e80425d2431d6f94745043f093dbe2243ff9fe0db408941584dd,2024-09,South Wales Police,South Wales Police,-3.237502,51.480217,On or near Supermarket,W01001707,Cardiff 041C,Vehicle crime,Investigation complete; no suspect identified,
4b30b1945d9d539fc73af86cb8649db761ac97085334b05a8edecb0236f4c068,2024-09,South Wales Police,South Wales Police,-3.233910,51.475731,On or near Penally Road,W01001707,Cardiff 041C,Violence and sexual offences,Under investigation,
d4cf9a30f648f23b2334554300d2c5f4582c40987c1c4dab6fc7c7ff20d0e858,2024-09,South Wales Police,South Wales Police,-3.237502,51.480217,On or near Supermarket,W01001707,Cardiff 041C,Violence and sexual offences,Under investigation,
cdce3de3bf611fb0bcda8e7932178d8d1b19beaf20fd3e7c64837236ee0ebd4b,2024-09,South Wales Police,South Wales Police,-3.237502,51.480217,On or near Supermarket,W01001707,Cardiff 041C,Violence and sexual offences,Investigation complete; no suspect identified,
013eaafc16f8885ac041dbf6df73278922e53ab87d5d63bc87a3ef1b772f75d5,2024-09,South Wales Police,South Wales Police,-3.233910,51.475731,On or near Penally Road,W01001707,Cardiff 041C,Violence and sexual offences,Awaiting court outcome,
aa8f9edd2b130014095e3d06e3a183a0ae58385eebfd93e481d13261c78ef84b,2024-09,South Wales Police,South Wales Police,-3.237911,51.478827,On or near Treseder Way,W01001707,Cardiff 041C,Violence and sexual offences,Under investigation,
ebcd77a67f4ce755f4a61f9b82a1091664236ac84239477e811ffbdbd9e7cd2c,2024-09,South Wales Police,South Wales Police,-3.237911,51.478827,On or near Treseder Way,W01001707,Cardiff 041C,Violence and sexual offences,Investigation complete; no suspect identified,
fbb46322f02700b2fd8c3da1996b0292d9af65ed4adee39d35e68a086f7660b4,2024-09,South Wales Police,South Wales Police,-3.233910,51.475731,On or near Penally Road,W01001707,Cardiff 041C,Violence and sexual offences,Under investigation,
,2024-09,South Wales Police,South Wales Police,-3.238936,51.484769,On or near Mill Place,W01001746,Cardiff 041D,Anti-social behaviour,,
3b41b076e87529f7c6c7cc0548b2d1cd8fdc167cebc5c9811b61c4d27a3d2da3,2024-09,South Wales Police,South Wales Police,-3.238308,51.483913,On or near Pendoylan Court,W01001746,Cardiff 041D,Other theft,Unable to prosecute suspect,
c2830b3fd94e5be04460d0654bbeffbc3b2958a2fcb9592450b82cb412508a63,2024-09,South Wales Police,South Wales Police,-3.234550,51.484501,On or near St Margaret'S Park,W01001746,Cardiff 041D,Public order,Unable to prosecute suspect,
a6cdb12a9361cded3cc1ceda3e86602f7514ed4565db347a70e5b7684c5159df,2024-09,South Wales Police,South Wales Police,-3.238936,51.484769,On or near Mill Place,W01001746,Cardiff 041D,Public order,Unable to prosecute suspect,
e5ea7e9c265692902e1851d2cd818a0e4b6462aeeb1f066fc8c43cf29b5773d5,2024-09,South Wales Police,South Wales Police,-3.236984,51.482875,On or near Heol-Y-Felin,W01001746,Cardiff 041D,Vehicle crime,Further investigation is not in the public interest,
d93f710cce9c93ac234541c050c17e5546f6742fed056203e0b1eb71f1feb92c,2024-09,South Wales Police,South Wales Police,-3.239854,51.481981,On or near Penygarn Road,W01001746,Cardiff 041D,Vehicle crime,Investigation complete; no suspect identified,
8fa55fa02536b955e14426d69762f67893c876c23a8e29206bf6a28a9547bd05,2024-09,South Wales Police,South Wales Police,-3.238936,51.484769,On or near Mill Place,W01001746,Cardiff 041D,Violence and sexual offences,Under investigation,
56ecf2c1240f4fc4b5bf1d9db8cd7d471d647d10556f5a443543320777d4dca7,2024-09,South Wales Police,South Wales Police,-3.238936,51.484769,On or near Mill Place,W01001746,Cardiff 041D,Violence and sexual offences,Unable to prosecute suspect,
dea0f3e4da422810b0730027b8d7b07cd5721cea931f64cdcec4d90ecf30c75e,2024-09,South Wales Police,South Wales Police,-3.239713,51.483700,On or near Maureen Avenue,W01001746,Cardiff 041D,Violence and sexual offences,Investigation complete; no suspect identified,
f539d11dce3c5eae2d4840c5f16b4353897c9cabd6a5faaad39cb107e9ec5a61,2024-09,South Wales Police,South Wales Police,-3.238936,51.484769,On or near Mill Place,W01001746,Cardiff 041D,Violence and sexual offences,Under investigation,
97665fed198d39bf0a97965aef0dd434f956ce083ad46417a57a239c841e2726,2024-09,South Wales Police,South Wales Police,-3.239854,51.481981,On or near Penygarn Road,W01001746,Cardiff 041D,Other crime,Unable to prosecute suspect,
3798869f098bdc14e069c333db32cad8a01b4cbdbe9b580a0ebd211ffff59051,2024-09,South Wales Police,South Wales Police,-3.193444,51.477778,On or near Smeaton Street,W01001855,Cardiff 042A,Drugs,Under investigation,
3a983b81efc975e698c30ab84fe6c83eaefef8a866e8b16a991540ffce219a8a,2024-09,South Wales Police,South Wales Police,-3.192665,51.477165,On or near Telford Street,W01001855,Cardiff 042A,Public order,Unable to prosecute suspect,
ac5c9d2029fae94ba5333c5477d62fd9db4d1aadcf3bc6509e63724e1733f144,2024-09,South Wales Police,South Wales Police,-3.194239,51.477896,On or near Mansfield Street,W01001855,Cardiff 042A,Public order,Unable to prosecute suspect,
1d64cf5852488b94d2487bab089bb009dedf63375db7cd80a77ff5e60e16e499,2024-09,South Wales Police,South Wales Police,-3.195230,51.478875,On or near Rennie Street,W01001855,Cardiff 042A,Violence and sexual offences,Unable to prosecute suspect,
8766b79f4e97fdea2d32c67dcb14704dda5e25a295702ccb1ee370bfc8c87bb2,2024-09,South Wales Police,South Wales Police,-3.193444,51.477778,On or near Smeaton Street,W01001855,Cardiff 042A,Violence and sexual offences,Under investigation,
0752a46c35fa79518d0d3a7569153fbbe6e3b0ace709e9c65baf2977323a2d8e,2024-09,South Wales Police,South Wales Police,-3.194576,51.478108,On or near Trevethick Street,W01001855,Cardiff 042A,Violence and sexual offences,Unable to prosecute suspect,
f730718e315420853f5bb5e5d9935bb54aaf4ea8710eb147940be750359c71af,2024-09,South Wales Police,South Wales Police,-3.193444,51.477778,On or near Smeaton Street,W01001855,Cardiff 042A,Violence and sexual offences,Under investigation,
5517ce40caddeb51499e495b771eb6898f4b56ac1d5ee5ab9e2d37c07a5810df,2024-09,South Wales Police,South Wales Police,-3.192422,51.478328,On or near Craddock Street,W01001855,Cardiff 042A,Other crime,Awaiting court outcome,
,2024-09,South Wales Police,South Wales Police,-3.184715,51.476545,On or near Petrol Station,W01001856,Cardiff 042B,Anti-social behaviour,,
,2024-09,South Wales Police,South Wales Police,-3.184715,51.476545,On or near Petrol Station,W01001856,Cardiff 042B,Anti-social behaviour,,
,2024-09,South Wales Police,South Wales Police,-3.184715,51.476545,On or near Petrol Station,W01001856,Cardiff 042B,Anti-social behaviour,,
,2024-09,South Wales Police,South Wales Police,-3.184715,51.476545,On or near Petrol Station,W01001856,Cardiff 042B,Anti-social behaviour,,
74183d7a1f526bfbc42bacdd60d9a681110b54766d5adb4c62749f4beec7caf4,2024-09,South Wales Police,South Wales Police,-3.184715,51.476545,On or near Petrol Station,W01001856,Cardiff 042B,Bicycle theft,Investigation complete; no suspect identified,
8c5f1974cecf0cc72595311a93649d7b9c6aae6559d76d742d3110be0358570f,2024-09,South Wales Police,South Wales Police,-3.184555,51.477580,On or near Fitzhamon Embankment,W01001856,Cardiff 042B,Bicycle theft,Investigation complete; no suspect identified,
0b7db0931b968e0cf356b08f12936f9b548f1d478b81808cd1ca2ab59e95b8e0,2024-09,South Wales Police,South Wales Police,-3.185886,51.477846,On or near Plantagenet Street,W01001856,Cardiff 042B,Bicycle theft,Investigation complete; no suspect identified,
177602b208a070523daf97bb8169a6ce89f0e8889b50263246ee9596f45663f4,2024-09,South Wales Police,South Wales Police,-3.186963,51.477736,On or near Beauchamp Street,W01001856,Cardiff 042B,Burglary,Investigation complete; no suspect identified,
1dc04e54e5924cbc2f0fd76a9b1fd324aff8552ec7f54a32e7e0a10d4a4c1e4c,2024-09,South Wales Police,South Wales Police,-3.185886,51.477846,On or near Plantagenet Street,W01001856,Cardiff 042B,Burglary,Unable to prosecute suspect,
dbac2458e818ae9c5202f7b659b16c3e8a32e6fa731ac404dd498c9f5032e781,2024-09,South Wales Police,South Wales Police,-3.186963,51.477736,On or near Beauchamp Street,W01001856,Cardiff 042B,Burglary,Investigation complete; no suspect identified,
d58bed4f7443dc6e1ced1179ad533e19a0b899a96cf729b3bbe692c624c9347a,2024-09,South Wales Police,South Wales Police,-3.186386,51.476582,On or near Tudor Street,W01001856,Cardiff 042B,Criminal damage and arson,Unable to prosecute suspect,
3062c94ff026121d906ddec60de6c9601167eb361f61a74547de8bcbe4a2803d,2024-09,South Wales Police,South Wales Police,-3.184715,51.476545,On or near Petrol Station,W01001856,Cardiff 042B,Criminal damage and arson,Awaiting court outcome,
31c416d5eaeeb85d159c9dbb95e6661cc7c2b08aef49999a14826c37e11ea616,2024-09,South Wales Police,South Wales Police,-3.185886,51.477846,On or near Plantagenet Street,W01001856,Cardiff 042B,Criminal damage and arson,Unable to prosecute suspect,
c94a5578fb368e2101b97dc6f95352bbddd76bf35cecd8c042365a580beac83e,2024-09,South Wales Police,South Wales Police,-3.189235,51.477614,On or near Gloucester Street,W01001856,Cardiff 042B,Criminal damage and arson,Investigation complete; no suspect identified,
8c64bb6e8e7d4a15871e60a01a7979264a454a0989b8cebee33ea6c0f185a1c1,2024-09,South Wales Police,South Wales Police,-3.186897,51.476271,On or near Tudor Lane,W01001856,Cardiff 042B,Drugs,Under investigation,
678276c52dce4b51f9a73e80779e3609d0cd5ed00d2dfd278eae0f0acff9f327,2024-09,South Wales Police,South Wales Police,-3.186897,51.476271,On or near Tudor Lane,W01001856,Cardiff 042B,Drugs,Under investigation,
f8db5951e8eee28d2b1ecd57139bb31fc01a1687135b31bea2ad2eb8b44db82b,2024-09,South Wales Police,South Wales Police,-3.184715,51.476545,On or near Petrol Station,W01001856,Cardiff 042B,Drugs,Awaiting court outcome,
f42c9c9562769e516eb11ac82712ce120675b4e42b630605ede5d142bfdb9c07,2024-09,South Wales Police,South Wales Police,-3.185886,51.477846,On or near Plantagenet Street,W01001856,Cardiff 042B,Other theft,Unable to prosecute suspect,
56229c3c1b7d6f273a2f585c2692cddd6cc2fce261f92659acea9dd439d20fcb,2024-09,South Wales Police,South Wales Police,-3.186386,51.476582,On or near Tudor Street,W01001856,Cardiff 042B,Public order,Under investigation,
fdf72acfa80f853c1f044903596ae30e6e0865d9175e7968dfb50317ffa90329,2024-09,South Wales Police,South Wales Police,-3.184715,51.476545,On or near Petrol Station,W01001856,Cardiff 042B,Public order,Investigation complete; no suspect identified,
daca1f24b71573994a1b737f028c0d10995ba7d034337f8704694b57fc669c11,2024-09,South Wales Police,South Wales Police,-3.184715,51.476545,On or near Petrol Station,W01001856,Cardiff 042B,Public order,Investigation complete; no suspect identified,
360d5769b6f1366a5b4a67c764d0d18944e6efd5a5543f4a87107d83828888c9,2024-09,South Wales Police,South Wales Police,-3.184555,51.477580,On or near Fitzhamon Embankment,W01001856,Cardiff 042B,Public order,Investigation complete; no suspect identified,
13ffd18da47835d009f03173881a44cfe4eabfffc1b635dff59b29e5387dc0f7,2024-09,South Wales Police,South Wales Police,-3.186897,51.476271,On or near Tudor Lane,W01001856,Cardiff 042B,Vehicle crime,Investigation complete; no suspect identified,
055ae5f3339cc28164a6b89c4778e39eeb686666b3fdc1b8bfdd85a94889123c,2024-09,South Wales Police,South Wales Police,-3.184715,51.476545,On or near Petrol Station,W01001856,Cardiff 042B,Vehicle crime,Investigation complete; no suspect identified,
b233f2a7dcc2f9b0b7dbebcc19779cd38ff74bda5c4d39e05146a43bfc7d3993,2024-09,South Wales Police,South Wales Police,-3.184715,51.476545,On or near Petrol Station,W01001856,Cardiff 042B,Vehicle crime,Unable to prosecute suspect,
ed63bdf861b0ee3e7738bdd1961171b557200fb44e14c544b0d76c03f73a38b7,2024-09,South Wales Police,South Wales Police,-3.184715,51.476545,On or near Petrol Station,W01001856,Cardiff 042B,Vehicle crime,Under investigation,
9a2a2c92e4ad9372d820697c1d5364fd4bdf984bed2e417e5adbf9481ee1574c,2024-09,South Wales Police,South Wales Police,-3.190943,51.477372,On or near Brunel Street,W01001856,Cardiff 042B,Vehicle crime,Under investigation,
17f14afe965f84f23b00774cedba7a43ec2189cac50d9ab53761f66f8272f4f4,2024-09,South Wales Police,South Wales Police,-3.186963,51.477736,On or near Beauchamp Street,W01001856,Cardiff 042B,Vehicle crime,Investigation complete; no suspect identified,
d2811c8470c2349934076171766e96cd9d1df9f4461aa4dbdcaff26d693751d7,2024-09,South Wales Police,South Wales Police,-3.186963,51.477736,On or near Beauchamp Street,W01001856,Cardiff 042B,Violence and sexual offences,Unable to prosecute suspect,
1ca47ef78d7639d9347e35a820cb6abe95b7eb9cc15c2e00bf70f4b8ae60d297,2024-09,South Wales Police,South Wales Police,-3.184715,51.476545,On or near Petrol Station,W01001856,Cardiff 042B,Violence and sexual offences,Investigation complete; no suspect identified,
fc466eed1b8dd77355198aec4544536f1179948dc8f3873cf4ceb7024d5ee55d,2024-09,South Wales Police,South Wales Police,-3.186897,51.476271,On or near Tudor Lane,W01001856,Cardiff 042B,Violence and sexual offences,Under investigation,
c2a29b8f6299ecdc63d19cd9d0ed850b46ccc2961fab22cace1cde1ffd7feec3,2024-09,South Wales Police,South Wales Police,-3.188806,51.477699,On or near Clare Place,W01001856,Cardiff 042B,Violence and sexual offences,Under investigation,
8544805e43d8a2d2db54ffbad8da3bed468b895c295c4471c561acb6ff93ea2d,2024-09,South Wales Police,South Wales Police,-3.184715,51.476545,On or near Petrol Station,W01001856,Cardiff 042B,Violence and sexual offences,Awaiting court outcome,
de135dbb8236f5a285f5f4bdd56dbf2428b3307e65f6c6fed9123e6bd9de888e,2024-09,South Wales Police,South Wales Police,-3.184715,51.476545,On or near Petrol Station,W01001856,Cardiff 042B,Violence and sexual offences,Unable to prosecute suspect,
5bc7d78b5449950f970c9fc943cbf30ef1c78d208364fe00630319bcb7826ca3,2024-09,South Wales Police,South Wales Police,-3.184715,51.476545,On or near Petrol Station,W01001856,Cardiff 042B,Violence and sexual offences,Under investigation,
bb7de3586ccc671d89bba4288a6d305e1632606af84e68663ffa398f7954ae61,2024-09,South Wales Police,South Wales Police,-3.184715,51.476545,On or near Petrol Station,W01001856,Cardiff 042B,Violence and sexual offences,Unable to prosecute suspect,
9024d0ae7b3d0e1410b929a836c70f815dfd23dc8b50c9b40533f6b2c49c30ec,2024-09,South Wales Police,South Wales Police,-3.186386,51.476582,On or near Tudor Street,W01001856,Cardiff 042B,Violence and sexual offences,Unable to prosecute suspect,
a8246fdba8266cd60fd05b80a0d707d4deda7792792eb3a2873cc1c0f799fea9,2024-09,South Wales Police,South Wales Police,-3.186897,51.476271,On or near Tudor Lane,W01001856,Cardiff 042B,Violence and sexual offences,Investigation complete; no suspect identified,
01de89715547af5493fc2661bbf11960440e6c2053c4d0ac8823ae8e6e02cfde,2024-09,South Wales Police,South Wales Police,-3.184715,51.476545,On or near Petrol Station,W01001856,Cardiff 042B,Violence and sexual offences,Unable to prosecute suspect,
627dc9a9139a867d648d45bdab5e84fb21947a0f8480db02c30d0b96ed4865bf,2024-09,South Wales Police,South Wales Police,-3.186386,51.476582,On or near Tudor Street,W01001856,Cardiff 042B,Violence and sexual offences,Under investigation,
a6e62e6fd262cfb24755c9d826f32e94f416b779e1938e399e99650d30e8f92c,2024-09,South Wales Police,South Wales Police,-3.186386,51.476582,On or near Tudor Street,W01001856,Cardiff 042B,Violence and sexual offences,Unable to prosecute suspect,
0ab9267e70e5e905b2ca77b27923074ad749aae273bc7112dc574956e9bcb82c,2024-09,South Wales Police,South Wales Police,-3.186386,51.476582,On or near Tudor Street,W01001856,Cardiff 042B,Violence and sexual offences,Investigation complete; no suspect identified,
6946b67d72f747a527eb7ac3f770ca47bdc56e37346831dd3588b56c98809259,2024-09,South Wales Police,South Wales Police,-3.184715,51.476545,On or near Petrol Station,W01001856,Cardiff 042B,Violence and sexual offences,Awaiting court outcome,
4c2cf6ee61f1e39bfce737ad4fd964d4a1bd8d913d2179dc500cc3f6398454c2,2024-09,South Wales Police,South Wales Police,-3.184715,51.476545,On or near Petrol Station,W01001856,Cardiff 042B,Other crime,Unable to prosecute suspect,
,2024-09,South Wales Police,South Wales Police,-3.194386,51.480187,On or near South Morgan Place,W01001857,Cardiff 042C,Anti-social behaviour,,
,2024-09,South Wales Police,South Wales Police,-3.190060,51.482173,On or near Petrol Station,W01001857,Cardiff 042C,Anti-social behaviour,,
,2024-09,South Wales Police,South Wales Police,-3.196757,51.480001,On or near Wellington Street,W01001857,Cardiff 042C,Anti-social behaviour,,
,2024-09,South Wales Police,South Wales Police,-3.190060,51.482173,On or near Petrol Station,W01001857,Cardiff 042C,Anti-social behaviour,,
,2024-09,South Wales Police,South Wales Police,-3.198861,51.479494,On or near Albert Street,W01001857,Cardiff 042C,Anti-social behaviour,,
,2024-09,South Wales Police,South Wales Police,-3.200013,51.480624,On or near Parking Area,W01001857,Cardiff 042C,Anti-social behaviour,,
,2024-09,South Wales Police,South Wales Police,-3.197289,51.481084,On or near Ann Street,W01001857,Cardiff 042C,Anti-social behaviour,,
,2024-09,South Wales Police,South Wales Police,-3.190060,51.482173,On or near Petrol Station,W01001857,Cardiff 042C,Anti-social behaviour,,
,2024-09,South Wales Police,South Wales Police,-3.200013,51.480624,On or near Parking Area,W01001857,Cardiff 042C,Anti-social behaviour,,
f67fb3f46e21c40e9be28734fc7ccdc071d7901251f336465b9eabc6045e7a6f,2024-09,South Wales Police,South Wales Police,-3.190060,51.482173,On or near Petrol Station,W01001857,Cardiff 042C,Burglary,Under investigation,
eb177afa15f75db5db55aa424725d61a3ecb7d9ff1408c13216756e57f08a14c,2024-09,South Wales Police,South Wales Police,-3.190060,51.482173,On or near Petrol Station,W01001857,Cardiff 042C,Other theft,Unable to prosecute suspect,
5c11a8595df87c10ec9520c5e16cc6af445291bf69ad38b9f630b2274c03928f,2024-09,South Wales Police,South Wales Police,-3.197289,51.481084,On or near Ann Street,W01001857,Cardiff 042C,Other theft,Investigation complete; no suspect identified,
4b06648a0001ea41362b0bbd89ca70c517c0060ff136bf8a1b6f114d570b1d06,2024-09,South Wales Police,South Wales Police,-3.197150,51.477965,On or near Kingston Road,W01001857,Cardiff 042C,Other theft,Investigation complete; no suspect identified,
223749c192532bf812fbf6253a9e98ff6994ebfe589b295d94119fd739719c95,2024-09,South Wales Police,South Wales Police,-3.190060,51.482173,On or near Petrol Station,W01001857,Cardiff 042C,Other theft,Investigation complete; no suspect identified,
e2357fb9ac72aba12fba8a1de6bd59735f152053348393ed9c417f81a1d123f0,2024-09,South Wales Police,South Wales Police,-3.197150,51.477965,On or near Kingston Road,W01001857,Cardiff 042C,Public order,Under investigation,
5120260da8cea47a11ccb99f2be12065b1ee59910af0083d9b29a522259593c3,2024-09,South Wales Police,South Wales Police,-3.197289,51.481084,On or near Ann Street,W01001857,Cardiff 042C,Shoplifting,Investigation complete; no suspect identified,
f0f4828966f53c258bfe4096645a35297b631e5f472159a8f9987938d40fd609,2024-09,South Wales Police,South Wales Police,-3.197289,51.481084,On or near Ann Street,W01001857,Cardiff 042C,Shoplifting,Unable to prosecute suspect,
ddf7cdf6d1e294819d387c893e5fd397979c796d16197d588c496139563ab5dc,2024-09,South Wales Police,South Wales Police,-3.195004,51.480702,On or near Parking Area,W01001857,Cardiff 042C,Shoplifting,Unable to prosecute suspect,
d9d529302b79ecc0b595063708355fcd3af2af0c78016fd177a49b32107fdcb6,2024-09,South Wales Police,South Wales Police,-3.197289,51.481084,On or near Ann Street,W01001857,Cardiff 042C,Shoplifting,Investigation complete; no suspect identified,
457b57660b34f52ee3dcf17ac98e349a61c6474b8f98438a761d0cc89495b9e3,2024-09,South Wales Police,South Wales Police,-3.200350,51.480275,On or near Sports/Recreation Area,W01001857,Cardiff 042C,Vehicle crime,Investigation complete; no suspect identified,
993ea5e52dbadb5bdbc98ac54f47066f91cda9b8c61909623a2a39f40fe510c8,2024-09,South Wales Police,South Wales Police,-3.197150,51.477965,On or near Kingston Road,W01001857,Cardiff 042C,Vehicle crime,Investigation complete; no suspect identified,
243ba1355ee6ca263ce7f0e26003d15aa281e3b44b855d73c4e087817471fd78,2024-09,South Wales Police,South Wales Police,-3.197585,51.479192,On or near Rolls Street,W01001857,Cardiff 042C,Violence and sexual offences,Under investigation,
14c688504498b7195f6978cb7308f5c9f64a5bfe29daf896e35d3fe0e1df8364,2024-09,South Wales Police,South Wales Police,-3.197289,51.481084,On or near Ann Street,W01001857,Cardiff 042C,Violence and sexual offences,Under investigation,
a7f1c6bbb7988d20c231398e5ee73bb6b915be95c7ff3028b4cc500fe91445b9,2024-09,South Wales Police,South Wales Police,-3.190060,51.482173,On or near Petrol Station,W01001857,Cardiff 042C,Violence and sexual offences,Further investigation is not in the public interest,
29d58485c7fdf76b6a373aff6a82b5281e5a92198ae0d758c48dbcfdb5ae96d1,2024-09,South Wales Police,South Wales Police,-3.190060,51.482173,On or near Petrol Station,W01001857,Cardiff 042C,Violence and sexual offences,Unable to prosecute suspect,
f08bd390d30279dcea105383a46f84a8c00482edc9a9fff93c3200ec3ab0eb64,2024-09,South Wales Police,South Wales Police,-3.190060,51.482173,On or near Petrol Station,W01001857,Cardiff 042C,Violence and sexual offences,Unable to prosecute suspect,
be3b814d5b842456bb37ecc3b2ea9039ca4a0013b184a0ab5b036254d7e4b16f,2024-09,South Wales Police,South Wales Police,-3.196329,51.477946,On or near Littleton Street,W01001857,Cardiff 042C,Other crime,Investigation complete; no suspect identified,
,2024-09,South Wales Police,South Wales Police,-3.190606,51.480468,On or near Rawden Mews,W01001862,Cardiff 042D,Anti-social behaviour,,
,2024-09,South Wales Police,South Wales Police,-3.187470,51.479502,On or near Brook Street,W01001862,Cardiff 042D,Anti-social behaviour,,
,2024-09,South Wales Police,South Wales Police,-3.190606,51.480468,On or near Rawden Mews,W01001862,Cardiff 042D,Anti-social behaviour,,
,2024-09,South Wales Police,South Wales Police,-3.190606,51.480468,On or near Rawden Mews,W01001862,Cardiff 042D,Anti-social behaviour,,
,2024-09,South Wales Police,South Wales Police,-3.192186,51.480308,On or near Mandeville Street,W01001862,Cardiff 042D,Anti-social behaviour,,
,2024-09,South Wales Police,South Wales Police,-3.189357,51.478404,On or near Clare Gardens,W01001862,Cardiff 042D,Anti-social behaviour,,
,2024-09,South Wales Police,South Wales Police,-3.189221,51.478738,On or near Neville Place,W01001862,Cardiff 042D,Anti-social behaviour,,
986d53013db37152f846a8a1d0a51ddc456dcda29c6c37c9b46bdaf908303219,2024-09,South Wales Police,South Wales Police,-3.186018,51.480137,On or near Coldstream Terrace,W01001862,Cardiff 042D,Bicycle theft,Investigation complete; no suspect identified,
77b45fe5f750adde6fadc0815b6bd95b9af190cba905922cc53dc73aa14ab886,2024-09,South Wales Police,South Wales Police,-3.190606,51.480468,On or near Rawden Mews,W01001862,Cardiff 042D,Burglary,Investigation complete; no suspect identified,
541408a4e05bec4a7272c7b3b8eead8ab71806832a9dffa8e8dc047601243539,2024-09,South Wales Police,South Wales Police,-3.192186,51.480308,On or near Mandeville Street,W01001862,Cardiff 042D,Criminal damage and arson,Investigation complete; no suspect identified,
cc12842552be88b720f00b18231987ead768c9372979c593c245cca8f5895522,2024-09,South Wales Police,South Wales Police,-3.190606,51.480468,On or near Rawden Mews,W01001862,Cardiff 042D,Criminal damage and arson,Unable to prosecute suspect,
af5296a35f37dd37cd692f58f69f6b6f7cd0bd952def1698845996acf8a19dad,2024-09,South Wales Police,South Wales Police,-3.189221,51.478738,On or near Neville Place,W01001862,Cardiff 042D,Criminal damage and arson,Unable to prosecute suspect,
470baf692704e9ca51fd492246c59626d30f0449951a7ecd6d945fc46e4ee742,2024-09,South Wales Police,South Wales Police,-3.192186,51.480308,On or near Mandeville Street,W01001862,Cardiff 042D,Criminal damage and arson,Awaiting court outcome,
4cb1571c27e04cd75fad3d0f91b02c023897a7c4faf59a6b7726fef73e462fce,2024-09,South Wales Police,South Wales Police,-3.189922,51.480224,On or near Rawden Place,W01001862,Cardiff 042D,Criminal damage and arson,Awaiting court outcome,
31e0baaa17a126a6c0b80bc1ae5c689aa17b9380d2a51e21f06ec0683acb1ff6,2024-09,South Wales Police,South Wales Police,-3.188115,51.480485,On or near Green Street,W01001862,Cardiff 042D,Criminal damage and arson,Investigation complete; no suspect identified,
668349a1c8bbb1ab63a6e27f761039947857282884380c798215326858b12ebc,2024-09,South Wales Police,South Wales Police,-3.189221,51.478738,On or near Neville Place,W01001862,Cardiff 042D,Other theft,Investigation complete; no suspect identified,
118fa98a8627429368c58723896edb121a85c58ddd9a7ff8e23bf14896c1476d,2024-09,South Wales Police,South Wales Police,-3.190317,51.478223,On or near Machen Place,W01001862,Cardiff 042D,Vehicle crime,Investigation complete; no suspect identified,
3ea29907e1063384d8f2d46420fa2aebbb4aed62c14d217e7969c91b984a66d1,2024-09,South Wales Police,South Wales Police,-3.186018,51.480137,On or near Coldstream Terrace,W01001862,Cardiff 042D,Vehicle crime,Investigation complete; no suspect identified,
6a37937e609d918cffd63ac54a16c0f264d06c246ad33265a0f8479785749d38,2024-09,South Wales Police,South Wales Police,-3.190317,51.478223,On or near Machen Place,W01001862,Cardiff 042D,Vehicle crime,Investigation complete; no suspect identified,
f97d5262930af5ac8d6e9ab0ccb3706ec2771d1a6f94055e602ff704a522f12b,2024-09,South Wales Police,South Wales Police,-3.186018,51.480137,On or near Coldstream Terrace,W01001862,Cardiff 042D,Vehicle crime,Investigation complete; no suspect identified,
1baaeec5c5ad37517f4b7109009fb5f2d2511a34cd1e9b02f3f28a1c2d5a8ef9,2024-09,South Wales Police,South Wales Police,-3.187287,51.480214,On or near Mark Street,W01001862,Cardiff 042D,Vehicle crime,Investigation complete; no suspect identified,
bc33e375a166f1d9f068c176fd4d48799b92d60890a197034cda16ddc0337991,2024-09,South Wales Police,South Wales Police,-3.188916,51.480270,On or near Lower Cathedral Road,W01001862,Cardiff 042D,Vehicle crime,Investigation complete; no suspect identified,
353d9d6a1f02b142b32d132e4a53bd8a8d55ec450fa0ffa852913cdcf5d71fdd,2024-09,South Wales Police,South Wales Police,-3.192236,51.479481,On or near Heath Street,W01001862,Cardiff 042D,Vehicle crime,Investigation complete; no suspect identified,
4acf10f8dbf1aaa886b4a8ab753e720133c1378089ba0126b437219d09d22147,2024-09,South Wales Police,South Wales Police,-3.192186,51.480308,On or near Mandeville Street,W01001862,Cardiff 042D,Vehicle crime,Investigation complete; no suspect identified,
1f38121a6dcd3291bbd114f4519f78ca91b875c24df0d67983974651ac383fd0,2024-09,South Wales Police,South Wales Police,-3.192807,51.479844,On or near Mandeville Place,W01001862,Cardiff 042D,Vehicle crime,Investigation complete; no suspect identified,
5866b0c6d8028df0ef54be9a42e02ec37fa11ff1ceace66862773ed39db6d571,2024-09,South Wales Police,South Wales Police,-3.190606,51.480468,On or near Rawden Mews,W01001862,Cardiff 042D,Violence and sexual offences,Investigation complete; no suspect identified,
7eef47c405d4d7e214d805e2cb3d6363f77d4686d104632c0573423a74c3e68c,2024-09,South Wales Police,South Wales Police,-3.189221,51.478738,On or near Neville Place,W01001862,Cardiff 042D,Violence and sexual offences,Unable to prosecute suspect,
9fe4c36e7bef613296624e5db3eb1201c8cef9bad789924228cbe0c163910bca,2024-09,South Wales Police,South Wales Police,-3.190606,51.480468,On or near Rawden Mews,W01001862,Cardiff 042D,Violence and sexual offences,Unable to prosecute suspect,
6ef278cf48b7a0ec3a48c80cd10c7b2a07ffb6177f27140bd50b89f3f1e3cf44,2024-09,South Wales Police,South Wales Police,-3.189221,51.478738,On or near Neville Place,W01001862,Cardiff 042D,Violence and sexual offences,Unable to prosecute suspect,
115c63c6b8b26346488a14ebb920f5409cd7232b99711fd2941182fb6d046b45,2024-09,South Wales Police,South Wales Police,-3.190606,51.480468,On or near Rawden Mews,W01001862,Cardiff 042D,Violence and sexual offences,Unable to prosecute suspect,
72edcce579c59b7c699052b34de621874a4644521a2915c8b2a356684b82da4d,2024-09,South Wales Police,South Wales Police,-3.188115,51.480485,On or near Green Street,W01001862,Cardiff 042D,Violence and sexual offences,Unable to prosecute suspect,
,2024-09,South Wales Police,South Wales Police,-3.249845,51.475545,On or near Cowbridge Road West,W01001742,Cardiff 043A,Anti-social behaviour,,
,2024-09,South Wales Police,South Wales Police,-3.249845,51.475545,On or near Cowbridge Road West,W01001742,Cardiff 043A,Anti-social behaviour,,
,2024-09,South Wales Police,South Wales Police,-3.252495,51.475570,On or near Wilson Place,W01001742,Cardiff 043A,Anti-social behaviour,,
,2024-09,South Wales Police,South Wales Police,-3.255118,51.476181,On or near Highbury Place,W01001742,Cardiff 043A,Anti-social behaviour,,
0f3ff6ca52600fd7b2b65f67cafad624ea2b9b15514fb6a365fa4acf8a226eb1,2024-09,South Wales Police,South Wales Police,-3.252495,51.475570,On or near Wilson Place,W01001742,Cardiff 043A,Burglary,Investigation complete; no suspect identified,
ce07a9fe7199089d0f0933be6fc31daa6790f014f099bf528ef55bf48e75aba0,2024-09,South Wales Police,South Wales Police,-3.255118,51.476181,On or near Highbury Place,W01001742,Cardiff 043A,Criminal damage and arson,Investigation complete; no suspect identified,
2c4b3507773b075aaa74d5f984c7f969aa1dd7199c4f216beb35494987cbc916,2024-09,South Wales Police,South Wales Police,-3.249845,51.475545,On or near Cowbridge Road West,W01001742,Cardiff 043A,Public order,Investigation complete; no suspect identified,
f3142658d1f7777d1a0f9c0054ad42f66ff50c78f6b1848548cf7fdb26b8a1f4,2024-09,South Wales Police,South Wales Police,-3.256795,51.475875,On or near Foxglove Close,W01001742,Cardiff 043A,Public order,Unable to prosecute suspect,
230c914ea200ea22a0a9d5294d0aab092136b7af247bc73a8b7ba0f6fc786ae5,2024-09,South Wales Police,South Wales Police,-3.249845,51.475545,On or near Cowbridge Road West,W01001742,Cardiff 043A,Public order,Unable to prosecute suspect,
68332687b75161a136f24b15c34836d313ef3244e155c6064cbb22551f008458,2024-09,South Wales Police,South Wales Police,-3.262569,51.473781,On or near Macdonald Road,W01001742,Cardiff 043A,Public order,Unable to prosecute suspect,
1e956f92e631a896da6b28c39157a3455660f1831f17804d6a43e477fe1ab854,2024-09,South Wales Police,South Wales Police,-3.249845,51.475545,On or near Cowbridge Road West,W01001742,Cardiff 043A,Public order,Unable to prosecute suspect,
5cc0db74be849b2a30acc9530d2c00262d8c1fe1eb8f8db0e228a6874d778e90,2024-09,South Wales Police,South Wales Police,-3.249845,51.475545,On or near Cowbridge Road West,W01001742,Cardiff 043A,Shoplifting,Unable to prosecute suspect,
6f6b75907017d950286bdfbb2de9f630e33acedc4a0ca0a679e65b9c6f6631df,2024-09,South Wales Police,South Wales Police,-3.249845,51.475545,On or near Cowbridge Road West,W01001742,Cardiff 043A,Shoplifting,Investigation complete; no suspect identified,
d51943852152864c66d6c9d10c3fcd882bf9393d8a3f28ff016381a2af79d67c,2024-09,South Wales Police,South Wales Police,-3.249845,51.475545,On or near Cowbridge Road West,W01001742,Cardiff 043A,Shoplifting,Awaiting court outcome,
5f03dfd476484ab62fce775a0c25e5abc00275ac9fde1eea19dca8454d94c0fb,2024-09,South Wales Police,South Wales Police,-3.249845,51.475545,On or near Cowbridge Road West,W01001742,Cardiff 043A,Shoplifting,Investigation complete; no suspect identified,
bf81a0f1b9aa8a0e157c41a9b60494ca24d0b65d6c3abc14fe956f4b47e363e1,2024-09,South Wales Police,South Wales Police,-3.249845,51.475545,On or near Cowbridge Road West,W01001742,Cardiff 043A,Shoplifting,Investigation complete; no suspect identified,
1325d587c92f8f39aa3623e70df54156a0bd367ca279172e786e4ebc0e9baf7e,2024-09,South Wales Police,South Wales Police,-3.255118,51.476181,On or near Highbury Place,W01001742,Cardiff 043A,Violence and sexual offences,Investigation complete; no suspect identified,
ce67d8543f566df93e279a0d090a6879205862658ba3d3573fef91c0710b708f,2024-09,South Wales Police,South Wales Police,-3.255118,51.476181,On or near Highbury Place,W01001742,Cardiff 043A,Violence and sexual offences,Awaiting court outcome,
a255c75fa59bbe9f648541619624f4826303a346c0d993f60c58b3aa77e4c944,2024-09,South Wales Police,South Wales Police,-3.255118,51.476181,On or near Highbury Place,W01001742,Cardiff 043A,Violence and sexual offences,Unable to prosecute suspect,
a23f47ed3ad62e6efe328353cabf90def816a3e189823003768bd628dc4b716c,2024-09,South Wales Police,South Wales Police,-3.256795,51.475875,On or near Foxglove Close,W01001742,Cardiff 043A,Violence and sexual offences,Under investigation,
1137ad26302bf22cb738a298fa3d60388699258e9ec89d4c2229401eb59d51be,2024-09,South Wales Police,South Wales Police,-3.256795,51.475875,On or near Foxglove Close,W01001742,Cardiff 043A,Violence and sexual offences,Under investigation,
69ced7153c2d0623bcd6851fff712901bb0bc46b05b6aa59ec8ddbaee773831d,2024-09,South Wales Police,South Wales Police,-3.256795,51.475875,On or near Foxglove Close,W01001742,Cardiff 043A,Violence and sexual offences,Under investigation,
ba83000d3fd52b5c1c4ebaf5ef80f9973c2cfdfe07c450779568e8141bf9f07f,2024-09,South Wales Police,South Wales Police,-3.256795,51.475875,On or near Foxglove Close,W01001742,Cardiff 043A,Violence and sexual offences,Under investigation,
2cf5648fcf05c7ed3878da5d3f81b129bea5ffa078f6a322d1b781e287f672cc,2024-09,South Wales Police,South Wales Police,-3.258078,51.474360,On or near Parker Road,W01001742,Cardiff 043A,Violence and sexual offences,Unable to prosecute suspect,
1b542b567d4c8e77153bfc7a3529d61a212114736c8424a9b3d1f9f687c6e337,2024-09,South Wales Police,South Wales Police,-3.256795,51.475875,On or near Foxglove Close,W01001742,Cardiff 043A,Violence and sexual offences,Unable to prosecute suspect,
85464d3b2cd8b58dbf1660df822d5aa773323362d304a62c2e7a9360da9d0d1e,2024-09,South Wales Police,South Wales Police,-3.255118,51.476181,On or near Highbury Place,W01001742,Cardiff 043A,Violence and sexual offences,Unable to prosecute suspect,
d8c720de52ef7888fd5e4afa466a5d46ab7b80e802e90987c9229ce7d1b73269,2024-09,South Wales Police,South Wales Police,-3.255118,51.476181,On or near Highbury Place,W01001742,Cardiff 043A,Violence and sexual offences,Unable to prosecute suspect,
04ac1ed3d6e61d0d157acb49d97c86db3a3896fcc09f78e1e359d7dee5d44682,2024-09,South Wales Police,South Wales Police,-3.258627,51.474974,On or near Parker Place,W01001742,Cardiff 043A,Violence and sexual offences,Under investigation,
68f4fe21d9d61dde8fc4cbfd7a7785e31af754d8d4794bc11e1ab9ad3f6213b6,2024-09,South Wales Police,South Wales Police,-3.255118,51.476181,On or near Highbury Place,W01001742,Cardiff 043A,Violence and sexual offences,Unable to prosecute suspect,
23b360cdb2c16909ec665d6d79b8fa0963dee23c595b34aa86dd737fc9e61e94,2024-09,South Wales Police,South Wales Police,-3.250695,51.476093,On or near Nottage Road,W01001742,Cardiff 043A,Violence and sexual offences,Awaiting court outcome,
ca8d95889b47a901ed65fb33685427bbd0d69e31b1923aa7904870545b3bc685,2024-09,South Wales Police,South Wales Police,-3.260189,51.474166,On or near Deere Close,W01001742,Cardiff 043A,Violence and sexual offences,Investigation complete; no suspect identified,
03f76d36e740b20bc9c4b769468714a8cf36b0a4b386ca34f2be9ae4f96b7d9a,2024-09,South Wales Police,South Wales Police,-3.255118,51.476181,On or near Highbury Place,W01001742,Cardiff 043A,Violence and sexual offences,Unable to prosecute suspect,
17b71b280dd6c451cf3c84a54ef7751938379c56688216517e72be63ecb8a441,2024-09,South Wales Police,South Wales Police,-3.275835,51.473952,On or near Nant-Yr-Ely,W01001743,Cardiff 043B,Burglary,Investigation complete; no suspect identified,
cf4fe7ce471de5f72942954682937c14a7c79d0f664d4cd42b8f73b2edade5da,2024-09,South Wales Police,South Wales Police,-3.271430,51.474521,On or near Goodwood Close,W01001743,Cardiff 043B,Burglary,Investigation complete; no suspect identified,
0db1ed8e04f6bcba1b5ea3b8b86673ff975a06f688d2d410421c6836bfe8ad54,2024-09,South Wales Police,South Wales Police,-3.273307,51.473143,On or near Traherne Drive,W01001743,Cardiff 043B,Violence and sexual offences,Unable to prosecute suspect,
623fdcede6d32721e02fa898209f27a1b7a0abf2743721e17d4c88e7420a9430,2024-09,South Wales Police,South Wales Police,-3.275449,51.477157,On or near Clos-Y-Cwarra,W01001743,Cardiff 043B,Violence and sexual offences,Offender given a caution,
56a5b068754979435f9f44b51eb0040631cbb3decc2ede5d561dbead6783badc,2024-09,South Wales Police,South Wales Police,-3.275449,51.477157,On or near Clos-Y-Cwarra,W01001743,Cardiff 043B,Violence and sexual offences,Unable to prosecute suspect,
5b1a063787d74e0cf3ea55b9de385c4f55041fb3108c7cb0b4a4f76d85f479ef,2024-09,South Wales Police,South Wales Police,-3.275449,51.477157,On or near Clos-Y-Cwarra,W01001743,Cardiff 043B,Violence and sexual offences,Offender given a caution,
,2024-09,South Wales Police,South Wales Police,-3.262792,51.471458,On or near Clos Tan Y Ffarm,W01001744,Cardiff 043C,Anti-social behaviour,,
09cb23eb77678b320257e1df2fb1403d8586580c68eff1960ff973e22154be44,2024-09,South Wales Police,South Wales Police,-3.264772,51.474314,On or near Penmark Road,W01001744,Cardiff 043C,Bicycle theft,Investigation complete; no suspect identified,
5f870bd16ef6525200fb6e5b5eeaba4619be849ee09630ee133f7ea43c151124,2024-09,South Wales Police,South Wales Police,-3.264772,51.474314,On or near Penmark Road,W01001744,Cardiff 043C,Drugs,Awaiting court outcome,
8168b6cf36d66e6189b3fc164e2c11ed1e532e1471f202d66fb46156727165ed,2024-09,South Wales Police,South Wales Police,-3.259389,51.472286,On or near Cambria Road,W01001744,Cardiff 043C,Public order,Unable to prosecute suspect,
754e6083473c37825b2232815c693f6deb95ed07bd4865af8a92197933c4b119,2024-09,South Wales Police,South Wales Police,-3.261209,51.473049,On or near Furness Close,W01001744,Cardiff 043C,Public order,Formal action is not in the public interest,
cbccfcd7be47df6989cbd7815de8ef8f751384a12cee9bbcc028d88f2defee4a,2024-09,South Wales Police,South Wales Police,-3.262834,51.474542,On or near Macdonald Close,W01001744,Cardiff 043C,Public order,Under investigation,
20cd47c2851f8db77634400d00c21180f4753661cec99e117c96d4839dec030a,2024-09,South Wales Police,South Wales Police,-3.258620,51.473643,On or near Gwent Road,W01001744,Cardiff 043C,Theft from the person,Awaiting court outcome,
05bdf7cccb1328d0ca13f0a2b9996ed7d90ccd6c14f27b6e855c232536534153,2024-09,South Wales Police,South Wales Police,-3.263761,51.474191,On or near Meyrick Road,W01001744,Cardiff 043C,Violence and sexual offences,Under investigation,
06afa5bdcf8182e88a6b7719c50ca4554253506a6b817f984ae6cfb0537146eb,2024-09,South Wales Police,South Wales Police,-3.262792,51.471458,On or near Clos Tan Y Ffarm,W01001744,Cardiff 043C,Violence and sexual offences,Unable to prosecute suspect,
82efc7bb413218cf527c63282008c8783f2da1c73634c1e57aa67ac014a30a31,2024-09,South Wales Police,South Wales Police,-3.263761,51.474191,On or near Meyrick Road,W01001744,Cardiff 043C,Violence and sexual offences,Unable to prosecute suspect,
597102fb6b4aaf0bc3914b0531b7464b38584fc42ee49e845fcb5744ea4d97c5,2024-09,South Wales Police,South Wales Police,-3.259389,51.472286,On or near Cambria Road,W01001744,Cardiff 043C,Violence and sexual offences,Unable to prosecute suspect,
14898b73705f89babaa720c54bb69d03ac0e1d15d7495b0d5b62c7b5edb45137,2024-09,South Wales Police,South Wales Police,-3.271413,51.469243,On or near Caenewydd Close,W01001745,Cardiff 043D,Violence and sexual offences,Under investigation,
e3bfa1e45d4994f1023024da34bf616b19abd023b8f94c30a348957127766865,2024-09,South Wales Police,South Wales Police,-3.275376,51.471439,On or near Coedriglan Drive,W01001745,Cardiff 043D,Violence and sexual offences,Unable to prosecute suspect,
11a310ded286aab14440e4bc43397f22bb1083408d19524a1a90786fca994bc4,2024-09,South Wales Police,South Wales Police,-3.271552,51.468046,On or near Patreane Way,W01001745,Cardiff 043D,Violence and sexual offences,Unable to prosecute suspect,
,2024-09,South Wales Police,South Wales Police,-3.182585,51.474921,On or near Ferry Terminal,W01001764,Cardiff 044A,Anti-social behaviour,,
,2024-09,South Wales Police,South Wales Police,-3.182666,51.474146,On or near Taffs Mead Embankment,W01001764,Cardiff 044A,Anti-social behaviour,,
,2024-09,South Wales Police,South Wales Police,-3.183623,51.472186,On or near Pentre Place,W01001764,Cardiff 044A,Anti-social behaviour,,
,2024-09,South Wales Police,South Wales Police,-3.182484,51.474922,On or near Ferry Terminal,W01001764,Cardiff 044A,Anti-social behaviour,,
,2024-09,South Wales Police,South Wales Police,-3.183623,51.472186,On or near Pentre Place,W01001764,Cardiff 044A,Anti-social behaviour,,
5ba9c1513a5da9c4ba9c5c434b1d47e9d9eb18e64cb41eb59068c24ff6697934,2024-09,South Wales Police,South Wales Police,-3.182484,51.474922,On or near Ferry Terminal,W01001764,Cardiff 044A,Bicycle theft,Investigation complete; no suspect identified,
a45593062354790007d8c5f3fbd7950e91808913c558cbd882ee6b0cb05e4c65,2024-09,South Wales Police,South Wales Police,-3.182484,51.474922,On or near Ferry Terminal,W01001764,Cardiff 044A,Bicycle theft,Investigation complete; no suspect identified,
2ededd3cb3b868b49fed48192503042b7ac948dab917c9c873af349130a46b55,2024-09,South Wales Police,South Wales Police,-3.182484,51.474922,On or near Ferry Terminal,W01001764,Cardiff 044A,Bicycle theft,Investigation complete; no suspect identified,
03932c1c9c625172ef762a96cbd03284208c397464b293adcc6642c0a7db8f73,2024-09,South Wales Police,South Wales Police,-3.185137,51.475048,On or near Pendyris Street,W01001764,Cardiff 044A,Criminal damage and arson,Investigation complete; no suspect identified,
bab77de7782a6dc6ef7a0e7c523b85fb4894d89246a01fee3d0d7b8b3a2f8ef6,2024-09,South Wales Police,South Wales Police,-3.189994,51.474684,On or near Jubilee Street,W01001764,Cardiff 044A,Other theft,Unable to prosecute suspect,
19c37b6590b1a04052191980715943d78a128ba12db99e4888e2dc5268bddbae,2024-09,South Wales Police,South Wales Police,-3.182484,51.474922,On or near Ferry Terminal,W01001764,Cardiff 044A,Other theft,Investigation complete; no suspect identified,
c1b4d8f58849474a8a1a60626c82fc9b0812f387ec57d9c2f6df59ab0c83b9ed,2024-09,South Wales Police,South Wales Police,-3.182585,51.474921,On or near Ferry Terminal,W01001764,Cardiff 044A,Public order,Unable to prosecute suspect,
8767cc64a048fd8cace47fc704aa0ce07a2fdc5f3d8e89eabc239f2e2cdce337,2024-09,South Wales Police,South Wales Police,-3.182484,51.474922,On or near Ferry Terminal,W01001764,Cardiff 044A,Robbery,Investigation complete; no suspect identified,
443620d6b365e64724efbf7f66ecd43a763c47e8aaa4160f1d18c4e7cf842426,2024-09,South Wales Police,South Wales Police,-3.183623,51.472186,On or near Pentre Place,W01001764,Cardiff 044A,Robbery,Unable to prosecute suspect,
7ff68d2ba2b8fdd56e46805bc0ab4161c93d30e825f9e331955f8ff1597efe0f,2024-09,South Wales Police,South Wales Police,-3.183800,51.474018,On or near Hafod Street,W01001764,Cardiff 044A,Vehicle crime,Investigation complete; no suspect identified,
1d7df0f2276ce2ae05a09d3906bfb28fb18d91a8531b971541460fb025e7203a,2024-09,South Wales Police,South Wales Police,-3.188450,51.474547,On or near Allerton Street,W01001764,Cardiff 044A,Vehicle crime,Unable to prosecute suspect,
76e4e9db40037d93765220ff5c8e0a44230b5d938d79167e2f45f1ecb82d6511,2024-09,South Wales Police,South Wales Police,-3.182585,51.474921,On or near Ferry Terminal,W01001764,Cardiff 044A,Vehicle crime,Investigation complete; no suspect identified,
a72f85621a6cdd33f37b773b25c071e3892b4821b07d5b99e705bd19613389e0,2024-09,South Wales Police,South Wales Police,-3.188450,51.474547,On or near Allerton Street,W01001764,Cardiff 044A,Vehicle crime,Investigation complete; no suspect identified,
a53c855220135bed3d91eac1ec58f89d4b393687dee6226dcdddebaa2950cb6d,2024-09,South Wales Police,South Wales Police,-3.185137,51.475048,On or near Pendyris Street,W01001764,Cardiff 044A,Vehicle crime,Under investigation,
957d639b4f32c0f30ad53c2fbf19d82d3f97556682343cc85e8c45ef06814319,2024-09,South Wales Police,South Wales Police,-3.182585,51.474921,On or near Ferry Terminal,W01001764,Cardiff 044A,Vehicle crime,Unable to prosecute suspect,
bf79f2483f033d0f49343e34531ad49a8e7eae6f1d0c04e66a838017269758e6,2024-09,South Wales Police,South Wales Police,-3.184849,51.473936,On or near Dinas Street,W01001764,Cardiff 044A,Vehicle crime,Investigation complete; no suspect identified,
540c8671cc6c48e5a8174976fe5c219c466624265674313d19f52259e35e9b15,2024-09,South Wales Police,South Wales Police,-3.182585,51.474921,On or near Ferry Terminal,W01001764,Cardiff 044A,Vehicle crime,Investigation complete; no suspect identified,
0275c3f26d221c4fc323a235a4ccf844c68af3da78d7c3108a3da46992eac7f3,2024-09,South Wales Police,South Wales Police,-3.185137,51.475048,On or near Pendyris Street,W01001764,Cardiff 044A,Vehicle crime,Investigation complete; no suspect identified,
34734b64b67c74a91981f4a0acb68515e7863f6e06a2a8d2ba471d8d40adf0ac,2024-09,South Wales Police,South Wales Police,-3.182484,51.474922,On or near Ferry Terminal,W01001764,Cardiff 044A,Violence and sexual offences,Investigation complete; no suspect identified,
3738df9c6596a7b26970d34657d6a5a1d15839be8e2ef13d21bd97b40b41d060,2024-09,South Wales Police,South Wales Police,-3.189994,51.474684,On or near Jubilee Street,W01001764,Cardiff 044A,Violence and sexual offences,Unable to prosecute suspect,
b5c0dc8ffe6170b0ee224cbe245e4e4827a46e5890b353935f3fab3304b6d84e,2024-09,South Wales Police,South Wales Police,-3.188450,51.474547,On or near Allerton Street,W01001764,Cardiff 044A,Violence and sexual offences,Under investigation,
79450180069df224694a9c86448e18451d4a2ba7283dee4775883c8cd346914e,2024-09,South Wales Police,South Wales Police,-3.182484,51.474922,On or near Ferry Terminal,W01001764,Cardiff 044A,Violence and sexual offences,Unable to prosecute suspect,
,2024-09,South Wales Police,South Wales Police,-3.185710,51.472722,On or near Universal Street,W01001765,Cardiff 044B,Anti-social behaviour,,
,2024-09,South Wales Police,South Wales Police,-3.183081,51.470707,On or near Blaenclydach Street,W01001765,Cardiff 044B,Anti-social behaviour,,
2176764ce532b305f765c7f6c7e67762838a416ae1152355a819d23b055f54bf,2024-09,South Wales Police,South Wales Police,-3.182443,51.470543,On or near Blaenclydach Place,W01001765,Cardiff 044B,Bicycle theft,Investigation complete; no suspect identified,
cd13f31e8ebad33320c9d72147aa6dc42024de0e7005b9c73b38785bc2b149ab,2024-09,South Wales Police,South Wales Police,-3.183081,51.470707,On or near Blaenclydach Street,W01001765,Cardiff 044B,Bicycle theft,Investigation complete; no suspect identified,
f68dba93ad318501edbdb1908ed89cce6cc94012527ea4afbc7b019441580c1e,2024-09,South Wales Police,South Wales Police,-3.183081,51.470707,On or near Blaenclydach Street,W01001765,Cardiff 044B,Burglary,Investigation complete; no suspect identified,
04d1c31a09590e1f712be1dd1dc876194b0da96ac7127e08eb4594e2997df599,2024-09,South Wales Police,South Wales Police,-3.183081,51.470707,On or near Blaenclydach Street,W01001765,Cardiff 044B,Public order,Investigation complete; no suspect identified,
25616b38db69363dfdb5ca771e123685f41a7c0af0b3fd1c58ab6c360735ba5c,2024-09,South Wales Police,South Wales Police,-3.184871,51.470905,On or near A4160,W01001765,Cardiff 044B,Theft from the person,Unable to prosecute suspect,
0da103c0bf4753bdbf78df7c8d94bc9b689bcafd09d2a48156be9f9f73a5c8e6,2024-09,South Wales Police,South Wales Police,-3.177777,51.467164,On or near Abercynon Street,W01001765,Cardiff 044B,Vehicle crime,Investigation complete; no suspect identified,
96f654866a2fd3076c3180f9550d7b1e48fe1b6b8b98ac72d65991c0da3d658c,2024-09,South Wales Police,South Wales Police,-3.181593,51.467728,On or near Corporation Road,W01001765,Cardiff 044B,Vehicle crime,Investigation complete; no suspect identified,
c7c605c976acc9815bc2c33a90a8122791cb551ffaec4674fb53ad87b66f2809,2024-09,South Wales Police,South Wales Police,-3.185407,51.471565,On or near Pentre Street,W01001765,Cardiff 044B,Violence and sexual offences,Unable to prosecute suspect,
38544c8bc81487ecbddb008ebd9ddc61105a0bff4054ff133b7884cc9e6045d9,2024-09,South Wales Police,South Wales Police,-3.181593,51.467728,On or near Corporation Road,W01001765,Cardiff 044B,Violence and sexual offences,Unable to prosecute suspect,
3f38b282d0524f65d76dfcdff4a6eb7e635e1351788021a25cef4c9b4de8db14,2024-09,South Wales Police,South Wales Police,-3.185407,51.471565,On or near Pentre Street,W01001765,Cardiff 044B,Violence and sexual offences,Unable to prosecute suspect,
d9c5251cc803f0f5eacfe0b17d6f4f9790ba2e82ce587a8a59d0812a897c0e0a,2024-09,South Wales Police,South Wales Police,-3.183081,51.470707,On or near Blaenclydach Street,W01001765,Cardiff 044B,Violence and sexual offences,Unable to prosecute suspect,
da1a96615785b33b19d9aba1353c3e2864050a3443f977ce085d909a46f5cfce,2024-09,South Wales Police,South Wales Police,-3.183081,51.470707,On or near Blaenclydach Street,W01001765,Cardiff 044B,Violence and sexual offences,Unable to prosecute suspect,
,2024-09,South Wales Police,South Wales Police,-3.186972,51.473635,On or near Clare Road,W01001766,Cardiff 044C,Anti-social behaviour,,
73efe2ac230482a7cb27a36e9a20076827f323b9071802385fe711191900a7a9,2024-09,South Wales Police,South Wales Police,-3.192266,51.474013,On or near Somerset Street,W01001766,Cardiff 044C,Criminal damage and arson,Investigation complete; no suspect identified,
6b6248e8b8697fd85297a2199dea858ab0b58345b8051cda43fd080617c80720,2024-09,South Wales Police,South Wales Police,-3.191140,51.472775,On or near Hereford Street,W01001766,Cardiff 044C,Public order,Unable to prosecute suspect,
27da0ba2696d0f1132e4f3143627577a98004465928b28a9a62215aa0608f476,2024-09,South Wales Police,South Wales Police,-3.186972,51.473635,On or near Clare Road,W01001766,Cardiff 044C,Public order,Investigation complete; no suspect identified,
46c2625378cd0d7d7b1b62cd5fb83861dfe747c915c192fffd6333cec2c8cb60,2024-09,South Wales Police,South Wales Police,-3.186972,51.473635,On or near Clare Road,W01001766,Cardiff 044C,Vehicle crime,Investigation complete; no suspect identified,
e21439cbb93d3ac4211499707de61baa8dbe85996be7bdc248105bc9728fc7ee,2024-09,South Wales Police,South Wales Police,-3.191232,51.471353,On or near Ty-Nant Street,W01001766,Cardiff 044C,Vehicle crime,Awaiting court outcome,
4b422e8ba07eb5ddee2c123befeec96ef2735ccbe9391212b0bf4e9784596ddd,2024-09,South Wales Police,South Wales Police,-3.191918,51.474448,On or near Compton Street,W01001766,Cardiff 044C,Violence and sexual offences,Unable to prosecute suspect,
49d6390da1bc5597ef570b3976edf52b2f46a531a0eae9c7a5cb0f9ec3106f88,2024-09,South Wales Police,South Wales Police,-3.189231,51.473576,On or near Stafford Road,W01001766,Cardiff 044C,Violence and sexual offences,Unable to prosecute suspect,
13068dea68bd5baa9d52aba33847a18566471cfda3c7b38c94d905cbe532508d,2024-09,South Wales Police,South Wales Police,-3.192445,51.473688,On or near Wedmore Road,W01001766,Cardiff 044C,Violence and sexual offences,Unable to prosecute suspect,
8abaa7cbbea29aad305e14711fee8fc95da4a9cd6fa7ed64216d98e76be93ed2,2024-09,South Wales Police,South Wales Police,-3.186972,51.473635,On or near Clare Road,W01001766,Cardiff 044C,Violence and sexual offences,Unable to prosecute suspect,
,2024-09,South Wales Police,South Wales Police,-3.190107,51.471814,On or near Devon Street,W01001767,Cardiff 044D,Anti-social behaviour,,
cc8a3736af17c4c87cb48f6342d9d21cb27464a6505eb122cfb6e75ab0b79f4a,2024-09,South Wales Police,South Wales Police,-3.186565,51.469045,On or near Paget Lane,W01001767,Cardiff 044D,Bicycle theft,Investigation complete; no suspect identified,
0c25f339585385976ec78fe3aa152895979ceb5c62ea45085ba95dd4997ad3d5,2024-09,South Wales Police,South Wales Police,-3.187171,51.471862,On or near Chester Place,W01001767,Cardiff 044D,Bicycle theft,Investigation complete; no suspect identified,
770becfbc1634e3c33d023298c327a9b04389e3827367a24cb095b98fdd21e6e,2024-09,South Wales Police,South Wales Police,-3.189108,51.468857,On or near Machen Street,W01001767,Cardiff 044D,Burglary,Investigation complete; no suspect identified,
1692c8c41b5590c1bc623c2baf408542e169f3c49f71e67a9b3667fb6325a31b,2024-09,South Wales Police,South Wales Police,-3.187548,51.469772,On or near Franklen Street,W01001767,Cardiff 044D,Criminal damage and arson,Investigation complete; no suspect identified,
b86ed355db83f9138705b40bbff55483c35fcec1a0e07da31c554bc8b18aaac3,2024-09,South Wales Police,South Wales Police,-3.187548,51.469772,On or near Franklen Street,W01001767,Cardiff 044D,Criminal damage and arson,Investigation complete; no suspect identified,
98a21e80dfd71ae587b3348ad7568556b2bfcf138bde14611867b917ff296dc8,2024-09,South Wales Police,South Wales Police,-3.187689,51.470211,On or near Havelock Place,W01001767,Cardiff 044D,Drugs,Awaiting court outcome,
cb1212c3a1527583e1f01824234d24c1819f8ba04603dffa6d47fe4be51a651d,2024-09,South Wales Police,South Wales Police,-3.189108,51.468857,On or near Machen Street,W01001767,Cardiff 044D,Public order,Investigation complete; no suspect identified,
a100673fdcba3141d448d259ab262912745d987c0a9200569c62688ebdcdc128,2024-09,South Wales Police,South Wales Police,-3.187457,51.470690,On or near Durham Street,W01001767,Cardiff 044D,Public order,Investigation complete; no suspect identified,
bb6a3e1f62aaa4b92aac1c6c41aac7c91bca54c21d5a8194124025d64115fcce,2024-09,South Wales Police,South Wales Police,-3.186565,51.469045,On or near Paget Lane,W01001767,Cardiff 044D,Shoplifting,Investigation complete; no suspect identified,
50de7c9aa033e1f1c3ad91a3d0e441a5167a4f212c4d86a4567eecfc473daf9b,2024-09,South Wales Police,South Wales Police,-3.190107,51.471814,On or near Devon Street,W01001767,Cardiff 044D,Vehicle crime,Investigation complete; no suspect identified,
3c07a1d6b2e691455e4a0a20582bc7c08a29c66e96b108f5029a3642a985b3c8,2024-09,South Wales Police,South Wales Police,-3.187689,51.470211,On or near Havelock Place,W01001767,Cardiff 044D,Vehicle crime,Investigation complete; no suspect identified,
6a078b1e168d474c4cf5b6cf87a6eb7f4c91dbfadaf23a8c4102b1350b0931d3,2024-09,South Wales Police,South Wales Police,-3.189108,51.468857,On or near Machen Street,W01001767,Cardiff 044D,Vehicle crime,Investigation complete; no suspect identified,
34a32768ff9d9a7f065cac7cf7f6d345e6837079c7de4d064ac62904596697ec,2024-09,South Wales Police,South Wales Police,-3.187548,51.469772,On or near Franklen Street,W01001767,Cardiff 044D,Vehicle crime,Investigation complete; no suspect identified,
07298345ee3be6abd0851990508a827bde1f8d743312810ec9d9cfa06f3a9670,2024-09,South Wales Police,South Wales Police,-3.186565,51.469045,On or near Paget Lane,W01001767,Cardiff 044D,Vehicle crime,Investigation complete; no suspect identified,
cde659e0ee360bb5a656fe1cfd32caad62bed0781281847cd7162814b23ac959,2024-09,South Wales Police,South Wales Police,-3.187548,51.469772,On or near Franklen Street,W01001767,Cardiff 044D,Violence and sexual offences,Unable to prosecute suspect,
90bee9c939263324b9371d516bdca4272b2969b1d6f437e28a24068200ff9897,2024-09,South Wales Police,South Wales Police,-3.187548,51.469772,On or near Franklen Street,W01001767,Cardiff 044D,Violence and sexual offences,Under investigation,
5ce993fa876338578806b9fa1883279c03de5527cb3b5822c12711ed2559117a,2024-09,South Wales Police,South Wales Police,-3.187548,51.469772,On or near Franklen Street,W01001767,Cardiff 044D,Violence and sexual offences,Awaiting court outcome,
15bab6f681c56c78d983c93f79913871ba9b36240aa4375e4a716298c367f9aa,2024-09,South Wales Police,South Wales Police,-3.189168,51.471149,On or near Devon Place,W01001767,Cardiff 044D,Violence and sexual offences,Unable to prosecute suspect,
0cc990144784ce26b8d31afb529d9e3ce28b63a949776c5aaf66cca293447d9f,2024-09,South Wales Police,South Wales Police,-3.189907,51.469137,On or near Van Street,W01001767,Cardiff 044D,Violence and sexual offences,Unable to prosecute suspect,
93f518a8d1bf24fadf20c264ea01cc224845287c81ebcafbb1b83a95289f8c25,2024-09,South Wales Police,South Wales Police,-3.186565,51.469045,On or near Paget Lane,W01001767,Cardiff 044D,Violence and sexual offences,Unable to prosecute suspect,
dbfe2befa798a4d22a5971d36f5915c515eea55f460947f8d3c9b5bba0bd2082,2024-09,South Wales Police,South Wales Police,-3.189108,51.468857,On or near Machen Street,W01001767,Cardiff 044D,Other crime,Investigation complete; no suspect identified,
666517bbcb03d4adf33f73af0055197b98fef0dc3ba7acfed0597b77bfd4dac4,2024-09,South Wales Police,South Wales Police,-3.187689,51.470211,On or near Havelock Place,W01001767,Cardiff 044D,Other crime,Unable to prosecute suspect,
103d2becb95fa84cd09d41bf79b53e3fd5bffa34fb809a650bd56cfb10077c5f,2024-09,South Wales Police,South Wales Police,-3.184365,51.470281,On or near Ferndale Street,W01001768,Cardiff 044E,Bicycle theft,Investigation complete; no suspect identified,
1f32852692d34c2ec139cee0a211d2b1d0351353e3685ac310078ea53bbab192,2024-09,South Wales Police,South Wales Police,-3.182164,51.469224,On or near Llanbradach Street,W01001768,Cardiff 044E,Burglary,Awaiting court outcome,
7453112bc550a6a42d00dfcfc77259380edf36f105117a88b8adaa05ee9942cd,2024-09,South Wales Police,South Wales Police,-3.182164,51.469224,On or near Llanbradach Street,W01001768,Cardiff 044E,Burglary,Awaiting court outcome,
488f0094ac478301b8baa344f59602f345410f15b93eb3ba76bd24df0d76562e,2024-09,South Wales Police,South Wales Police,-3.187976,51.469039,On or near North Street,W01001768,Cardiff 044E,Other theft,Investigation complete; no suspect identified,
3b2a48005755146458843e590b85b25009e2aa59c42a61a15b497dc0bc9c840c,2024-09,South Wales Police,South Wales Police,-3.184365,51.470281,On or near Ferndale Street,W01001768,Cardiff 044E,Public order,Investigation complete; no suspect identified,
2f5412bdd2645c3a4b4972ef4e41fa99cc729fbf235be54cbd23c8cfa2bc5702,2024-09,South Wales Police,South Wales Police,-3.185233,51.467664,On or near Penhevad Street,W01001768,Cardiff 044E,Violence and sexual offences,Unable to prosecute suspect,
,2024-09,South Wales Police,South Wales Police,-3.259779,51.469728,On or near Clos Culver,W01001702,Cardiff 045A,Anti-social behaviour,,
,2024-09,South Wales Police,South Wales Police,-3.263713,51.468310,On or near Brundall Crescent,W01001702,Cardiff 045A,Anti-social behaviour,,
,2024-09,South Wales Police,South Wales Police,-3.263713,51.468310,On or near Brundall Crescent,W01001702,Cardiff 045A,Anti-social behaviour,,
dbd650e8866d2d53c5c76197da2d59d4e10d8012914638c57bb6e59901a4bb57,2024-09,South Wales Police,South Wales Police,-3.263713,51.468310,On or near Brundall Crescent,W01001702,Cardiff 045A,Criminal damage and arson,Investigation complete; no suspect identified,
b7fbe18708fde849669aa2ac2774aed9e704c9a1999f237e6b994d6371fff2f7,2024-09,South Wales Police,South Wales Police,-3.259779,51.469728,On or near Clos Culver,W01001702,Cardiff 045A,Criminal damage and arson,Investigation complete; no suspect identified,
0523b402001bdec2d7b2a3decf955762ad81693dfdf32d596c0988acdb26c622,2024-09,South Wales Police,South Wales Police,-3.259779,51.469728,On or near Clos Culver,W01001702,Cardiff 045A,Possession of weapons,Unable to prosecute suspect,
37e389a10ecb8f885b0d16a80344377e9a1d077a363706fafd9a8800acde0adb,2024-09,South Wales Police,South Wales Police,-3.263713,51.468310,On or near Brundall Crescent,W01001702,Cardiff 045A,Public order,Investigation complete; no suspect identified,
a479bdf3dd2710f4350ff53b3e4a6ec34fe2b95dce692cb87214679cc0cd2286,2024-09,South Wales Police,South Wales Police,-3.259832,51.468532,On or near Upper Meadow,W01001702,Cardiff 045A,Violence and sexual offences,Awaiting court outcome,
c5accacfd8df072bcbee151c57c804d92e76a10583f7ad4f1b322f182d149d1b,2024-09,South Wales Police,South Wales Police,-3.259901,51.466337,On or near Worrells Place,W01001702,Cardiff 045A,Violence and sexual offences,Unable to prosecute suspect,
83accfaf9152de58dff2d7548056d4621a14b0c78c499114a9ae5a06ca56351c,2024-09,South Wales Police,South Wales Police,-3.262197,51.467086,On or near Branwen Close,W01001702,Cardiff 045A,Violence and sexual offences,Unable to prosecute suspect,
2b1360d610f3b633203ab0592bd78eb40c17fc1437e78ba73df00ecb9beadb81,2024-09,South Wales Police,South Wales Police,-3.259779,51.469728,On or near Clos Culver,W01001702,Cardiff 045A,Violence and sexual offences,Unable to prosecute suspect,
6b5aa3a9f51563b65bf6ddc58d92ca8bdd77ff5546e82fe6e7057446d23a25a9,2024-09,South Wales Police,South Wales Police,-3.259901,51.466337,On or near Worrells Place,W01001702,Cardiff 045A,Other crime,Investigation complete; no suspect identified,
531a81f8ba577e641243afa26eb2e59831b0994f3a4304cea10c27ed81aac8ab,2024-09,South Wales Police,South Wales Police,-3.246773,51.471666,On or near Heol Trelai,W01001703,Cardiff 045B,Criminal damage and arson,Unable to prosecute suspect,
9868f136a9a7561319ff3ac8aa71ec7a789dcf2f87f0b17b8bf1cfe4e62ca612,2024-09,South Wales Police,South Wales Police,-3.249072,51.473611,On or near Porthcawl Road,W01001703,Cardiff 045B,Drugs,Further investigation is not in the public interest,
109218a20a99995ed99500a0e1512b06a435ecd0ddb52d3d9472b2a7d69ba58a,2024-09,South Wales Police,South Wales Police,-3.245254,51.471385,On or near Saundersfoot Close,W01001703,Cardiff 045B,Possession of weapons,Unable to prosecute suspect,
12d6b7c04364add689297f9eb7dd01664c78987baea3821b2dd9d30e12f7f11c,2024-09,South Wales Police,South Wales Police,-3.249072,51.473611,On or near Porthcawl Road,W01001703,Cardiff 045B,Public order,Unable to prosecute suspect,
39c543a3bba7980853ff304ae2f5fd90a487b4dc218eeb74bd70ce2f1fb50765,2024-09,South Wales Police,South Wales Police,-3.245254,51.471385,On or near Saundersfoot Close,W01001703,Cardiff 045B,Public order,Unable to prosecute suspect,
74f59cc8c08fa985612cea0bcdc8d04c2939d12537a9827fed77713898d4a76b,2024-09,South Wales Police,South Wales Police,-3.249072,51.473611,On or near Porthcawl Road,W01001703,Cardiff 045B,Shoplifting,Under investigation,
0c318d7249c4c9d1f9a92575c1d27929601adb5d954249d24abbca2a34d32db6,2024-09,South Wales Police,South Wales Police,-3.247982,51.473757,On or near Llandovery Close,W01001703,Cardiff 045B,Violence and sexual offences,Under investigation,
4f5772ed1e200faafdc4a72d91f7da4fcfbd09b83d8e480e4afae98b2cc50450,2024-09,South Wales Police,South Wales Police,-3.242878,51.471392,On or near Heol Carnau,W01001703,Cardiff 045B,Violence and sexual offences,Unable to prosecute suspect,
d9dfcff41ce0147273b94cda35a06ba49b3d86679d4565ae5dc3c22c39375992,2024-09,South Wales Police,South Wales Police,-3.248672,51.472140,On or near Pant-Y-Deri Close,W01001703,Cardiff 045B,Violence and sexual offences,Awaiting court outcome,
d05646f4884727e0400b97eef9e62001eb5cb8ba35d534252f5a8745d03abc63,2024-09,South Wales Police,South Wales Police,-3.244338,51.470001,On or near Centurion Close,W01001703,Cardiff 045B,Violence and sexual offences,Unable to prosecute suspect,
b97c33a2caad3fc682277b978f94ba0b1151ec45f1dae5cfaf45803947100a09,2024-09,South Wales Police,South Wales Police,-3.248672,51.472140,On or near Pant-Y-Deri Close,W01001703,Cardiff 045B,Violence and sexual offences,Under investigation,
,2024-09,South Wales Police,South Wales Police,-3.249600,51.470242,On or near Heol Trefgarne,W01001705,Cardiff 045C,Anti-social behaviour,,
,2024-09,South Wales Police,South Wales Police,-3.249600,51.470242,On or near Heol Trefgarne,W01001705,Cardiff 045C,Anti-social behaviour,,
b3f678e6ba3ef99454ed83e365f767494d528b15146d6e33e5b7c64fefc1377a,2024-09,South Wales Police,South Wales Police,-3.252295,51.469827,On or near Heol Trenewydd,W01001705,Cardiff 045C,Burglary,Investigation complete; no suspect identified,
ab582410a4b187dd43af4a3118c82e590849338b4fbb2b11a5fd24f734f10bc0,2024-09,South Wales Police,South Wales Police,-3.253741,51.469011,On or near Clos Briallen,W01001705,Cardiff 045C,Criminal damage and arson,Investigation complete; no suspect identified,
51b698d841528329a7b128d8adbecb59b954ddf68778d1d528dff5272552795c,2024-09,South Wales Police,South Wales Police,-3.255426,51.468498,On or near Heol-Yr-Odyn,W01001705,Cardiff 045C,Other theft,Investigation complete; no suspect identified,
5a39088f6368790d965e16738f1c14f992d1dd3f6175932d466ea19bd69f98b6,2024-09,South Wales Police,South Wales Police,-3.252295,51.469827,On or near Heol Trenewydd,W01001705,Cardiff 045C,Other theft,Investigation complete; no suspect identified,
f6784f49df2b1b69d44ed3146af5009c0d38cfc3ae1c1f3a9de496866c6344dd,2024-09,South Wales Police,South Wales Police,-3.253741,51.469011,On or near Clos Briallen,W01001705,Cardiff 045C,Public order,Under investigation,
4f70baf469e717876bc6f5539f9008e40d08282b932c23ec3a97707b9ede5562,2024-09,South Wales Police,South Wales Police,-3.249600,51.470242,On or near Heol Trefgarne,W01001705,Cardiff 045C,Public order,Further investigation is not in the public interest,
3ed68ff6e40ef2193bf2d5a354caaf8fd89cd43a3d4db8a5dbb93269d8f2bf55,2024-09,South Wales Police,South Wales Police,-3.254552,51.469173,On or near Cwrt-Yr-Ala Avenue,W01001705,Cardiff 045C,Vehicle crime,Investigation complete; no suspect identified,
97e9ddf6cf833b1a26e9f2ad5fe7dcd3cb30b8f87368f794ade9ade54eae1b85,2024-09,South Wales Police,South Wales Police,-3.252057,51.465882,On or near Lauriston Park,W01001705,Cardiff 045C,Violence and sexual offences,Under investigation,
96007ad614565df666c3866f4123a09c99fec920ad05a6655414fcaabcf8dd7a,2024-09,South Wales Police,South Wales Police,-3.254552,51.469173,On or near Cwrt-Yr-Ala Avenue,W01001705,Cardiff 045C,Violence and sexual offences,Unable to prosecute suspect,
d44dd9cf127327c986af376bdd8687f02b3b16e2e7b4de30096df7ba27e1c8d8,2024-09,South Wales Police,South Wales Police,-3.251251,51.465369,On or near Lauriston Close,W01001705,Cardiff 045C,Violence and sexual offences,Under investigation,
e8f2508ab000e0a0ae4002c3a5654cc31c851abba928ebe7e34703e3cd914711,2024-09,South Wales Police,South Wales Police,-3.258005,51.469613,On or near Lon Owain,W01001705,Cardiff 045C,Violence and sexual offences,Unable to prosecute suspect,
9ccd436e34ae39c98bb09f39534a3adeddde9bb53e6afa25261071ec8fe5d79f,2024-09,South Wales Police,South Wales Police,-3.249600,51.470242,On or near Heol Trefgarne,W01001705,Cardiff 045C,Violence and sexual offences,Unable to prosecute suspect,
d505a5ee4ba45e3a6bc6a01a059beac838facd78d71c4587a5801c51cfe6690a,2024-09,South Wales Police,South Wales Police,-3.254552,51.469173,On or near Cwrt-Yr-Ala Avenue,W01001705,Cardiff 045C,Violence and sexual offences,Unable to prosecute suspect,
ca5eff7ddbe6cf9e8ec2493c529e1cf02bf29c2b1b0335369ed1aae750823ff8,2024-09,South Wales Police,South Wales Police,-3.249600,51.470242,On or near Heol Trefgarne,W01001705,Cardiff 045C,Violence and sexual offences,Unable to prosecute suspect,
63dcc83db71b16a1289e80217cc288c6baa02f553d5e1d077a05206f31b2952b,2024-09,South Wales Police,South Wales Police,-3.254552,51.469173,On or near Cwrt-Yr-Ala Avenue,W01001705,Cardiff 045C,Violence and sexual offences,Unable to prosecute suspect,
52ddae29db9bbe8e9c0e358ffaab54e479629f8f13c48606f2fc7a265f4ee123,2024-09,South Wales Police,South Wales Police,-3.253040,51.467076,On or near Cwrt-Yr-Ala Road,W01001705,Cardiff 045C,Violence and sexual offences,Unable to prosecute suspect,
bc97c9e59333843b513d08870c356e220e8e2d381760203ac55b87c42d500085,2024-09,South Wales Police,South Wales Police,-3.253040,51.467076,On or near Cwrt-Yr-Ala Road,W01001705,Cardiff 045C,Violence and sexual offences,Unable to prosecute suspect,
2fb6326177a3aee99f8a965337074d675f187bf49152b38ee0ca2dba228e7455,2024-09,South Wales Police,South Wales Police,-3.253741,51.469011,On or near Clos Briallen,W01001705,Cardiff 045C,Violence and sexual offences,Awaiting court outcome,
f4ce589b365e70b7821e9b396c33af30f2ca64e136184b8caf69c7bc866db69f,2024-09,South Wales Police,South Wales Police,-3.258005,51.469613,On or near Lon Owain,W01001705,Cardiff 045C,Violence and sexual offences,Unable to prosecute suspect,
,2024-09,South Wales Police,South Wales Police,-3.251170,51.473453,On or near Caerau Court Road,W01001708,Cardiff 045D,Anti-social behaviour,,
,2024-09,South Wales Police,South Wales Police,-3.251170,51.473453,On or near Caerau Court Road,W01001708,Cardiff 045D,Anti-social behaviour,,
314b83c9332ec1f77b45759d7f015815606a1ee6fd621dbf256b3c7dc853c5fd,2024-09,South Wales Police,South Wales Police,-3.251135,51.471646,On or near Heol-Y-Berllan,W01001708,Cardiff 045D,Drugs,Unable to prosecute suspect,
55ef55e7c8a3e72a1d37f8c55aaf95d91bd659456c391541b76124b9619dcaf8,2024-09,South Wales Police,South Wales Police,-3.251135,51.471646,On or near Heol-Y-Berllan,W01001708,Cardiff 045D,Violence and sexual offences,Investigation complete; no suspect identified,
7d6585c09d9470a5d16c6b7a9ec9d86a159ff2f746aec360074c6cc925558abe,2024-09,South Wales Police,South Wales Police,-3.251170,51.473453,On or near Caerau Court Road,W01001708,Cardiff 045D,Violence and sexual offences,Unable to prosecute suspect,
cee90843414cd19a910ba1f9e998bb6e52bea5fdc6acf8276e29fa407300a42c,2024-09,South Wales Police,South Wales Police,-3.252535,51.471766,On or near Heol-Y-Gaer,W01001708,Cardiff 045D,Violence and sexual offences,Under investigation,
6c5ebb745de71e8dcd4101279128d10d3cd5a442f1386e8a331ff50eb649eb08,2024-09,South Wales Police,South Wales Police,-3.250380,51.471933,On or near Caerau Road,W01001708,Cardiff 045D,Violence and sexual offences,Unable to prosecute suspect,
01b104d858a4c4e70f4e875bd605eac14e7b9c2e23273fc2e6bb4c23a18753da,2024-09,South Wales Police,South Wales Police,-3.252535,51.471766,On or near Heol-Y-Gaer,W01001708,Cardiff 045D,Violence and sexual offences,Unable to prosecute suspect,
,2024-09,South Wales Police,South Wales Police,-3.192008,51.470743,On or near Virgil Court,W01001759,Cardiff 046A,Anti-social behaviour,,
,2024-09,South Wales Police,South Wales Police,-3.198814,51.467832,On or near Bessemer Road,W01001759,Cardiff 046A,Anti-social behaviour,,
,2024-09,South Wales Police,South Wales Police,-3.194536,51.472704,On or near Waterford Close,W01001759,Cardiff 046A,Anti-social behaviour,,
4621159b60269e7c5d8eb42fdf5406cb3e2f310e952f35101ddc921d30f9d3a8,2024-09,South Wales Police,South Wales Police,-3.195034,51.469750,On or near Wynnstay Close,W01001759,Cardiff 046A,Bicycle theft,Investigation complete; no suspect identified,
efdcc69e72fa2d180f703d92f3a30ac20da8340498587d42a5b6ed0214de53f1,2024-09,South Wales Police,South Wales Police,-3.199720,51.465620,On or near Petrol Station,W01001759,Cardiff 046A,Burglary,Investigation complete; no suspect identified,
b254aa8ff6d85bfc83bcd6bf1c16cdd55a976ae23df2dbbe9637aac0e57804e8,2024-09,South Wales Police,South Wales Police,-3.195642,51.469870,On or near Petrol Station,W01001759,Cardiff 046A,Burglary,Unable to prosecute suspect,
da587c1bb353f959f3bf59097f8de0b9a2dc44f6aea56c99abc3ce9386aa11dc,2024-09,South Wales Police,South Wales Police,-3.199720,51.465620,On or near Petrol Station,W01001759,Cardiff 046A,Burglary,Unable to prosecute suspect,
500c1eff42ec8b7e4b5167a47e7fb21c95624a6143d2e470dcdcbb9eb73dfbdb,2024-09,South Wales Police,South Wales Police,-3.195642,51.469870,On or near Petrol Station,W01001759,Cardiff 046A,Burglary,Unable to prosecute suspect,
f80c1ba378e251d3899fd1dc6887879ffb2b3a8d6ac686b504aea5545b8a0ac5,2024-09,South Wales Police,South Wales Police,-3.197865,51.471196,On or near Sloper Road,W01001759,Cardiff 046A,Burglary,Awaiting court outcome,
742935ac54e41ce24239b202b5d1981b3ab5db30cf250ff0ae2335e2bffccba7,2024-09,South Wales Police,South Wales Police,-3.194536,51.472704,On or near Waterford Close,W01001759,Cardiff 046A,Other theft,Investigation complete; no suspect identified,
c84a409485ee03f0d7784f336fbbc7d720434bce323f16575b956f358326fdbf,2024-09,South Wales Police,South Wales Police,-3.199720,51.465620,On or near Petrol Station,W01001759,Cardiff 046A,Other theft,Under investigation,
d075c3847bf661f7366d3dbcad5ef05169e7479bd10c04107e1fcc8b48e23375,2024-09,South Wales Police,South Wales Police,-3.199720,51.465620,On or near Petrol Station,W01001759,Cardiff 046A,Other theft,Investigation complete; no suspect identified,
150a9537e0d3bc47523fd65a4bc8d1398bf471fa72ec112c8c0839affecadb7f,2024-09,South Wales Police,South Wales Police,-3.199720,51.465620,On or near Petrol Station,W01001759,Cardiff 046A,Other theft,Investigation complete; no suspect identified,
69e8893cbf7a7ecea6c70b325824c381bb3b69f2503ccdeedb457507f10e5ecd,2024-09,South Wales Police,South Wales Police,-3.195034,51.469750,On or near Wynnstay Close,W01001759,Cardiff 046A,Public order,Investigation complete; no suspect identified,
7d2ed4f8eb094d3362838501d2f6c009e798116d34f25c990efeee38d948b5f2,2024-09,South Wales Police,South Wales Police,-3.198814,51.467832,On or near Bessemer Road,W01001759,Cardiff 046A,Public order,Unable to prosecute suspect,
1e4f3e5095947ab1516e7c68c165e9ffd550f35324a7fbf6d4a6747e3facda75,2024-09,South Wales Police,South Wales Police,-3.200742,51.470818,On or near Sports/Recreation Area,W01001759,Cardiff 046A,Shoplifting,Investigation complete; no suspect identified,
b38ec062bf8ccbdb8428b6ec9bb82005a8c00a3b7dde91f21c096759e6edeb4b,2024-09,South Wales Police,South Wales Police,-3.194998,51.467268,On or near Blaise Place,W01001759,Cardiff 046A,Vehicle crime,Investigation complete; no suspect identified,
ac8f53adab2a520dfaf2199a473f4d9ad32b261fef36b6afb9190d4bb023e2bd,2024-09,South Wales Police,South Wales Police,-3.189571,51.467261,On or near Grangetown,W01001759,Cardiff 046A,Vehicle crime,Investigation complete; no suspect identified,
7ff9a074d1528e225233f36094eb615437efefbe3ab703af3eeb25c144ffc0d9,2024-09,South Wales Police,South Wales Police,-3.194998,51.467268,On or near Blaise Place,W01001759,Cardiff 046A,Vehicle crime,Investigation complete; no suspect identified,
a8aa21d4fd4ecdc6254bf1befd119761611301f8c2ce2e92842c20d16db4cd3a,2024-09,South Wales Police,South Wales Police,-3.194998,51.467268,On or near Blaise Place,W01001759,Cardiff 046A,Vehicle crime,Investigation complete; no suspect identified,
c5ccadf44938440cba3aa66266e36b48d50ae83799278d88f28195a0b38ea8f7,2024-09,South Wales Police,South Wales Police,-3.199720,51.465620,On or near Petrol Station,W01001759,Cardiff 046A,Vehicle crime,Investigation complete; no suspect identified,
e484dddeded768f9c72856fe8e711b6fc679573e1b920175c1f7f3178f81f1fc,2024-09,South Wales Police,South Wales Police,-3.195034,51.469750,On or near Wynnstay Close,W01001759,Cardiff 046A,Violence and sexual offences,Under investigation,
2d126e351e46664136fde57bb998cfadb086998b01aa402d8b3408ff01481726,2024-09,South Wales Police,South Wales Police,-3.189571,51.467261,On or near Grangetown,W01001759,Cardiff 046A,Violence and sexual offences,Unable to prosecute suspect,
291979c2453cfa42b8ab193c40003839db9415a2c01a8935da88f8ead41d93ff,2024-09,South Wales Police,South Wales Police,-3.189571,51.467261,On or near Grangetown,W01001759,Cardiff 046A,Violence and sexual offences,Unable to prosecute suspect,
f489724b28e0dabe32773dc8ada976fb7ba6f7d3e8e757b3089eab00265815b7,2024-09,South Wales Police,South Wales Police,-3.197865,51.471196,On or near Sloper Road,W01001759,Cardiff 046A,Violence and sexual offences,Unable to prosecute suspect,
55f3b63a46e02e79cb86f4d86309a1477533c7f69a3839eed95348d9a99c1d50,2024-09,South Wales Police,South Wales Police,-3.195371,51.468865,On or near Langham Way,W01001759,Cardiff 046A,Violence and sexual offences,Unable to prosecute suspect,
75ada930fe591f2d802c9bcd91bee6ac1e164f0a8f05662e37e9104336769d4b,2024-09,South Wales Police,South Wales Police,-3.194698,51.468431,On or near Osborne Square,W01001759,Cardiff 046A,Violence and sexual offences,Unable to prosecute suspect,
42c2c4a0ba569cda00e4db22981522a058b7b157174dba3bc2df67963893185b,2024-09,South Wales Police,South Wales Police,-3.189571,51.467261,On or near Grangetown,W01001759,Cardiff 046A,Violence and sexual offences,Awaiting court outcome,
112c53b1120f533dec3629b937d3173e432ab84ee81fedebabd8732634b8543f,2024-09,South Wales Police,South Wales Police,-3.197522,51.468538,On or near Faber Way,W01001759,Cardiff 046A,Other crime,Under investigation,
,2024-09,South Wales Police,South Wales Police,-3.175145,51.465554,On or near Petrol Station,W01001760,Cardiff 046B,Anti-social behaviour,,
,2024-09,South Wales Police,South Wales Police,-3.178181,51.463842,On or near Avondale Gardens,W01001760,Cardiff 046B,Anti-social behaviour,,
9879a2fa45cb1ec13123899a3df521f3e3cc86cd47cc671655d11d8216a5d5fd,2024-09,South Wales Police,South Wales Police,-3.176584,51.466663,On or near Taff Terrace,W01001760,Cardiff 046B,Bicycle theft,Under investigation,
776afec5ba7bac8b3c4319deb982a3dd058e485ef7df986e238113f6efea967a,2024-09,South Wales Police,South Wales Police,-3.180814,51.466576,On or near Grange Place,W01001760,Cardiff 046B,Criminal damage and arson,Investigation complete; no suspect identified,
1bf2437368afe90002dc959ebae4f2ba635143b666e233bb65cc974db638820c,2024-09,South Wales Police,South Wales Police,-3.180814,51.466576,On or near Grange Place,W01001760,Cardiff 046B,Criminal damage and arson,Investigation complete; no suspect identified,
7c20bbf69c19e445bdfa7fcc781f4899c9095af3f7c37ee5dc141eab553cf4b0,2024-09,South Wales Police,South Wales Police,-3.176338,51.464912,On or near Horle Close,W01001760,Cardiff 046B,Criminal damage and arson,Unable to prosecute suspect,
b9336e7bf22c792bf011c9f9492218393db6c9f38cb9d663d128172ad8588a6d,2024-09,South Wales Police,South Wales Police,-3.175145,51.465554,On or near Petrol Station,W01001760,Cardiff 046B,Other theft,Investigation complete; no suspect identified,
09b81875c42665b19fe528d9ea1b7e1fc45b9be74e1306055fe2baa4c321a82c,2024-09,South Wales Police,South Wales Police,-3.180854,51.465308,On or near Cambridge Street,W01001760,Cardiff 046B,Vehicle crime,Investigation complete; no suspect identified,
bd68c98767e13394483b6aee01c2f2868fdbd95d2a8bc7f00fd5a4ee9aac736f,2024-09,South Wales Police,South Wales Police,-3.176027,51.464043,On or near Avondale Gardens South,W01001760,Cardiff 046B,Vehicle crime,Unable to prosecute suspect,
c832667048e308fe7d40f9b1be433bbb16d129ce74170c483de1ca1cdbb9fc69,2024-09,South Wales Police,South Wales Police,-3.175145,51.465554,On or near Petrol Station,W01001760,Cardiff 046B,Vehicle crime,Unable to prosecute suspect,
f06fc5f767aae66a5a6f8ceb9934b8e3e4bdd61c4918ec5d01a8b1af3728e4cf,2024-09,South Wales Police,South Wales Police,-3.176338,51.464912,On or near Horle Close,W01001760,Cardiff 046B,Vehicle crime,Unable to prosecute suspect,
,2024-09,South Wales Police,South Wales Police,-3.183240,51.466830,On or near Grange Gardens,W01001761,Cardiff 046C,Anti-social behaviour,,
91d58869e06ba01d313ca06a3fd806fcaea4e20946e60b15b7ca7f8d06196ef4,2024-09,South Wales Police,South Wales Police,-3.188004,51.465154,On or near Clive Lane,W01001761,Cardiff 046C,Bicycle theft,Investigation complete; no suspect identified,
208692dbccc2d833380e4ad66f781d743d3a9f10f0125cdb50a7c2a0c4101a4c,2024-09,South Wales Police,South Wales Police,-3.183240,51.466830,On or near Grange Gardens,W01001761,Cardiff 046C,Bicycle theft,Investigation complete; no suspect identified,
18a94cf48415aede97db8d90215ea008a496c6a5a7cbeb1fe524a4ef38b663c6,2024-09,South Wales Police,South Wales Police,-3.188004,51.465154,On or near Clive Lane,W01001761,Cardiff 046C,Bicycle theft,Investigation complete; no suspect identified,
d4f3337f468ca7553b0e1c56f93fc95d684cb1c87a399b2f50fc3a44dc062678,2024-09,South Wales Police,South Wales Police,-3.185720,51.467569,On or near Paget Street,W01001761,Cardiff 046C,Other theft,Investigation complete; no suspect identified,
6651fba31ba06d17b4a4cba3f04252ff9be253c3274561c306b08bdaa590accd,2024-09,South Wales Police,South Wales Police,-3.188004,51.465154,On or near Clive Lane,W01001761,Cardiff 046C,Public order,Awaiting court outcome,
b5ec19a69ad5a251b2908a887d287489a074feb702755fa4a93de2abdec9b341,2024-09,South Wales Police,South Wales Police,-3.183240,51.466830,On or near Grange Gardens,W01001761,Cardiff 046C,Violence and sexual offences,Under investigation,
0ab730ea96b4054193776f48f386ebec4f2108aa01f92e9e052e5add92f33a1a,2024-09,South Wales Police,South Wales Police,-3.187306,51.465440,On or near Clive Street,W01001761,Cardiff 046C,Violence and sexual offences,Investigation complete; no suspect identified,
5bb2618b5fb95a646e8a40b36a6c0787d7bc1032dba21baa22b38c3d29adfc15,2024-09,South Wales Police,South Wales Police,-3.188004,51.465154,On or near Clive Lane,W01001761,Cardiff 046C,Violence and sexual offences,Awaiting court outcome,
18cd4ba4eb96ea5f98b4b68d6c669636c62cc9d26340881efd4ae4cbd2a8042e,2024-09,South Wales Police,South Wales Police,-3.185720,51.467569,On or near Paget Street,W01001761,Cardiff 046C,Violence and sexual offences,Awaiting court outcome,
561b80762e21ab6fab6e5f789ac06fb763ca2687f709eeb795e0233e2c4cb067,2024-09,South Wales Police,South Wales Police,-3.185720,51.467569,On or near Paget Street,W01001761,Cardiff 046C,Violence and sexual offences,Unable to prosecute suspect,
,2024-09,South Wales Police,South Wales Police,-3.183989,51.462983,On or near Earl Street,W01001762,Cardiff 046D,Anti-social behaviour,,
,2024-09,South Wales Police,South Wales Police,-3.181082,51.464127,On or near Ludlow Close,W01001762,Cardiff 046D,Anti-social behaviour,,
3df28b6d9a928137a6bac5ba955d05374207748a72e51d7a4547d42660a89c76,2024-09,South Wales Police,South Wales Police,-3.183989,51.462983,On or near Earl Street,W01001762,Cardiff 046D,Burglary,Investigation complete; no suspect identified,
0ff97be8f2346c536e3aca0e755bdb41028089e9057618804c6eea3da097ceec,2024-09,South Wales Police,South Wales Police,-3.186300,51.461611,On or near York Place,W01001762,Cardiff 046D,Burglary,Investigation complete; no suspect identified,
3d9ca0d8e2035a03a81c9c14b30445b59a4d8737bee8d1d8cc1c47ff62398765,2024-09,South Wales Police,South Wales Police,-3.185982,51.463763,On or near Worcester Street,W01001762,Cardiff 046D,Burglary,Under investigation,
08fc9fb4a171cf08346139783584b0593e09cad82b068658e971aaf9c6dbb872,2024-09,South Wales Police,South Wales Police,-3.186373,51.464982,On or near Hewell Street,W01001762,Cardiff 046D,Drugs,Under investigation,
90bb18b30c415a060b4eeb64c9399ca948e4976720fdc98672e9cf594406d5a8,2024-09,South Wales Police,South Wales Police,-3.183989,51.462983,On or near Earl Street,W01001762,Cardiff 046D,Other theft,Investigation complete; no suspect identified,
083d9a4b655833d2de78f71f8e211713c5292075d2dc2ff3e3fc5c0a32f3555e,2024-09,South Wales Police,South Wales Police,-3.186300,51.461611,On or near York Place,W01001762,Cardiff 046D,Other theft,Unable to prosecute suspect,
b4ad58f187df6ffe7815752cbd18f251564e95d09a260ca5a25c6e294341808d,2024-09,South Wales Police,South Wales Police,-3.181082,51.464127,On or near Ludlow Close,W01001762,Cardiff 046D,Other theft,Investigation complete; no suspect identified,
4c5f902b78148a9bb3dbba59c8f8456a5f71b4961261f06503369129e9feba76,2024-09,South Wales Police,South Wales Police,-3.183900,51.464531,On or near Sevenoaks Street,W01001762,Cardiff 046D,Public order,Investigation complete; no suspect identified,
8e4d328a4e22124e4dfaeb9df370299b06d8f750ed6b57ab6dd3b88ef9bc50e9,2024-09,South Wales Police,South Wales Police,-3.183900,51.464531,On or near Sevenoaks Street,W01001762,Cardiff 046D,Public order,Investigation complete; no suspect identified,
54ae603e901222534525a4aaa4fcd145e10e7b353191f7abe0bef73e7b668a8f,2024-09,South Wales Police,South Wales Police,-3.181082,51.464127,On or near Ludlow Close,W01001762,Cardiff 046D,Public order,Unable to prosecute suspect,
2fcd52d51d48683bac7bb788565c58fb5083bdf82bb424b59ef43bb886a09090,2024-09,South Wales Police,South Wales Police,-3.186300,51.461611,On or near York Place,W01001762,Cardiff 046D,Robbery,Investigation complete; no suspect identified,
351e9fa8847164fb4be1c00505ed6a7fa97d11b3cf691ad8c275eae5c5cb3a3a,2024-09,South Wales Police,South Wales Police,-3.185982,51.463763,On or near Worcester Street,W01001762,Cardiff 046D,Violence and sexual offences,Under investigation,
a51f841374c5ff3c6d820c2df93d56baa758876ad63c9e82f7a9b60881e8b86c,2024-09,South Wales Police,South Wales Police,-3.181082,51.464127,On or near Ludlow Close,W01001762,Cardiff 046D,Violence and sexual offences,Under investigation,
2e33012aa41fd2c7f16bccd5e48e57579ce90d7b3426c15fdd93ec2d94715ac8,2024-09,South Wales Police,South Wales Police,-3.185982,51.463763,On or near Worcester Street,W01001762,Cardiff 046D,Violence and sexual offences,Unable to prosecute suspect,
7841e1a938a48d25cfe6c29f86432c0cf42a1215ea9cdd988ddf09e853dae6a0,2024-09,South Wales Police,South Wales Police,-3.183989,51.462983,On or near Earl Street,W01001762,Cardiff 046D,Violence and sexual offences,Unable to prosecute suspect,
ab45bf627472842a549caffe9018c8cd3c43d0bcb70ba59cb53191ef96cb5fad,2024-09,South Wales Police,South Wales Police,-3.182069,51.463866,On or near Kent Street,W01001762,Cardiff 046D,Violence and sexual offences,Unable to prosecute suspect,
5978e53f3f91dfd88d4bf832f366c84ab5e3c2db7d5504696a1ac1180d84ed7a,2024-09,South Wales Police,South Wales Police,-3.186300,51.461611,On or near York Place,W01001762,Cardiff 046D,Violence and sexual offences,Unable to prosecute suspect,
f850928a5b8c6c69f7d55eb17aa7f895c6d96708855f2836df628f91943178e2,2024-09,South Wales Police,South Wales Police,-3.185982,51.463763,On or near Worcester Street,W01001762,Cardiff 046D,Violence and sexual offences,Unable to prosecute suspect,
,2024-09,South Wales Police,South Wales Police,-3.155697,51.466745,On or near Parking Area,W01001940,Cardiff 048A,Anti-social behaviour,,
,2024-09,South Wales Police,South Wales Police,-3.159470,51.465638,On or near Falcon Drive,W01001940,Cardiff 048A,Anti-social behaviour,,
6970cc206dab73966d4a695c610f0aa244dee7874677d70350dc00b001394217,2024-09,South Wales Police,South Wales Police,-3.159470,51.465638,On or near Falcon Drive,W01001940,Cardiff 048A,Bicycle theft,Investigation complete; no suspect identified,
3fb6a75c21bb030bcf1ce78b029cf6661002e073d4eeece3462331e8a4a50d24,2024-09,South Wales Police,South Wales Police,-3.155697,51.466745,On or near Parking Area,W01001940,Cardiff 048A,Criminal damage and arson,Under investigation,
cdc4d977060f3010b6d3559df6fe001999eb2a256ef88db4d69ca9d8a596c10b,2024-09,South Wales Police,South Wales Police,-3.141945,51.470630,On or near Coaster Place,W01001940,Cardiff 048A,Criminal damage and arson,Investigation complete; no suspect identified,
32ad91cad11707d99786338cd4b08ecd0454d1f54f853f5e1387d6332ed89a44,2024-09,South Wales Police,South Wales Police,-3.159470,51.465638,On or near Falcon Drive,W01001940,Cardiff 048A,Public order,Investigation complete; no suspect identified,
3a1a45352211a3d11d674610da2f5d8ec79e40b3cddf1e1181f738bdb5b72e95,2024-09,South Wales Police,South Wales Police,-3.145903,51.468289,On or near Old Clipper Road,W01001940,Cardiff 048A,Vehicle crime,Investigation complete; no suspect identified,
7cf7093782c5e092dcc80516d12562c549def82e7e61d7349ff4eff031516cac,2024-09,South Wales Police,South Wales Police,-3.145903,51.468289,On or near Old Clipper Road,W01001940,Cardiff 048A,Violence and sexual offences,Under investigation,
af5df92d8ba8d93da6941ecc5015c23ac6cc53171287ca90035abf971c7eb906,2024-09,South Wales Police,South Wales Police,-3.159308,51.466119,On or near Supermarket,W01001940,Cardiff 048A,Violence and sexual offences,Under investigation,
031e79d6cb7175a92f5bc698a6ae27d7f3c6aa251d79cf677908883438a2d2c2,2024-09,South Wales Police,South Wales Police,-3.155697,51.466745,On or near Parking Area,W01001940,Cardiff 048A,Violence and sexual offences,Unable to prosecute suspect,
6125e4f68074fb8e16cfeb1b48a11431ed58ddba073242ea7e7d0aa777bfb438,2024-09,South Wales Police,South Wales Police,-3.159308,51.466119,On or near Supermarket,W01001940,Cardiff 048A,Violence and sexual offences,Unable to prosecute suspect,
,2024-09,South Wales Police,South Wales Police,-3.156477,51.465686,On or near Adventurers Quay,W01001943,Cardiff 048B,Anti-social behaviour,,
,2024-09,South Wales Police,South Wales Police,-3.156477,51.465686,On or near Adventurers Quay,W01001943,Cardiff 048B,Anti-social behaviour,,
,2024-09,South Wales Police,South Wales Police,-3.164914,51.464064,On or near Bute Crescent,W01001943,Cardiff 048B,Anti-social behaviour,,
,2024-09,South Wales Police,South Wales Police,-3.165719,51.470791,On or near Barquentine Place,W01001943,Cardiff 048B,Anti-social behaviour,,
,2024-09,South Wales Police,South Wales Police,-3.164914,51.464064,On or near Bute Crescent,W01001943,Cardiff 048B,Anti-social behaviour,,
,2024-09,South Wales Police,South Wales Police,-3.164914,51.464064,On or near Bute Crescent,W01001943,Cardiff 048B,Anti-social behaviour,,
,2024-09,South Wales Police,South Wales Police,-3.171616,51.460446,On or near Windsor Esplanade,W01001943,Cardiff 048B,Anti-social behaviour,,
,2024-09,South Wales Police,South Wales Police,-3.164914,51.464064,On or near Bute Crescent,W01001943,Cardiff 048B,Anti-social behaviour,,
,2024-09,South Wales Police,South Wales Police,-3.164914,51.464064,On or near Bute Crescent,W01001943,Cardiff 048B,Anti-social behaviour,,
,2024-09,South Wales Police,South Wales Police,-3.166596,51.462825,On or near Stuart Place,W01001943,Cardiff 048B,Anti-social behaviour,,
7d984b9cdc79b769b739090ff2c6c7287bf6514e86654698bbb82e55fd05842c,2024-09,South Wales Police,South Wales Police,-3.164914,51.464064,On or near Bute Crescent,W01001943,Cardiff 048B,Bicycle theft,Investigation complete; no suspect identified,
71aaec8735b075fd40bdb9a62417ea081952d595250a68ddd8bd7de24fb36cce,2024-09,South Wales Police,South Wales Police,-3.164914,51.464064,On or near Bute Crescent,W01001943,Cardiff 048B,Bicycle theft,Unable to prosecute suspect,
40fc55c323ffaa228765d7a0766afdd5994dbccc5515410563c6034687feee25,2024-09,South Wales Police,South Wales Police,-3.164914,51.464064,On or near Bute Crescent,W01001943,Cardiff 048B,Burglary,Investigation complete; no suspect identified,
88e652e40bbc87bdc7672229b30a10d095e7551b8789e9da246923edba4eb280,2024-09,South Wales Police,South Wales Police,-3.166596,51.462825,On or near Stuart Place,W01001943,Cardiff 048B,Criminal damage and arson,Investigation complete; no suspect identified,
3112af31a297d17861052054e7f7c5a59be8458220ac8ea8c66cd3f65cfad1c0,2024-09,South Wales Police,South Wales Police,-3.164914,51.464064,On or near Bute Crescent,W01001943,Cardiff 048B,Other theft,Investigation complete; no suspect identified,
4d411da9df9d20311156326b208dca587927951fda8702991ce649ec41d52d4a,2024-09,South Wales Police,South Wales Police,-3.166670,51.461205,On or near Ferry Terminal,W01001943,Cardiff 048B,Public order,Unable to prosecute suspect,
95736289a1e4c84a2137c2dc878c7032ef91908b99e23e72cd4cfa86aa0e363e,2024-09,South Wales Police,South Wales Police,-3.164914,51.464064,On or near Bute Crescent,W01001943,Cardiff 048B,Shoplifting,Investigation complete; no suspect identified,
2c5484219ebddd666f47b77a138b4f634d662717b27fa2fae1d28a02394ad9ac,2024-09,South Wales Police,South Wales Police,-3.164914,51.464064,On or near Bute Crescent,W01001943,Cardiff 048B,Shoplifting,Investigation complete; no suspect identified,
d63dd87f7a1fa690ba5b81bb9dce9e28f5374499e9c30517a932ea16aa228888,2024-09,South Wales Police,South Wales Police,-3.164914,51.464064,On or near Bute Crescent,W01001943,Cardiff 048B,Shoplifting,Investigation complete; no suspect identified,
0a254d7bbf2a401f93054537b96de7d127030db8207cba07341ee82202a20f69,2024-09,South Wales Police,South Wales Police,-3.164914,51.464064,On or near Bute Crescent,W01001943,Cardiff 048B,Shoplifting,Awaiting court outcome,
7eac185b28b7425967e5c66cfa7ac914b11b644535093232d109f5e8484c93f4,2024-09,South Wales Police,South Wales Police,-3.164914,51.464064,On or near Bute Crescent,W01001943,Cardiff 048B,Shoplifting,Investigation complete; no suspect identified,
ccc3263644ca74eea1422a1b616644f2f7c0932ff026af9dd758c53b7a4c5d8f,2024-09,South Wales Police,South Wales Police,-3.164914,51.464064,On or near Bute Crescent,W01001943,Cardiff 048B,Shoplifting,Investigation complete; no suspect identified,
939fe928cbac800934449373e8335e1ebd54fe532ad8b8cee9ebf9e5f2c01c89,2024-09,South Wales Police,South Wales Police,-3.164914,51.464064,On or near Bute Crescent,W01001943,Cardiff 048B,Shoplifting,Investigation complete; no suspect identified,
5eda8ffbbe936adb75cccbf52790faa6214cabe6ddfb79f683dca870b97cc09e,2024-09,South Wales Police,South Wales Police,-3.166462,51.464912,On or near Ship Lane,W01001943,Cardiff 048B,Vehicle crime,Investigation complete; no suspect identified,
531f3b70e1f5e8de7c70cfcef5350a39b89e1f802707a8c2ab958e2f66a00f3b,2024-09,South Wales Police,South Wales Police,-3.168601,51.470889,On or near Rhodfa Lloyd George,W01001943,Cardiff 048B,Vehicle crime,Investigation complete; no suspect identified,
3d2b61cdd1a29b18e4e6866b90a62ccea054934c01fa9ec54114cb0e2a6ebf14,2024-09,South Wales Police,South Wales Police,-3.162885,51.467492,On or near Parking Area,W01001943,Cardiff 048B,Vehicle crime,Under investigation,
72cf15bac33d5502971d9c3bdaf259571c775451e660d8f701db32aa59b58d93,2024-09,South Wales Police,South Wales Police,-3.166596,51.462825,On or near Stuart Place,W01001943,Cardiff 048B,Violence and sexual offences,Unable to prosecute suspect,
6a41d59def12bc2730100567c8e860c99a52474c541034bef1ecc4bea5f5be0c,2024-09,South Wales Police,South Wales Police,-3.164914,51.464064,On or near Bute Crescent,W01001943,Cardiff 048B,Violence and sexual offences,Investigation complete; no suspect identified,
0de8c2bb045a44b32721a9c574455bf4de999169b39cdee5edd1e221bf0ade5e,2024-09,South Wales Police,South Wales Police,-3.166596,51.462825,On or near Stuart Place,W01001943,Cardiff 048B,Violence and sexual offences,Awaiting court outcome,
f778f884c992011e0da110f91ac29f144165a5cf4163df1002341f40da00134b,2024-09,South Wales Police,South Wales Police,-3.162885,51.467492,On or near Parking Area,W01001943,Cardiff 048B,Violence and sexual offences,Investigation complete; no suspect identified,
a84fc8059de172d328b22f51695e77fb865903b29bb907488c94d5d11275f5c0,2024-09,South Wales Police,South Wales Police,-3.161586,51.453671,On or near Parking Area,W01001943,Cardiff 048B,Violence and sexual offences,Unable to prosecute suspect,
a50a9cd2ba36c8e9ae376f543bbe1b3e6897f3923c7a637b4305a2094c9b87cd,2024-09,South Wales Police,South Wales Police,-3.166596,51.462825,On or near Stuart Place,W01001943,Cardiff 048B,Violence and sexual offences,Investigation complete; no suspect identified,
a36f9ece73fd918604af68bb5b343f0ce61c970801b915a164d50a28caeaac91,2024-09,South Wales Police,South Wales Police,-3.166462,51.464912,On or near Ship Lane,W01001943,Cardiff 048B,Violence and sexual offences,Unable to prosecute suspect,
17a2d8ebc60259d53d9d1ba4455935289ec0d76825bf5a498b08c2451a6dcf25,2024-09,South Wales Police,South Wales Police,-3.166670,51.461205,On or near Ferry Terminal,W01001943,Cardiff 048B,Violence and sexual offences,Awaiting court outcome,
f1e20835c6fb5c9f813b0f5924778dca686719c203edb66c0675f30b4b3fc416,2024-09,South Wales Police,South Wales Police,-3.166670,51.461205,On or near Ferry Terminal,W01001943,Cardiff 048B,Violence and sexual offences,Awaiting court outcome,
74925b7cae14caf3c631a3bb29f18e4a564d5b1fa9aeef1bd6b523ec2bc8d39b,2024-09,South Wales Police,South Wales Police,-3.166462,51.464912,On or near Ship Lane,W01001943,Cardiff 048B,Violence and sexual offences,Unable to prosecute suspect,
d5f1174ee576d681631ebea130a1aa0bb1547d691e14db8048b7cb0891e2f4f5,2024-09,South Wales Police,South Wales Police,-3.171616,51.460446,On or near Windsor Esplanade,W01001943,Cardiff 048B,Violence and sexual offences,Unable to prosecute suspect,
7a6f4e45c0b7f2160bddb78e90cbc4c48bb1dc7da06d2783a7bb70253c2b95e5,2024-09,South Wales Police,South Wales Police,-3.166596,51.462825,On or near Stuart Place,W01001943,Cardiff 048B,Other crime,Awaiting court outcome,
6c4413f4c5b28c8916f1fc9dd24804f66a4d259618155985497aca78e987a71d,2024-09,South Wales Police,South Wales Police,-3.166596,51.462825,On or near Stuart Place,W01001943,Cardiff 048B,Other crime,Unable to prosecute suspect,
77a3a34a6ebdf86e29ab01a1a1762691d87e2215c41b3b2f631ce6e40d6b099a,2024-09,South Wales Police,South Wales Police,-3.164914,51.464064,On or near Bute Crescent,W01001943,Cardiff 048B,Other crime,Awaiting court outcome,
,2024-09,South Wales Police,South Wales Police,-3.160627,51.468693,On or near Galleon Way,W01001944,Cardiff 048C,Anti-social behaviour,,
8ab67240a4d03a3edd2aedb981471f798ddd80d61f8d45def99fd9840ccd955c,2024-09,South Wales Police,South Wales Police,-3.165889,51.472381,On or near Schooner Way,W01001944,Cardiff 048C,Criminal damage and arson,Investigation complete; no suspect identified,
403b5b8242320408a25ecdd8af358eb58720ee440ebbdbba21cde61079e94a10,2024-09,South Wales Police,South Wales Police,-3.160627,51.468693,On or near Galleon Way,W01001944,Cardiff 048C,Other theft,Investigation complete; no suspect identified,
caa925cbc2a3342bf0ce04b2847ff7ffdc07d050bd2591f047900aa2a384c37b,2024-09,South Wales Police,South Wales Police,-3.168765,51.472218,On or near Silurian Place,W01001944,Cardiff 048C,Vehicle crime,Investigation complete; no suspect identified,
5771619acf796f9b76c00ba21f636872e6b98a7265bf9e59dac17f7677e8cdfd,2024-09,South Wales Police,South Wales Police,-3.160627,51.468693,On or near Galleon Way,W01001944,Cardiff 048C,Vehicle crime,Under investigation,
3d50d4604db91374c65a8c7cd6fa84deb12e0f7aa672d53673efcad298887c4b,2024-09,South Wales Police,South Wales Police,-3.164910,51.471815,On or near Longueil Close,W01001944,Cardiff 048C,Vehicle crime,Investigation complete; no suspect identified,
f9ff535ccffc0fa78484cce0313e02264348780c26a5cf30d83624335ddd57d7,2024-09,South Wales Police,South Wales Police,-3.164910,51.471815,On or near Longueil Close,W01001944,Cardiff 048C,Vehicle crime,Investigation complete; no suspect identified,
669bea0c0b93861d505a7589ad7c77114ba11e1b410b1b0e6a37ad42c3d19b03,2024-09,South Wales Police,South Wales Police,-3.168765,51.472218,On or near Silurian Place,W01001944,Cardiff 048C,Vehicle crime,Investigation complete; no suspect identified,
deb327f59478411cc90442b22e63a45edcc8b4eccff25c48573dd7e05842cf7f,2024-09,South Wales Police,South Wales Police,-3.160627,51.468693,On or near Galleon Way,W01001944,Cardiff 048C,Vehicle crime,Investigation complete; no suspect identified,
ab5e86a66b813c0a1da7eeda602df87484138b1a704a73600632b3ab54869afd,2024-09,South Wales Police,South Wales Police,-3.166347,51.472251,On or near Corvette Court,W01001944,Cardiff 048C,Vehicle crime,Investigation complete; no suspect identified,
637c5ff03e0fb487c1eb758d4c65a06f332e08d82e0d8834bcfcce38690a82c2,2024-09,South Wales Police,South Wales Police,-3.169790,51.473457,On or near Vellacott Close,W01001944,Cardiff 048C,Violence and sexual offences,Unable to prosecute suspect,
3368dcc7353c27d3ae6de6366b7640ea965176d13325feb8f327467cbc6f2de4,2024-09,South Wales Police,South Wales Police,-3.160627,51.468693,On or near Galleon Way,W01001944,Cardiff 048C,Violence and sexual offences,Unable to prosecute suspect,
cbab69139eee7951577ce4d846c84eb0d7f4e5e19e743ad7ad6d3be32be88878,2024-09,South Wales Police,South Wales Police,-3.160627,51.468693,On or near Galleon Way,W01001944,Cardiff 048C,Violence and sexual offences,Unable to prosecute suspect,
,2024-09,South Wales Police,South Wales Police,-3.181228,51.453048,On or near Ferry Road,W01001947,Cardiff 048E,Anti-social behaviour,,
,2024-09,South Wales Police,South Wales Police,-3.188023,51.463113,On or near Parking Area,W01001947,Cardiff 048E,Anti-social behaviour,,
7c935bdab14e29ff3b6ca9e812190c29813ab79108520f140d2843969e924ecc,2024-09,South Wales Police,South Wales Police,-3.187987,51.452287,On or near Burford Gardens,W01001947,Cardiff 048E,Bicycle theft,Investigation complete; no suspect identified,
f3961f852353583c56de587c668fbf7f07f8583fea07f533514085a32f36ea28,2024-09,South Wales Police,South Wales Police,-3.181228,51.453048,On or near Ferry Road,W01001947,Cardiff 048E,Bicycle theft,Investigation complete; no suspect identified,
44bf9b535760681db34bfd6ea1668d8d78747a0e7fcd637e0bee171820d7718a,2024-09,South Wales Police,South Wales Police,-3.186859,51.455410,On or near Petrol Station,W01001947,Cardiff 048E,Bicycle theft,Investigation complete; no suspect identified,
e1a31ce75ec64ac972cf197391fd3679173e4c91e1074806767a608298fe14f4,2024-09,South Wales Police,South Wales Police,-3.186859,51.455410,On or near Petrol Station,W01001947,Cardiff 048E,Burglary,Investigation complete; no suspect identified,
f638d9a8fc106c88fa1638867c09724994fa0acbce3ac04913b2b3dd30205d9d,2024-09,South Wales Police,South Wales Police,-3.181228,51.453048,On or near Ferry Road,W01001947,Cardiff 048E,Burglary,Investigation complete; no suspect identified,
86928a669f2113f3b97d62d2269e49ad4fe9c34f134aa72c602f7f97547b37f0,2024-09,South Wales Police,South Wales Police,-3.184417,51.457826,On or near Ffordd James Mcghan,W01001947,Cardiff 048E,Criminal damage and arson,Investigation complete; no suspect identified,
24cbaaf941779eaab5759f1a93f991bef7f2b03b009e1fd23d8a2f6acda4b286,2024-09,South Wales Police,South Wales Police,-3.186859,51.455410,On or near Petrol Station,W01001947,Cardiff 048E,Criminal damage and arson,Unable to prosecute suspect,
bb0584b6514e22e449498427692b8b05d7fc20d82dc5493c287ebf4f8c0c4686,2024-09,South Wales Police,South Wales Police,-3.181701,51.454653,On or near O'Leary Drive,W01001947,Cardiff 048E,Criminal damage and arson,Under investigation,
036c2767a6d45cd01e7c51b2af9307466aefcc765e183566c41f2201e12ccd37,2024-09,South Wales Police,South Wales Police,-3.182716,51.456054,On or near Morel Court,W01001947,Cardiff 048E,Criminal damage and arson,Investigation complete; no suspect identified,
d6902dd6aed2600c8767502fb87fed9600211541c1902ad7a3e88270ca618f97,2024-09,South Wales Police,South Wales Police,-3.188023,51.463113,On or near Parking Area,W01001947,Cardiff 048E,Other theft,Investigation complete; no suspect identified,
d9c80e5492aa75a1dc918d8e19bec7dbb434b822ab980c545d3c6a945353b2fd,2024-09,South Wales Police,South Wales Police,-3.188023,51.463113,On or near Parking Area,W01001947,Cardiff 048E,Other theft,Investigation complete; no suspect identified,
aef4199e0d238c926ff6062dc4bab4528b6c2363ea6813d14a7394a0393a0604,2024-09,South Wales Police,South Wales Police,-3.182716,51.456054,On or near Morel Court,W01001947,Cardiff 048E,Other theft,Investigation complete; no suspect identified,
8e2a3d23b8cdb7b1928c98992aaf27ab90adddd041aafc9f46caefe51d11ddc1,2024-09,South Wales Police,South Wales Police,-3.185699,51.457292,On or near Shopping Area,W01001947,Cardiff 048E,Public order,Under investigation,
1af99874485bd6f02da1be320d24ec9beb6dab3e4315acecd71929429965fcf8,2024-09,South Wales Police,South Wales Police,-3.181701,51.454653,On or near O'Leary Drive,W01001947,Cardiff 048E,Public order,Investigation complete; no suspect identified,
8b6470ecb897fbc843deac24b2fe672f5541c7d62bc8b0c6b84e50b848ef8ec4,2024-09,South Wales Police,South Wales Police,-3.185699,51.457292,On or near Shopping Area,W01001947,Cardiff 048E,Robbery,Awaiting court outcome,
9744cb6dc5349db26c5bb71a10cadac5ca206568778ec0be8b37c90c5849f758,2024-09,South Wales Police,South Wales Police,-3.181228,51.453048,On or near Ferry Road,W01001947,Cardiff 048E,Shoplifting,Investigation complete; no suspect identified,
8f99525caa51055eb3a3420a77c2655022a9cebb2d73bc6ab6f33788e599e46f,2024-09,South Wales Police,South Wales Police,-3.182716,51.456054,On or near Morel Court,W01001947,Cardiff 048E,Shoplifting,Investigation complete; no suspect identified,
99a6971affe88f37276cec8d032895caabfdc6c85f02b5566b10c1e089b15742,2024-09,South Wales Police,South Wales Police,-3.181701,51.454653,On or near O'Leary Drive,W01001947,Cardiff 048E,Shoplifting,Investigation complete; no suspect identified,
3a9b78e21eba8c25841c7d2fbefd874d0629fab0f2dc9001f3a380932cae5f8e,2024-09,South Wales Police,South Wales Police,-3.185699,51.457292,On or near Shopping Area,W01001947,Cardiff 048E,Shoplifting,Awaiting court outcome,
252c0cc0efd2936fd5c6fb9dea958c89d72a64037d12f0ae1e56aa11af1b1b73,2024-09,South Wales Police,South Wales Police,-3.185699,51.457292,On or near Shopping Area,W01001947,Cardiff 048E,Shoplifting,Investigation complete; no suspect identified,
77ee0e665c1ac856050592a992d654d59c8c7f6087cf32fb85d9e1a5afbc322b,2024-09,South Wales Police,South Wales Police,-3.185699,51.457292,On or near Shopping Area,W01001947,Cardiff 048E,Shoplifting,Awaiting court outcome,
a178ff782aa0b2a3ecd9635d87eaece93819a00105440fd0bf0b8492873c9e68,2024-09,South Wales Police,South Wales Police,-3.182716,51.456054,On or near Morel Court,W01001947,Cardiff 048E,Shoplifting,Investigation complete; no suspect identified,
114ddccc06c2963ef46405caa90d151119a0e0cc0186c785c8042bf31a30832e,2024-09,South Wales Police,South Wales Police,-3.185699,51.457292,On or near Shopping Area,W01001947,Cardiff 048E,Shoplifting,Unable to prosecute suspect,
bfbdf410bd848a626bd9b90c813a576c5fe726c320ab419c9cec1e1c903c11d6,2024-09,South Wales Police,South Wales Police,-3.185699,51.457292,On or near Shopping Area,W01001947,Cardiff 048E,Shoplifting,Investigation complete; no suspect identified,
38f18265bbb549cbdd8c883709235198bcb7690c54805a3684b87664c684a50e,2024-09,South Wales Police,South Wales Police,-3.181228,51.453048,On or near Ferry Road,W01001947,Cardiff 048E,Shoplifting,Unable to prosecute suspect,
46cc5f761910186077d5c256ba2de849389a4a6f420c8bd3ba72cfbda76970a2,2024-09,South Wales Police,South Wales Police,-3.185699,51.457292,On or near Shopping Area,W01001947,Cardiff 048E,Shoplifting,Awaiting court outcome,
8844f19f12a5efe36c0ade990f029282e9d664ee01aeda947756ab4bf32f7ffc,2024-09,South Wales Police,South Wales Police,-3.182716,51.456054,On or near Morel Court,W01001947,Cardiff 048E,Shoplifting,Unable to prosecute suspect,
118758a95173bec07566b7916fe2baedeb8f69515512662c44c2dc02ec4dbe5e,2024-09,South Wales Police,South Wales Police,-3.185699,51.457292,On or near Shopping Area,W01001947,Cardiff 048E,Shoplifting,Awaiting court outcome,
a5dc1317cf36b25341abd5854df3e785a06a6e6e087d000e727d7b62cc924e36,2024-09,South Wales Police,South Wales Police,-3.185699,51.457292,On or near Shopping Area,W01001947,Cardiff 048E,Shoplifting,Investigation complete; no suspect identified,
99b9e1e9aaab526db0ef1347cfd8f0949aaf94663146f6c51d5be436c15bd034,2024-09,South Wales Police,South Wales Police,-3.181228,51.453048,On or near Ferry Road,W01001947,Cardiff 048E,Shoplifting,Under investigation,
4e513ff93b8075bc40146562fb8987367a063eb9de1257e11fd671f9031ecf95,2024-09,South Wales Police,South Wales Police,-3.181051,51.455684,On or near Campbell Drive,W01001947,Cardiff 048E,Vehicle crime,Investigation complete; no suspect identified,
ac9909c60515f32e2bd826b5446112348ed29ff33e7e860fe3ad562ddf543ef7,2024-09,South Wales Police,South Wales Police,-3.188023,51.463113,On or near Parking Area,W01001947,Cardiff 048E,Vehicle crime,Investigation complete; no suspect identified,
4da537e353f3ee9bbbbae112ab4e343f19823e5ff8a0c825110e4de7517ce002,2024-09,South Wales Police,South Wales Police,-3.187987,51.452287,On or near Burford Gardens,W01001947,Cardiff 048E,Vehicle crime,Investigation complete; no suspect identified,
00df7ebfae48b32b1e382af4b73c2483e51ffe74be7b57df9d131bfd0e7f161c,2024-09,South Wales Police,South Wales Police,-3.190068,51.452635,On or near Grangemoor Court,W01001947,Cardiff 048E,Vehicle crime,Investigation complete; no suspect identified,
1d6ea04daf10a7b6132d9400e044ee74378d18ffe66933c5033273a493c642b4,2024-09,South Wales Police,South Wales Police,-3.181701,51.454653,On or near O'Leary Drive,W01001947,Cardiff 048E,Violence and sexual offences,Under investigation,
95bcd0dccf06189c6d22f81323515751c0c24d9c3578029dacf3b11fe24c66e8,2024-09,South Wales Police,South Wales Police,-3.188023,51.463113,On or near Parking Area,W01001947,Cardiff 048E,Violence and sexual offences,Under investigation,
cfe174132f4e363fd5ca9d523c69426dc747f76e0d8a709a222a1a31bbd8fe47,2024-09,South Wales Police,South Wales Police,-3.184417,51.457826,On or near Ffordd James Mcghan,W01001947,Cardiff 048E,Violence and sexual offences,Unable to prosecute suspect,
8f522466cabd0ea4cb422b18f634ced2911175022ea70951ff07c5370538230f,2024-09,South Wales Police,South Wales Police,-3.188023,51.463113,On or near Parking Area,W01001947,Cardiff 048E,Violence and sexual offences,Under investigation,
70cabb4aa2cc5bfd1abe2a197de5ed2805f88e74330d5f53e530d58a2624cea0,2024-09,South Wales Police,South Wales Police,-3.181051,51.455684,On or near Campbell Drive,W01001947,Cardiff 048E,Violence and sexual offences,Unable to prosecute suspect,
4512453b7c02c78c3df6f846620b531b3441694174b3f6790400e2eb498976b9,2024-09,South Wales Police,South Wales Police,-3.182716,51.456054,On or near Morel Court,W01001947,Cardiff 048E,Violence and sexual offences,Unable to prosecute suspect,
d47f19902157278094bbdf921f01ba7a4802f1ed7695b68584f5a9f558678bff,2024-09,South Wales Police,South Wales Police,-3.186859,51.455410,On or near Petrol Station,W01001947,Cardiff 048E,Violence and sexual offences,Unable to prosecute suspect,
7cbac1e734b08e904de126839b822b3580a41bc94beb60ff4ec5b53a4daf3c7a,2024-09,South Wales Police,South Wales Police,-3.186859,51.455410,On or near Petrol Station,W01001947,Cardiff 048E,Violence and sexual offences,Unable to prosecute suspect,
561b818f14f7d635364cfec13cedd3e01a7b1cfa0b93f150477e7050395d0ae1,2024-09,South Wales Police,South Wales Police,-3.186859,51.455410,On or near Petrol Station,W01001947,Cardiff 048E,Violence and sexual offences,Unable to prosecute suspect,
5430626c19bb4d1c948a04d530ac77805c645b06eea85b134994df6d485e8dd8,2024-09,South Wales Police,South Wales Police,-3.186859,51.455410,On or near Petrol Station,W01001947,Cardiff 048E,Violence and sexual offences,Unable to prosecute suspect,
212d76bcdbe1f86dc73646d7fe688d589037872f0e23531d80824ed29670ed61,2024-09,South Wales Police,South Wales Police,-3.186859,51.455410,On or near Petrol Station,W01001947,Cardiff 048E,Violence and sexual offences,Unable to prosecute suspect,
76588f3f3428575193967c210d5924f506b5da80cf24bcaf0229dd04ff54df5f,2024-09,South Wales Police,South Wales Police,-3.188023,51.463113,On or near Parking Area,W01001947,Cardiff 048E,Violence and sexual offences,Unable to prosecute suspect,
02613078f4cead38de068a63120af7295bbf1f30f94d5a8b366cd30eb1009661,2024-09,South Wales Police,South Wales Police,-3.181228,51.453048,On or near Ferry Road,W01001947,Cardiff 048E,Violence and sexual offences,Unable to prosecute suspect,
a25fd0d883548044a814aeb6b5de04009636168c61fbf4e60317ca06b6e73cd4,2024-09,South Wales Police,South Wales Police,-3.188023,51.463113,On or near Parking Area,W01001947,Cardiff 048E,Violence and sexual offences,Investigation complete; no suspect identified,
fb485f532a263c98e5b6261c4ae59b9d23a59336279f63b900e82e87554c2d83,2024-09,South Wales Police,South Wales Police,-3.188023,51.463113,On or near Parking Area,W01001947,Cardiff 048E,Violence and sexual offences,Unable to prosecute suspect,
75a9efdb9c1b6f8d9690eb219a7622617349c471093088932ac191402941f537,2024-09,South Wales Police,South Wales Police,-3.184417,51.457826,On or near Ffordd James Mcghan,W01001947,Cardiff 048E,Violence and sexual offences,Under investigation,
09ec5c2bf6ca990daf5fbd050bce425c647469a6ec34d6d9df214ad67c868118,2024-09,South Wales Police,South Wales Police,-3.181228,51.453048,On or near Ferry Road,W01001947,Cardiff 048E,Other crime,Unable to prosecute suspect,
2ce327f09a005ea68d05892cfdf2e5f3d3bc3f196a69026aaf835c9d61e0e1b9,2024-09,South Wales Police,South Wales Police,-3.184417,51.457826,On or near Ffordd James Mcghan,W01001947,Cardiff 048E,Other crime,Under investigation,
,2024-09,South Wales Police,South Wales Police,-3.185452,51.448887,On or near Watkiss Way,W01002025,Cardiff 048G,Anti-social behaviour,,
eed51b6945dcd3ef89a6b3d5b96003c485ee3ce045d69efb3df867b65a53de41,2024-09,South Wales Police,South Wales Police,-3.177899,51.448972,On or near Plas Bowles,W01002025,Cardiff 048G,Drugs,Under investigation,
b87b76f96b491e71a0782ff4cc5ffa53ec92980962cff85cacaf81f4a8842f3e,2024-09,South Wales Police,South Wales Police,-3.185452,51.448887,On or near Watkiss Way,W01002025,Cardiff 048G,Violence and sexual offences,Unable to prosecute suspect,
769877f1697fee48249f03c545ab8b3b3bfa4f480312fe10f4e6558df173878c,2024-09,South Wales Police,South Wales Police,-3.185452,51.448887,On or near Watkiss Way,W01002025,Cardiff 048G,Other crime,Under investigation,
,2024-09,South Wales Police,South Wales Police,-3.169337,51.469829,On or near South Loudoun Place,W01001699,Cardiff 049A,Anti-social behaviour,,
,2024-09,South Wales Police,South Wales Police,-3.169337,51.469829,On or near South Loudoun Place,W01001699,Cardiff 049A,Anti-social behaviour,,
,2024-09,South Wales Police,South Wales Police,-3.169337,51.469829,On or near South Loudoun Place,W01001699,Cardiff 049A,Anti-social behaviour,,
9af1ae248effed4c5475bb0c355412cd0cdad51a2bacf9b6a60943a3900c2a52,2024-09,South Wales Police,South Wales Police,-3.170392,51.470529,On or near Christina Street,W01001699,Cardiff 049A,Criminal damage and arson,Investigation complete; no suspect identified,
697f103e52bc10976deb84a6c03623a4f01c7d46e05e43fe230daa26a4e7c13b,2024-09,South Wales Police,South Wales Police,-3.171197,51.469927,On or near Loudoun Square,W01001699,Cardiff 049A,Criminal damage and arson,Investigation complete; no suspect identified,
fe8347d3f9c95ea468c4c6a43709cf4afa7e2d064d5b6d148be38f0f2a4ad415,2024-09,South Wales Police,South Wales Police,-3.171795,51.471351,On or near Angelina Street,W01001699,Cardiff 049A,Other theft,Under investigation,
89b2c14b26f26efebe7ea24a225a658371b8074ecbf23df8c1ebc2ce22c7dadc,2024-09,South Wales Police,South Wales Police,-3.169158,51.467889,On or near Alice Street,W01001699,Cardiff 049A,Other theft,Unable to prosecute suspect,
693202fd9f2f270e4165a39c739eb6cec4bdfdb049ca14216648d4ace718d341,2024-09,South Wales Police,South Wales Police,-3.169081,51.469391,On or near Hodges Row,W01001699,Cardiff 049A,Public order,Unable to prosecute suspect,
c49654f917060a965a5d19aa575e1024019c716cb8e4986d31cb19aaf66561a8,2024-09,South Wales Police,South Wales Police,-3.171197,51.469927,On or near Loudoun Square,W01001699,Cardiff 049A,Public order,Investigation complete; no suspect identified,
b05d154e65e2e61ab16aa513b46e8084e59b262cb31dcc68f4196a44ed522ce4,2024-09,South Wales Police,South Wales Police,-3.171197,51.469927,On or near Loudoun Square,W01001699,Cardiff 049A,Public order,Unable to prosecute suspect,
f59df435cebb67b068642f9f977e5bdb221cf07a4fffcebfb6624ac2d1869ca6,2024-09,South Wales Police,South Wales Police,-3.167882,51.466948,On or near West Close,W01001699,Cardiff 049A,Violence and sexual offences,Under investigation,
1d9d5be2db13a2e867b61571522e8f45558475de16b3ca403068c9185ecd0493,2024-09,South Wales Police,South Wales Police,-3.170392,51.470529,On or near Christina Street,W01001699,Cardiff 049A,Violence and sexual offences,Investigation complete; no suspect identified,
e07ba8b62f519c3ab590d846e498e6df49a13d5e2032856da3930b2064ec6a55,2024-09,South Wales Police,South Wales Police,-3.169081,51.469391,On or near Hodges Row,W01001699,Cardiff 049A,Violence and sexual offences,Investigation complete; no suspect identified,
094b4c0af7ab949e35b49af2b8c76214ffebb1adf6300601fdb49bb2c42373a9,2024-09,South Wales Police,South Wales Police,-3.168682,51.468415,On or near Hannah Street,W01001699,Cardiff 049A,Violence and sexual offences,Awaiting court outcome,
b9a7dc1e67d6088b2bc3d3524ab8ab73f338d15e449a95df762484f62d4f3cd5,2024-09,South Wales Police,South Wales Police,-3.168682,51.468415,On or near Hannah Street,W01001699,Cardiff 049A,Violence and sexual offences,Further investigation is not in the public interest,
8f1ff43bac93bd2c735f57b011288d83605236e27857ef68104fee3110a49d87,2024-09,South Wales Police,South Wales Police,-3.170392,51.470529,On or near Christina Street,W01001699,Cardiff 049A,Violence and sexual offences,Unable to prosecute suspect,
1c62c23218e344a33ee4fac8281af3e3d3ba51ee45a438cd0ffb505bff40fee9,2024-09,South Wales Police,South Wales Police,-3.166228,51.468727,On or near Ffordd Garthorne,W01001699,Cardiff 049A,Violence and sexual offences,Unable to prosecute suspect,
d8fd777bce129f0f18298cf5f36b40fbbdfb3c24bd56c87bee5060fb8e655889,2024-09,South Wales Police,South Wales Police,-3.169337,51.469829,On or near South Loudoun Place,W01001699,Cardiff 049A,Violence and sexual offences,Unable to prosecute suspect,
f6366f6e8712e3095922ae80e8b3a528851d3de2078a1e9eaf58e19ad0135831,2024-09,South Wales Police,South Wales Police,-3.169337,51.469829,On or near South Loudoun Place,W01001699,Cardiff 049A,Violence and sexual offences,Unable to prosecute suspect,
,2024-09,South Wales Police,South Wales Police,-3.170632,51.464709,On or near Police Station,W01001942,Cardiff 049B,Anti-social behaviour,,
,2024-09,South Wales Police,South Wales Police,-3.166752,51.465575,On or near West Bute Street,W01001942,Cardiff 049B,Anti-social behaviour,,
,2024-09,South Wales Police,South Wales Police,-3.172002,51.462573,On or near Waverley Square,W01001942,Cardiff 049B,Anti-social behaviour,,
,2024-09,South Wales Police,South Wales Police,-3.170732,51.463566,On or near Harrowby Street,W01001942,Cardiff 049B,Anti-social behaviour,,
b7290c9f704335bdf17416b9eba36ad6a52447975dd9bf32167d92bf182f4fbd,2024-09,South Wales Police,South Wales Police,-3.166752,51.465575,On or near West Bute Street,W01001942,Cardiff 049B,Bicycle theft,Investigation complete; no suspect identified,
56aaa93184d9d005541546e669a47c4afb11d8bb341b0965eb8684629b2d68c9,2024-09,South Wales Police,South Wales Police,-3.167721,51.465151,On or near Mount Stuart Square,W01001942,Cardiff 049B,Bicycle theft,Investigation complete; no suspect identified,
0e9c3d3a2a094d4ec05089e920ef9cdfdfbcebdfe61c8cffc0b161344482fb18,2024-09,South Wales Police,South Wales Police,-3.170632,51.464709,On or near Police Station,W01001942,Cardiff 049B,Criminal damage and arson,Awaiting court outcome,
33b5b8574b52190aeb02fff61bc66bf5665d08d2ecdfa57c96491b3e05003a18,2024-09,South Wales Police,South Wales Police,-3.174766,51.462572,On or near Hamadryad Road,W01001942,Cardiff 049B,Criminal damage and arson,Under investigation,
f3f39a82116432abd1192cdf30de32d568737b531da701d0217c791f3d4a5236,2024-09,South Wales Police,South Wales Police,-3.170632,51.464709,On or near Police Station,W01001942,Cardiff 049B,Criminal damage and arson,Unable to prosecute suspect,
f663062272d9d1cef9ade8ab067fb6172e37694d4d596278806e2bfd4725c4d7,2024-09,South Wales Police,South Wales Police,-3.170632,51.464709,On or near Police Station,W01001942,Cardiff 049B,Criminal damage and arson,Awaiting court outcome,
5d9c8ae55c2f97f9c1024b6f7a42f74e11113663269b5f69030c919f7594e35a,2024-09,South Wales Police,South Wales Police,-3.170632,51.464709,On or near Police Station,W01001942,Cardiff 049B,Criminal damage and arson,Unable to prosecute suspect,
dce4ae9a64e3cac2e048b5f0b2feb7c3d52ec0b4f9b5590355dc1637e0b79bf8,2024-09,South Wales Police,South Wales Police,-3.170632,51.464709,On or near Police Station,W01001942,Cardiff 049B,Criminal damage and arson,Awaiting court outcome,
bbd77dc652f476ecdd031400a9fe8b301485e5581d5661d5a26772afecbb02a0,2024-09,South Wales Police,South Wales Police,-3.170632,51.464709,On or near Police Station,W01001942,Cardiff 049B,Drugs,Formal action is not in the public interest,
34143f9823e2e534b83d2e86e148ec3aea221baf7eb6daa3e32a8637f8044109,2024-09,South Wales Police,South Wales Police,-3.170632,51.464709,On or near Police Station,W01001942,Cardiff 049B,Drugs,Unable to prosecute suspect,
c47cdb80f94b676653aa1943fb8bafe165812f88ba7bd5806a66cfaf62510444,2024-09,South Wales Police,South Wales Police,-3.168221,51.461082,On or near Parking Area,W01001942,Cardiff 049B,Drugs,Offender given a caution,
07e6fd294fd2e5fa5f2494689dc491109c9442096c27910f415dc249452ec89a,2024-09,South Wales Police,South Wales Police,-3.170632,51.464709,On or near Police Station,W01001942,Cardiff 049B,Drugs,Under investigation,
c4675a7d03a43decbb7ae904129dc3b01ac703034489ee45dd9f76cf3b7c9ab0,2024-09,South Wales Police,South Wales Police,-3.170632,51.464709,On or near Police Station,W01001942,Cardiff 049B,Drugs,Local resolution,
75488dd001f82a77cfac4fb154976ed35336214157283fce724956b81ff6d50c,2024-09,South Wales Police,South Wales Police,-3.170632,51.464709,On or near Police Station,W01001942,Cardiff 049B,Drugs,Local resolution,
b530fa52dbd489f8061f09e7e56f5e484b919e7ee10b51c66c98ce6853f71e02,2024-09,South Wales Police,South Wales Police,-3.170632,51.464709,On or near Police Station,W01001942,Cardiff 049B,Drugs,Further investigation is not in the public interest,
d20c364fbce8412d34162fe637277a38e7f66e3544aa6fb92730625329a8b6fd,2024-09,South Wales Police,South Wales Police,-3.170632,51.464709,On or near Police Station,W01001942,Cardiff 049B,Drugs,Offender given a caution,
b6388e2796c5fbed23837301758e2a41c058829fbcca282c4d2734e93a2289d1,2024-09,South Wales Police,South Wales Police,-3.170632,51.464709,On or near Police Station,W01001942,Cardiff 049B,Drugs,Awaiting court outcome,
eed8bc7ae545d01667feae123c443bbd303f6257b34b13a80aadbf3bdbc8423b,2024-09,South Wales Police,South Wales Police,-3.170632,51.464709,On or near Police Station,W01001942,Cardiff 049B,Drugs,Formal action is not in the public interest,
8f20162a7cfa6e5aeec1d3a62e9ba2e564dee6ae3aff34c0fb0be9c30be27a79,2024-09,South Wales Police,South Wales Police,-3.167721,51.465151,On or near Mount Stuart Square,W01001942,Cardiff 049B,Other theft,Investigation complete; no suspect identified,
7a6335c7bff238bb7e755299d3d6c36ffb22be1ac1d1d60864cccf8910bae302,2024-09,South Wales Police,South Wales Police,-3.171934,51.464426,On or near Hurman Street,W01001942,Cardiff 049B,Other theft,Investigation complete; no suspect identified,
79e2254f026f5cf568ad529add314265c710f95b6d837a1617437817ea242ea3,2024-09,South Wales Police,South Wales Police,-3.170632,51.464709,On or near Police Station,W01001942,Cardiff 049B,Possession of weapons,Awaiting court outcome,
5534a8dba9e795cbb35178bf01c6fcc9552f7c350b76dadc9b698b153ad4e356,2024-09,South Wales Police,South Wales Police,-3.170632,51.464709,On or near Police Station,W01001942,Cardiff 049B,Public order,Awaiting court outcome,
dad2b185a6b57ed7b33ed60b50a927b47ee687c046f7291df927870cfd8063d5,2024-09,South Wales Police,South Wales Police,-3.170632,51.464709,On or near Police Station,W01001942,Cardiff 049B,Public order,Awaiting court outcome,
cfac5fbae08ba1fe474fc0c9327f6341757a406de3f6d226894085800d887fa0,2024-09,South Wales Police,South Wales Police,-3.170632,51.464709,On or near Police Station,W01001942,Cardiff 049B,Public order,Under investigation,
2fa248037f44647cbe5674031b92fd1127a0c2877fb59293fb6c71de0167a5e0,2024-09,South Wales Police,South Wales Police,-3.168488,51.463642,On or near Adelaide Street,W01001942,Cardiff 049B,Public order,Unable to prosecute suspect,
32b8d0112dc9a6821e012cb93bf56a829e54c80d30ff8346d944943868c63953,2024-09,South Wales Police,South Wales Police,-3.170632,51.464709,On or near Police Station,W01001942,Cardiff 049B,Public order,Awaiting court outcome,
da07144092370d784f848e128775f5c1c4a8873df5c2c15c3248c73fb1ce981a,2024-09,South Wales Police,South Wales Police,-3.170632,51.464709,On or near Police Station,W01001942,Cardiff 049B,Public order,Unable to prosecute suspect,
1c9850d386ee5014f84b82fe4539baffa36a502429a1fb2ae58360e628976dcb,2024-09,South Wales Police,South Wales Police,-3.170632,51.464709,On or near Police Station,W01001942,Cardiff 049B,Public order,Awaiting court outcome,
110a9b45c61602ec67362bb77d518f46acc2dab5fca715accc7c806d5dd5ecaf,2024-09,South Wales Police,South Wales Police,-3.170732,51.463566,On or near Harrowby Street,W01001942,Cardiff 049B,Public order,Investigation complete; no suspect identified,
58bca77fd2b9ae42b2c80305005fc7477b08c7c4088e1a9adb9b8ecaf2113a5a,2024-09,South Wales Police,South Wales Police,-3.170632,51.464709,On or near Police Station,W01001942,Cardiff 049B,Vehicle crime,Investigation complete; no suspect identified,
7179aeba6542fd34d88863310823dda5491e13623ca4cab5ed1d02aa76d46eda,2024-09,South Wales Police,South Wales Police,-3.170723,51.465481,On or near Soudry Way,W01001942,Cardiff 049B,Vehicle crime,Investigation complete; no suspect identified,
7869efb4b5c327382f8feaae565aaf2a0523b998fd93b4578646646177120ffc,2024-09,South Wales Police,South Wales Police,-3.170632,51.464709,On or near Police Station,W01001942,Cardiff 049B,Vehicle crime,Investigation complete; no suspect identified,
8900ac6e8b260c3ee8d28efe9266f989d4da73df9c0d09172531a78a399f700e,2024-09,South Wales Police,South Wales Police,-3.170632,51.464709,On or near Police Station,W01001942,Cardiff 049B,Violence and sexual offences,Under investigation,
45e5972847c760c7a3d63a8b827dd41c39929af7a6fad9dc8761dadbb9244df2,2024-09,South Wales Police,South Wales Police,-3.169263,51.464111,On or near Adelaide Place,W01001942,Cardiff 049B,Violence and sexual offences,Unable to prosecute suspect,
4424184f4af21133cac404abba2ddb209795dbf5049007c26dfddc0cde213495,2024-09,South Wales Police,South Wales Police,-3.174173,51.463585,On or near Clarence Embankment,W01001942,Cardiff 049B,Violence and sexual offences,Unable to prosecute suspect,
a7a402ce12fe270a1361c8603e3abf76a26e74fd75177dc49228c282b2b74d0e,2024-09,South Wales Police,South Wales Police,-3.170632,51.464709,On or near Police Station,W01001942,Cardiff 049B,Violence and sexual offences,Awaiting court outcome,
62b3ca669f8d7545a2eafebdf167b8f4d82684d4ccedac2f1d95d43748a19115,2024-09,South Wales Police,South Wales Police,-3.170732,51.463566,On or near Harrowby Street,W01001942,Cardiff 049B,Violence and sexual offences,Investigation complete; no suspect identified,
e077a20ded593cabe2f215b83447931deac4dfec42b8616e07c7fe19f70b0f7a,2024-09,South Wales Police,South Wales Police,-3.170632,51.464709,On or near Police Station,W01001942,Cardiff 049B,Violence and sexual offences,Under investigation,
fa7d92435e9e79bcbc16ef52579f377fda57a819650bbc8916b0ae213df7c1bf,2024-09,South Wales Police,South Wales Police,-3.174766,51.462572,On or near Hamadryad Road,W01001942,Cardiff 049B,Violence and sexual offences,Unable to prosecute suspect,
9e6ad149c0779dd75876c3543423fadcf8ecbaa15a5a528d476bde7b665b7a47,2024-09,South Wales Police,South Wales Police,-3.171934,51.464426,On or near Hurman Street,W01001942,Cardiff 049B,Violence and sexual offences,Under investigation,
5369d89478b7b9b9d4e2750814549b4642fdc717c1ee7e91bec66af1cd3ab2d1,2024-09,South Wales Police,South Wales Police,-3.173421,51.463449,On or near Pomeroy Street,W01001942,Cardiff 049B,Violence and sexual offences,Unable to prosecute suspect,
e95a84053dd65abf7594ab6a75a5b14efebb5eab684219c8e62483b499ce3c7f,2024-09,South Wales Police,South Wales Police,-3.170632,51.464709,On or near Police Station,W01001942,Cardiff 049B,Violence and sexual offences,Awaiting court outcome,
9697f6760b60d7f00f7e2fb913958a039c9371f75dde2d58db5eb95b78230347,2024-09,South Wales Police,South Wales Police,-3.170632,51.464709,On or near Police Station,W01001942,Cardiff 049B,Violence and sexual offences,Awaiting court outcome,
8498971860c7e62c954291b3b2a4241f7bf94c2f493c4b5308d1eb75523c86b9,2024-09,South Wales Police,South Wales Police,-3.170632,51.464709,On or near Police Station,W01001942,Cardiff 049B,Violence and sexual offences,Unable to prosecute suspect,
e883901351571453a262880cd41643cb4ca2fcecdb366a95bd1e10b97f2c7a58,2024-09,South Wales Police,South Wales Police,-3.170632,51.464709,On or near Police Station,W01001942,Cardiff 049B,Violence and sexual offences,Unable to prosecute suspect,
d97633b63ded09553f7c67ef8acc8233b3c76ea50d3cb96fca72b63a8c3f1c4e,2024-09,South Wales Police,South Wales Police,-3.170632,51.464709,On or near Police Station,W01001942,Cardiff 049B,Other crime,Under investigation,
271c23187b3b8a472558e23f48df15113cbf9470badd85b5284d78c3f0879bb0,2024-09,South Wales Police,South Wales Police,-3.170632,51.464709,On or near Police Station,W01001942,Cardiff 049B,Other crime,Unable to prosecute suspect,
a9d3ac8414c73d1cfbe2f3b9574838371ddfa9f033f2716ba239c66507d5b55c,2024-09,South Wales Police,South Wales Police,-3.171258,51.463866,On or near Harrowby Lane,W01001942,Cardiff 049B,Other crime,Under investigation,
,2024-09,South Wales Police,South Wales Police,-3.180685,51.456551,On or near Kestell Drive,W01001946,Cardiff 049C,Anti-social behaviour,,
3ab299f11384d6b9ca1d9020742dab84192ebb773cab228dd3d0eb19d8984cd9,2024-09,South Wales Police,South Wales Police,-3.182854,51.459704,On or near Channel View Road,W01001946,Cardiff 049C,Burglary,Investigation complete; no suspect identified,
ce4bbbd37857fd31c1bdefcfd0e099bffc701b7db2df04dc34c9d9c2a0e4a940,2024-09,South Wales Police,South Wales Police,-3.181122,51.457878,On or near Constant Close,W01001946,Cardiff 049C,Burglary,Investigation complete; no suspect identified,
9c016b0f7350e94fa0352211c26682e574d34adaa88c4a5d96f8a1bc1ec08e01,2024-09,South Wales Police,South Wales Police,-3.181122,51.457878,On or near Constant Close,W01001946,Cardiff 049C,Criminal damage and arson,Investigation complete; no suspect identified,
2256dee364d18b40d8f0bf072bece1098fa2abdb0bd3bb22256d5a0a16e7803f,2024-09,South Wales Police,South Wales Police,-3.181997,51.457194,On or near Chatterton Square,W01001946,Cardiff 049C,Criminal damage and arson,Investigation complete; no suspect identified,
6de2dc81a629390591be529d654cc70f527069232c11a4c947f4cad812fedf9b,2024-09,South Wales Police,South Wales Police,-3.181122,51.457878,On or near Constant Close,W01001946,Cardiff 049C,Public order,Investigation complete; no suspect identified,
71cd9edded84f18e0eef62d994d6458e28fb6584ce0ab5d08c5194f898c79cac,2024-09,South Wales Police,South Wales Police,-3.179862,51.462036,On or near Jim Driscoll Way,W01001946,Cardiff 049C,Public order,Unable to prosecute suspect,
ab535a433179d4ea040d48486deb5ea300b0ec13d754b5b24c44e1fd7e9bf522,2024-09,South Wales Police,South Wales Police,-3.181429,51.456948,On or near Shearman Place,W01001946,Cardiff 049C,Violence and sexual offences,Unable to prosecute suspect,
1c453f376222da390074e4476581c7b7f7d1db8810edfc201f10a90bc5ccdf26,2024-09,South Wales Police,South Wales Police,-3.181122,51.457878,On or near Constant Close,W01001946,Cardiff 049C,Violence and sexual offences,Investigation complete; no suspect identified,
403b3fafb44d51afdf092a9e9701e23e668a255eb6d71b97179f6e5f5d150fb8,2024-09,South Wales Police,South Wales Police,-3.182854,51.459704,On or near Channel View Road,W01001946,Cardiff 049C,Other crime,Awaiting court outcome,
,2024-09,South Wales Police,South Wales Police,-3.171582,51.467550,On or near Heol Glanrheidol,W01001950,Cardiff 049D,Anti-social behaviour,,
9941346606b8bfbb925ad68d841043140205c32abecb35e2702adffe2302ce43,2024-09,South Wales Police,South Wales Police,-3.171582,51.467550,On or near Heol Glanrheidol,W01001950,Cardiff 049D,Criminal damage and arson,Unable to prosecute suspect,
f880feed537e525d760ce8b7c0cd0416d638c1b2a75571a1e79920aebc6082c3,2024-09,South Wales Police,South Wales Police,-3.172004,51.466592,On or near Chandlery Way,W01001950,Cardiff 049D,Violence and sexual offences,Unable to prosecute suspect,
0ac1e65850409b1d20e82a0c5e7f8faedd1643b6ec00c4ae2db5662c5d391396,2024-09,South Wales Police,South Wales Police,-3.172004,51.466592,On or near Chandlery Way,W01001950,Cardiff 049D,Other crime,Investigation complete; no suspect identified,
,2024-09,South Wales Police,South Wales Police,-3.167825,51.477137,On or near Ellen Street,W01001951,Cardiff 049E,Anti-social behaviour,,
,2024-09,South Wales Police,South Wales Police,-3.165474,51.476998,On or near Tyndall Street,W01001951,Cardiff 049E,Anti-social behaviour,,
,2024-09,South Wales Police,South Wales Police,-3.167825,51.477137,On or near Ellen Street,W01001951,Cardiff 049E,Anti-social behaviour,,
97e7f21494a3360a426913ba63b7702b836da5a79d298619c8aaac31fd86c793,2024-09,South Wales Police,South Wales Police,-3.167071,51.474105,On or near Celerity Drive,W01001951,Cardiff 049E,Burglary,Under investigation,
054215a644c403522537f9b54546a606ff4a6a2b99ec874182d7a9950e53cd61,2024-09,South Wales Police,South Wales Police,-3.166560,51.474380,On or near Mervinian Close,W01001951,Cardiff 049E,Burglary,Awaiting court outcome,
4a1297ccd9feebc1b85ed1be0ef93dcb44c265e17552d5ea6abad97a8f38fd69,2024-09,South Wales Police,South Wales Police,-3.165474,51.476998,On or near Tyndall Street,W01001951,Cardiff 049E,Burglary,Investigation complete; no suspect identified,
abe9398b0df5b646f515109271da3a751808e5d479e771f0b37497c54e2330da,2024-09,South Wales Police,South Wales Police,-3.165474,51.476998,On or near Tyndall Street,W01001951,Cardiff 049E,Other theft,Investigation complete; no suspect identified,
05334e6285321ae9cfe229d37db025058a68a9e4a65849da2640ab32b96f25f9,2024-09,South Wales Police,South Wales Police,-3.167825,51.477137,On or near Ellen Street,W01001951,Cardiff 049E,Public order,Unable to prosecute suspect,
7152d20a551d6d7826f1a0e8914f53ad36fe5019ac3363cdae9cd7b8d2c01d40,2024-09,South Wales Police,South Wales Police,-3.165474,51.476998,On or near Tyndall Street,W01001951,Cardiff 049E,Public order,Unable to prosecute suspect,
fdf23257a11b30d36e703952c18d4fba1b557bfcc0e4f5570a81814a8f5a391e,2024-09,South Wales Police,South Wales Police,-3.167825,51.477137,On or near Ellen Street,W01001951,Cardiff 049E,Shoplifting,Investigation complete; no suspect identified,
653baef86b6d105a371a106d2ef4e290d5dedb9cce9eca08bea78012bdfeebcd,2024-09,South Wales Police,South Wales Police,-3.167825,51.477137,On or near Ellen Street,W01001951,Cardiff 049E,Shoplifting,Unable to prosecute suspect,
f8c65ad381d2ee62226256f1b7434ddab801076e23842fbdeebb5a5e1bf446b3,2024-09,South Wales Police,South Wales Police,-3.167825,51.477137,On or near Ellen Street,W01001951,Cardiff 049E,Shoplifting,Investigation complete; no suspect identified,
300f8fab42c7a05ef487dcf91519d292c357434b224218eece35ae46fc7c4f95,2024-09,South Wales Police,South Wales Police,-3.167825,51.477137,On or near Ellen Street,W01001951,Cardiff 049E,Shoplifting,Investigation complete; no suspect identified,
781a50f3c0bddaff1e147ce59bf98b8b72aaf41fe9f4da9ff55abe2d96540e94,2024-09,South Wales Police,South Wales Police,-3.167825,51.477137,On or near Ellen Street,W01001951,Cardiff 049E,Shoplifting,Investigation complete; no suspect identified,
ca5bce19ef856b98872a39b8b205fe2fcce49940862bd3a006248fb49f33e0fe,2024-09,South Wales Police,South Wales Police,-3.167825,51.477137,On or near Ellen Street,W01001951,Cardiff 049E,Vehicle crime,Investigation complete; no suspect identified,
9f422edd62b5f860a1d24978f65c1d09358841d4e4f6723243c26ceb67d784e4,2024-09,South Wales Police,South Wales Police,-3.167825,51.477137,On or near Ellen Street,W01001951,Cardiff 049E,Vehicle crime,Investigation complete; no suspect identified,
22112646d4e1272eb17353ecd415bf0af412a435cdaeb52930efabac5190965a,2024-09,South Wales Police,South Wales Police,-3.165474,51.476998,On or near Tyndall Street,W01001951,Cardiff 049E,Vehicle crime,Investigation complete; no suspect identified,
c8709ff8f623aea5955252368a079afb5ab62bc12c2de7f0dc4428e35a449a3f,2024-09,South Wales Police,South Wales Police,-3.168106,51.475731,On or near Brigantine Place,W01001951,Cardiff 049E,Violence and sexual offences,Under investigation,
bea822f75f760fbcc6e92e75843dffd0593f045d5995c45ca7d92c14d56765e2,2024-09,South Wales Police,South Wales Police,-3.165474,51.476998,On or near Tyndall Street,W01001951,Cardiff 049E,Violence and sexual offences,Unable to prosecute suspect,
a1faaf36d1cf61babd53843ea0b133def8e49da1d7f281971686d5132432e182,2024-09,South Wales Police,South Wales Police,-3.166167,51.476479,On or near Atlantic Wharf,W01001951,Cardiff 049E,Violence and sexual offences,Unable to prosecute suspect,
3f9a9e4d4470ab7ec9b5249131519ef2c632e1da73d54a439f5177ff7c8ae4ad,2024-09,South Wales Police,South Wales Police,-3.165474,51.476998,On or near Tyndall Street,W01001951,Cardiff 049E,Other crime,Unable to prosecute suspect,
,2024-09,South Wales Police,South Wales Police,-3.176748,51.473586,On or near Tresillian Terrace,W01001952,Cardiff 049F,Anti-social behaviour,,
,2024-09,South Wales Police,South Wales Police,-3.172604,51.468637,On or near Overstone Court,W01001952,Cardiff 049F,Anti-social behaviour,,
,2024-09,South Wales Police,South Wales Police,-3.179967,51.472780,On or near Percy Street,W01001952,Cardiff 049F,Anti-social behaviour,,
,2024-09,South Wales Police,South Wales Police,-3.175101,51.471377,On or near Further/Higher Educational Building,W01001952,Cardiff 049F,Anti-social behaviour,,
,2024-09,South Wales Police,South Wales Police,-3.174962,51.475267,On or near Tresillian Way,W01001952,Cardiff 049F,Anti-social behaviour,,
,2024-09,South Wales Police,South Wales Police,-3.171891,51.475666,On or near Stryd Herbert,W01001952,Cardiff 049F,Anti-social behaviour,,
,2024-09,South Wales Police,South Wales Police,-3.176748,51.473586,On or near Tresillian Terrace,W01001952,Cardiff 049F,Anti-social behaviour,,
,2024-09,South Wales Police,South Wales Police,-3.174962,51.475267,On or near Tresillian Way,W01001952,Cardiff 049F,Anti-social behaviour,,
,2024-09,South Wales Police,South Wales Police,-3.174962,51.475267,On or near Tresillian Way,W01001952,Cardiff 049F,Anti-social behaviour,,
,2024-09,South Wales Police,South Wales Police,-3.172604,51.468637,On or near Overstone Court,W01001952,Cardiff 049F,Anti-social behaviour,,
,2024-09,South Wales Police,South Wales Police,-3.171891,51.475666,On or near Stryd Herbert,W01001952,Cardiff 049F,Anti-social behaviour,,
,2024-09,South Wales Police,South Wales Police,-3.179222,51.475170,On or near Caerdydd Canolog,W01001952,Cardiff 049F,Anti-social behaviour,,
,2024-09,South Wales Police,South Wales Police,-3.178410,51.472724,On or near Trade Street,W01001952,Cardiff 049F,Anti-social behaviour,,
45b73f0d2d835dbb737a084368fb0fd1903d115e74b12ec2903d5454527a27df,2024-09,South Wales Police,South Wales Police,-3.172604,51.468637,On or near Overstone Court,W01001952,Cardiff 049F,Bicycle theft,Under investigation,
8f47ae1885d26f75edea0ec9019176b2ce067a2ce6cc17a54883e0317818b169,2024-09,South Wales Police,South Wales Police,-3.176748,51.473586,On or near Tresillian Terrace,W01001952,Cardiff 049F,Bicycle theft,Investigation complete; no suspect identified,
271a974d67318d2e69976951dd1c480855f3e165334cb157027c90c37055fa60,2024-09,South Wales Police,South Wales Police,-3.172249,51.473900,On or near North Church Street,W01001952,Cardiff 049F,Bicycle theft,Unable to prosecute suspect,
66330c473a3b555b16aa360b623d704d2687460b904bd882cab3f4bd75450978,2024-09,South Wales Police,South Wales Police,-3.175101,51.471377,On or near Further/Higher Educational Building,W01001952,Cardiff 049F,Bicycle theft,Investigation complete; no suspect identified,
c3d2481d8a853d5aef08d8b4f5d40fedefc072c7ddbae3dd60d37e660fb4a180,2024-09,South Wales Police,South Wales Police,-3.172604,51.468637,On or near Overstone Court,W01001952,Cardiff 049F,Bicycle theft,Investigation complete; no suspect identified,
30d9af903e95ad8013e90b75ab315ae5ce263348e567cd5614b05e21217d054e,2024-09,South Wales Police,South Wales Police,-3.176748,51.473586,On or near Tresillian Terrace,W01001952,Cardiff 049F,Burglary,Under investigation,
2606f6de0338710c11e2ca284e45d5ea4c04876d92d4cc41053148238fb0118f,2024-09,South Wales Police,South Wales Police,-3.176748,51.473586,On or near Tresillian Terrace,W01001952,Cardiff 049F,Burglary,Under investigation,
63eff098e9a81492b150ea494fe6fb189127ae43debec5cc49184ff757ac5825,2024-09,South Wales Police,South Wales Police,-3.176748,51.473586,On or near Tresillian Terrace,W01001952,Cardiff 049F,Burglary,Investigation complete; no suspect identified,
1bda0460b00230733fabf295ed7f68bccd2765ba1140e39a1d710def2bfd774a,2024-09,South Wales Police,South Wales Police,-3.176748,51.473586,On or near Tresillian Terrace,W01001952,Cardiff 049F,Criminal damage and arson,Investigation complete; no suspect identified,
81e536cbd746ad07e893d59221875b4dd331ee73fea0716131c8e709fe3a21be,2024-09,South Wales Police,South Wales Police,-3.179222,51.475170,On or near Caerdydd Canolog,W01001952,Cardiff 049F,Other theft,Investigation complete; no suspect identified,
5543413d5ccbaf31df6b0afb772163427832817f3429af4f549c599618cd9cb9,2024-09,South Wales Police,South Wales Police,-3.179967,51.472780,On or near Percy Street,W01001952,Cardiff 049F,Other theft,Unable to prosecute suspect,
b0b63427ad13bae8495db4098e10a59cf5f6dd955b24daccedc4633803f0bc38,2024-09,South Wales Police,South Wales Police,-3.175101,51.471377,On or near Further/Higher Educational Building,W01001952,Cardiff 049F,Other theft,Investigation complete; no suspect identified,
48eb5cabdb2c281dc3bc2e7d3d733333dcbe56b1543c02aed51b624489240ea7,2024-09,South Wales Police,South Wales Police,-3.176748,51.473586,On or near Tresillian Terrace,W01001952,Cardiff 049F,Other theft,Unable to prosecute suspect,
7b0c62f0d44533244df5d6af1fbe612e582ecb512950b28d736c383c9005baf3,2024-09,South Wales Police,South Wales Police,-3.174962,51.475267,On or near Tresillian Way,W01001952,Cardiff 049F,Other theft,Investigation complete; no suspect identified,
0f2f46bd6df9e7019092e7d1bcf88a1ea7d0dc21d880020f34bb44920bb31098,2024-09,South Wales Police,South Wales Police,-3.176748,51.473586,On or near Tresillian Terrace,W01001952,Cardiff 049F,Other theft,Investigation complete; no suspect identified,
a34cd28c3b672b3f794737844f81947dce7751df765ddc8e743265807925c5a7,2024-09,South Wales Police,South Wales Police,-3.176748,51.473586,On or near Tresillian Terrace,W01001952,Cardiff 049F,Other theft,Unable to prosecute suspect,
84381c9b4d39178a20433e68e634e582f6239ab6c06014476119fa06a7858cbc,2024-09,South Wales Police,South Wales Police,-3.176748,51.473586,On or near Tresillian Terrace,W01001952,Cardiff 049F,Other theft,Unable to prosecute suspect,
8c43b5f8b58b13eb79f69cfdbf6b8e3f96eb21f398307ddb283c81de1d4fec4a,2024-09,South Wales Police,South Wales Police,-3.179967,51.472780,On or near Percy Street,W01001952,Cardiff 049F,Other theft,Investigation complete; no suspect identified,
4bce1cede86db1465b420afe7fb90a0ef9628b95b864050a3a23e45b66f34c9f,2024-09,South Wales Police,South Wales Police,-3.176748,51.473586,On or near Tresillian Terrace,W01001952,Cardiff 049F,Possession of weapons,Unable to prosecute suspect,
13a160b3f7f003704fd168da6a3ef57f2bfb97653b66aaa1bd9a192d839e9fd8,2024-09,South Wales Police,South Wales Police,-3.172249,51.473900,On or near North Church Street,W01001952,Cardiff 049F,Public order,Unable to prosecute suspect,
f136a4ce69ad0ee571ab41984c211c9df2f4070e36b90a874215283c1448d639,2024-09,South Wales Police,South Wales Police,-3.176748,51.473586,On or near Tresillian Terrace,W01001952,Cardiff 049F,Public order,Unable to prosecute suspect,
28a7e6a03ffa1643d77750093e88c56ed5a5b656a9f6084a501ce31930f3a633,2024-09,South Wales Police,South Wales Police,-3.176748,51.473586,On or near Tresillian Terrace,W01001952,Cardiff 049F,Public order,Unable to prosecute suspect,
fce558a1b882fc67987cf85f9a4bda27a47adfef0de5d38c321164d3cfc9d249,2024-09,South Wales Police,South Wales Police,-3.175101,51.471377,On or near Further/Higher Educational Building,W01001952,Cardiff 049F,Public order,Investigation complete; no suspect identified,
c9b2c6ca7f319497eb10b8cdd27d27bf632fe43d77211f6dd8155a08a75abc88,2024-09,South Wales Police,South Wales Police,-3.176748,51.473586,On or near Tresillian Terrace,W01001952,Cardiff 049F,Public order,Unable to prosecute suspect,
0dfe83f5a36a735191173a2cb4c4afe9c32365b50b5c5100a34cac90ef525ed5,2024-09,South Wales Police,South Wales Police,-3.176748,51.473586,On or near Tresillian Terrace,W01001952,Cardiff 049F,Public order,Unable to prosecute suspect,
0deca9b94c88e68783ed2ab1185c7de99548a6401c814dbedd1cf065dd16414e,2024-09,South Wales Police,South Wales Police,-3.172249,51.473900,On or near North Church Street,W01001952,Cardiff 049F,Public order,Unable to prosecute suspect,
0b23cda089b80c1fa299530742bcf0b786a6858b4c902906020028cca0618056,2024-09,South Wales Police,South Wales Police,-3.176748,51.473586,On or near Tresillian Terrace,W01001952,Cardiff 049F,Public order,Investigation complete; no suspect identified,
a370e240f9ef6604abd71fb7d808f11c2a8fa6e4a6782710beee3ea9cae0ea25,2024-09,South Wales Police,South Wales Police,-3.172249,51.473900,On or near North Church Street,W01001952,Cardiff 049F,Public order,Under investigation,
7091a88fa793315fe618893c2cb6bdb3c7bb4278dcd355f45d22f57e0aa7e039,2024-09,South Wales Police,South Wales Police,-3.179222,51.475170,On or near Caerdydd Canolog,W01001952,Cardiff 049F,Public order,Unable to prosecute suspect,
e50ecfb2a79e9f577aa0adb2de7c9d6360627f2558d71fddb4c5475e02b07e83,2024-09,South Wales Police,South Wales Police,-3.172249,51.473900,On or near North Church Street,W01001952,Cardiff 049F,Public order,Unable to prosecute suspect,
b3809d3c21796c9c7c40f7bd2f9309da840fb7583bf2f77386bee799f8f3fc65,2024-09,South Wales Police,South Wales Police,-3.175101,51.471377,On or near Further/Higher Educational Building,W01001952,Cardiff 049F,Public order,Investigation complete; no suspect identified,
b592cbad06d9aef1b23bd1f0b1890520d91ff28e1e09f864251c52922559a6b2,2024-09,South Wales Police,South Wales Police,-3.172249,51.473900,On or near North Church Street,W01001952,Cardiff 049F,Public order,Unable to prosecute suspect,
288daec70c09a0d0fbe453eaf0e6a9ef0ba5f7012cd26b2e04c3fb8cdfbab195,2024-09,South Wales Police,South Wales Police,-3.176748,51.473586,On or near Tresillian Terrace,W01001952,Cardiff 049F,Public order,Unable to prosecute suspect,
d396a5dd96c244e3b28db5e7670d74a1e609ad9c129bcb2cb467c0a37211e56b,2024-09,South Wales Police,South Wales Police,-3.176545,51.475206,On or near West Canal Wharf,W01001952,Cardiff 049F,Public order,Unable to prosecute suspect,
f10fd75865991520307cc101b00b7a5f3eceb86661fa106c4bb526a4e12439b9,2024-09,South Wales Police,South Wales Police,-3.176748,51.473586,On or near Tresillian Terrace,W01001952,Cardiff 049F,Public order,Unable to prosecute suspect,
541d561bacb21af275076038c4bbca96f16ee0499fefc4a56e9a471e84dcd867,2024-09,South Wales Police,South Wales Police,-3.171891,51.475666,On or near Stryd Herbert,W01001952,Cardiff 049F,Robbery,Investigation complete; no suspect identified,
3b5b5888a9ed52dee3b1bb067cde1a517dd91ec28bf078028053ea70f14856a3,2024-09,South Wales Police,South Wales Police,-3.171616,51.476164,On or near Parking Area,W01001952,Cardiff 049F,Shoplifting,Investigation complete; no suspect identified,
7b1a35fddf83fd77ed3b03294cbade3f78c137053589a8cffa0d7c6b150e8e69,2024-09,South Wales Police,South Wales Police,-3.171616,51.476164,On or near Parking Area,W01001952,Cardiff 049F,Shoplifting,Investigation complete; no suspect identified,
ac51023a84961692c17fd580f3dee04ee576ec4d6b6017239f488cfaeca8b404,2024-09,South Wales Police,South Wales Police,-3.171616,51.476164,On or near Parking Area,W01001952,Cardiff 049F,Shoplifting,Under investigation,
e244dd0b69e35a19fa9b7efc5b653315033ba305e7da3987a3491d12fe5ad92a,2024-09,South Wales Police,South Wales Police,-3.171616,51.476164,On or near Parking Area,W01001952,Cardiff 049F,Shoplifting,Investigation complete; no suspect identified,
8c75ac7d71b0c7e1a7115a85dac415d509f2a886fec93ce404b25299fa90db8d,2024-09,South Wales Police,South Wales Police,-3.171616,51.476164,On or near Parking Area,W01001952,Cardiff 049F,Shoplifting,Awaiting court outcome,
db01a0e0637d5a3a6e66041951a8175f13bed626e082fe8a123abd045831353e,2024-09,South Wales Police,South Wales Police,-3.171616,51.476164,On or near Parking Area,W01001952,Cardiff 049F,Shoplifting,Unable to prosecute suspect,
6877a2a4fa1dc379ae0605a3724c899a7cf8b11b0418141b8992308fa2111ed5,2024-09,South Wales Police,South Wales Police,-3.171616,51.476164,On or near Parking Area,W01001952,Cardiff 049F,Shoplifting,Investigation complete; no suspect identified,
56dcd0e6d86e424ac8908c5f20d7e5c0b84da1107449a74665cc68cd82eafe27,2024-09,South Wales Police,South Wales Police,-3.171616,51.476164,On or near Parking Area,W01001952,Cardiff 049F,Shoplifting,Unable to prosecute suspect,
1e73e69d34d7f7f9b9b3e4c3204fc111ad466da3a554028f9c8044fe234dfbdf,2024-09,South Wales Police,South Wales Police,-3.171616,51.476164,On or near Parking Area,W01001952,Cardiff 049F,Shoplifting,Investigation complete; no suspect identified,
f4cee2a24a34e4e7598ff9ac38b534cd294230e85c618841096146d794506dd0,2024-09,South Wales Police,South Wales Police,-3.171616,51.476164,On or near Parking Area,W01001952,Cardiff 049F,Shoplifting,Investigation complete; no suspect identified,
0e3bc83c09b93485593f13895bc49e745c71118a306deab6acdfb741645de097,2024-09,South Wales Police,South Wales Police,-3.171616,51.476164,On or near Parking Area,W01001952,Cardiff 049F,Shoplifting,Awaiting court outcome,
a6f7d91055a75fef93af6a56e030f2436a74c86ddeb971cb89fc666c3a3b7b80,2024-09,South Wales Police,South Wales Police,-3.171616,51.476164,On or near Parking Area,W01001952,Cardiff 049F,Shoplifting,Investigation complete; no suspect identified,
8f5a1fad035dbde3968c2ddc7c099d32063a6b15a115cf95150adb0196bb27af,2024-09,South Wales Police,South Wales Police,-3.171616,51.476164,On or near Parking Area,W01001952,Cardiff 049F,Shoplifting,Unable to prosecute suspect,
acf47dda0010b82bac85691e03122f90d14a701737a3eecbc62ab2fb0808f83f,2024-09,South Wales Police,South Wales Police,-3.171616,51.476164,On or near Parking Area,W01001952,Cardiff 049F,Shoplifting,Investigation complete; no suspect identified,
57f98518fc43355102acfe3399d1eab35f189277321247f2f49096ef3c0980ab,2024-09,South Wales Police,South Wales Police,-3.171616,51.476164,On or near Parking Area,W01001952,Cardiff 049F,Shoplifting,Awaiting court outcome,
4d6b7d55db2b3db0a5639f30e71332b48e6c2c6431c82a60f9f4d5fe3cd49fef,2024-09,South Wales Police,South Wales Police,-3.171616,51.476164,On or near Parking Area,W01001952,Cardiff 049F,Shoplifting,Awaiting court outcome,
bcaf7fc674f148874e2e83cdbf043e208c73053538c244b9892ee6d847a03386,2024-09,South Wales Police,South Wales Police,-3.171616,51.476164,On or near Parking Area,W01001952,Cardiff 049F,Shoplifting,Unable to prosecute suspect,
ecf00ab0b178715dbbdf8d68d93846fe92942e37caa72bc8ac8170d97ae93848,2024-09,South Wales Police,South Wales Police,-3.171616,51.476164,On or near Parking Area,W01001952,Cardiff 049F,Shoplifting,Investigation complete; no suspect identified,
13a68a5c367e21bf03e6dcc89b02ece76ec9cc6e245c2fdf3ae58fd37cf75ad2,2024-09,South Wales Police,South Wales Police,-3.171616,51.476164,On or near Parking Area,W01001952,Cardiff 049F,Shoplifting,Unable to prosecute suspect,
435239af3d8fb1844f38a2c0decf01185776f53fa711a4aa89da4afd1c78c8a0,2024-09,South Wales Police,South Wales Police,-3.171616,51.476164,On or near Parking Area,W01001952,Cardiff 049F,Shoplifting,Awaiting court outcome,
369485de9fdc8b0703c2d8847f77ac3b47f98b3a79318efd7e5e795e65024a77,2024-09,South Wales Police,South Wales Police,-3.171616,51.476164,On or near Parking Area,W01001952,Cardiff 049F,Shoplifting,Investigation complete; no suspect identified,
9e378d87f964ab7f8a1eaffbea402aee583eb74ca2eb85d28f7ec05e1a2a9aac,2024-09,South Wales Police,South Wales Police,-3.171616,51.476164,On or near Parking Area,W01001952,Cardiff 049F,Shoplifting,Under investigation,
6f6877d917a80c1b78e949880da23792e72f2e3cf0f164a02a97caf9584578ac,2024-09,South Wales Police,South Wales Police,-3.171616,51.476164,On or near Parking Area,W01001952,Cardiff 049F,Shoplifting,Awaiting court outcome,
6bf27c61b782959e596220c27571f40452c8dddaeab0b0883a04194d8a242ceb,2024-09,South Wales Police,South Wales Police,-3.178980,51.473599,On or near Crawshay Street,W01001952,Cardiff 049F,Vehicle crime,Investigation complete; no suspect identified,
72dada5b5a84a51823853ce4abc63829b3d9a16c1e7a8584169bca767e7aa1ab,2024-09,South Wales Police,South Wales Police,-3.176748,51.473586,On or near Tresillian Terrace,W01001952,Cardiff 049F,Vehicle crime,Investigation complete; no suspect identified,
767eed8af18d9930eb0a5492e2526f325e98d36465cf9dd59cd63cd95d326f85,2024-09,South Wales Police,South Wales Police,-3.171616,51.476164,On or near Parking Area,W01001952,Cardiff 049F,Vehicle crime,Under investigation,
32b893c6b3fc009d2332ab40ea7d9b1517fe44b26246d6e7317c1980dde85c2e,2024-09,South Wales Police,South Wales Police,-3.171616,51.476164,On or near Parking Area,W01001952,Cardiff 049F,Violence and sexual offences,Unable to prosecute suspect,
a88e1b11485e97a2474ca1c81c7cf5969cc4d06b000226e9448439ee81e5c28f,2024-09,South Wales Police,South Wales Police,-3.176748,51.473586,On or near Tresillian Terrace,W01001952,Cardiff 049F,Violence and sexual offences,Unable to prosecute suspect,
e2ebb6dcb77d71d8ed30c5fe37eac8ccf0d2176be4c689abd718602043ba5303,2024-09,South Wales Police,South Wales Police,-3.178410,51.472724,On or near Trade Street,W01001952,Cardiff 049F,Violence and sexual offences,Under investigation,
b6e8ad01a66260cfbb1b75953bb6fe64fd0a2c2036abce02dafe5f60bc43c6dd,2024-09,South Wales Police,South Wales Police,-3.171616,51.476164,On or near Parking Area,W01001952,Cardiff 049F,Violence and sexual offences,Unable to prosecute suspect,
3cd36df8e2441dffbc95b8f148244a8030160ddad25b23c7ba24776132b41232,2024-09,South Wales Police,South Wales Police,-3.171616,51.476164,On or near Parking Area,W01001952,Cardiff 049F,Violence and sexual offences,Awaiting court outcome,
de1d113a13194dbb14697423954597f23a1ec6615f0cff1bce5de35e921d20cd,2024-09,South Wales Police,South Wales Police,-3.179222,51.475170,On or near Caerdydd Canolog,W01001952,Cardiff 049F,Violence and sexual offences,Under investigation,
fb28bcbdc1a6aef735dea2332c6fd4e55d902e8ef8cb1b28d1630245f14d6ddd,2024-09,South Wales Police,South Wales Police,-3.176748,51.473586,On or near Tresillian Terrace,W01001952,Cardiff 049F,Violence and sexual offences,Unable to prosecute suspect,
e06ee577e01a4a01d047f113d7748ec106b88be43ac32bd970ca2335166ca8c1,2024-09,South Wales Police,South Wales Police,-3.171616,51.476164,On or near Parking Area,W01001952,Cardiff 049F,Violence and sexual offences,Unable to prosecute suspect,
b0660a7d95b77a52cc5d37627e008a6682e4afd79c24a217bd612118c4a18b40,2024-09,South Wales Police,South Wales Police,-3.179222,51.475170,On or near Caerdydd Canolog,W01001952,Cardiff 049F,Violence and sexual offences,Under investigation,
8d28f321cc7adf7dee011e80912768d041621b2103be14bb7aca00dda2c3f146,2024-09,South Wales Police,South Wales Police,-3.175101,51.471377,On or near Further/Higher Educational Building,W01001952,Cardiff 049F,Violence and sexual offences,Unable to prosecute suspect,
23833eeec9e75817825793b8e84c2765a3356c1a3cf7f83ac2d2bf0fb05b34ad,2024-09,South Wales Police,South Wales Police,-3.176748,51.473586,On or near Tresillian Terrace,W01001952,Cardiff 049F,Violence and sexual offences,Unable to prosecute suspect,
158c865d6338406274d5312d213823206ff1db6c1da409530182440ec5fa9063,2024-09,South Wales Police,South Wales Police,-3.174962,51.475267,On or near Tresillian Way,W01001952,Cardiff 049F,Violence and sexual offences,Under investigation,
66ad9038369a84519edd25026d6be89be21b50dc68ca7b8a8cb3be52a1ee5116,2024-09,South Wales Police,South Wales Police,-3.176748,51.473586,On or near Tresillian Terrace,W01001952,Cardiff 049F,Violence and sexual offences,Awaiting court outcome,
acc279a7c8e8af496d6fef767110427c56103e772c455abcf6f0207ff65403c3,2024-09,South Wales Police,South Wales Police,-3.175101,51.471377,On or near Further/Higher Educational Building,W01001952,Cardiff 049F,Violence and sexual offences,Unable to prosecute suspect,
cc48f135621918e81a8c03f712b5c53e22b6ceafcdb60b4fc673b324566ca79e,2024-09,South Wales Police,South Wales Police,-3.172249,51.473900,On or near North Church Street,W01001952,Cardiff 049F,Violence and sexual offences,Unable to prosecute suspect,
984e345320888fbd9f10e88c9f948fb94a489d314aab18ba364d635f6c84bc7d,2024-09,South Wales Police,South Wales Police,-3.174962,51.475267,On or near Tresillian Way,W01001952,Cardiff 049F,Violence and sexual offences,Investigation complete; no suspect identified,
9dd229e760635b6fc21320b1080be14554bf46332f713bca956740fd8d07d012,2024-09,South Wales Police,South Wales Police,-3.178410,51.472724,On or near Trade Street,W01001952,Cardiff 049F,Violence and sexual offences,Unable to prosecute suspect,
41b8c9f18bb1527d6744ccb52525955c8bd7b90a9248724e2cf1cb34ca3e103a,2024-09,South Wales Police,South Wales Police,-3.176748,51.473586,On or near Tresillian Terrace,W01001952,Cardiff 049F,Violence and sexual offences,Awaiting court outcome,
5c51a1d66c8cbae7102adda3b76b12bf2d69be767507f8aa840f700283c08f2d,2024-09,South Wales Police,South Wales Police,-3.176748,51.473586,On or near Tresillian Terrace,W01001952,Cardiff 049F,Violence and sexual offences,Unable to prosecute suspect,
68c0db0119ee3d6f125de979295894dbc19bff4eb7fa51a74b978b7fcf5eac66,2024-09,South Wales Police,South Wales Police,-3.176748,51.473586,On or near Tresillian Terrace,W01001952,Cardiff 049F,Violence and sexual offences,Unable to prosecute suspect,
cc117013f2bdadd5c890a98b4c778810c2847678c569302a7900a474c1846042,2024-09,South Wales Police,South Wales Police,-3.176748,51.473586,On or near Tresillian Terrace,W01001952,Cardiff 049F,Violence and sexual offences,Unable to prosecute suspect,
13a5318c70b32478fdee19ca441987e0a5e080dd0a65417d4a1353e562201385,2024-09,South Wales Police,South Wales Police,-3.176748,51.473586,On or near Tresillian Terrace,W01001952,Cardiff 049F,Violence and sexual offences,Unable to prosecute suspect,
a4a3c2853e293d6527435974f4e4fa91aaae4005e80bb57a6d948089522dafbd,2024-09,South Wales Police,South Wales Police,-3.174962,51.475267,On or near Tresillian Way,W01001952,Cardiff 049F,Violence and sexual offences,Under investigation,
5f7a1f0c502c10e49eecccc5a39b5b5181b9713bfed108d666770e14a2435900,2024-09,South Wales Police,South Wales Police,-3.174962,51.475267,On or near Tresillian Way,W01001952,Cardiff 049F,Violence and sexual offences,Under investigation,
d54e25fb9bea336a0f9b5a3f9592fbfbefe706c4c69069da567ab13d50f481d3,2024-09,South Wales Police,South Wales Police,-3.171616,51.476164,On or near Parking Area,W01001952,Cardiff 049F,Violence and sexual offences,Unable to prosecute suspect,
148edbc792618e5651fa62d776159532c6faf92566cea421af1f01cb3b97ed50,2024-09,South Wales Police,South Wales Police,-3.176748,51.473586,On or near Tresillian Terrace,W01001952,Cardiff 049F,Violence and sexual offences,Awaiting court outcome,
4b458a6b7114c3ce127fe420530a10a209647a71b4dfec0e137d966e263a05bc,2024-09,South Wales Police,South Wales Police,-3.172249,51.473900,On or near North Church Street,W01001952,Cardiff 049F,Violence and sexual offences,Awaiting court outcome,
784b5bef501393da512c2394f9d7ded614ea7365e20a744af50955b65f1e9d60,2024-09,South Wales Police,South Wales Police,-3.171616,51.476164,On or near Parking Area,W01001952,Cardiff 049F,Violence and sexual offences,Investigation complete; no suspect identified,
952db251bb4a048b5c81d219fbfc5f9d163f38f2e30837f9889d35c98b8be0dc,2024-09,South Wales Police,South Wales Police,-3.906802,51.806171,On or near Maesyrhendre,W01000656,Carmarthenshire 010A,Drugs,Under investigation,
b3ea8e847880c1d39328b8831a872a6a1de024ab886df131d574d0584d8c4203,2024-09,South Wales Police,South Wales Police,-3.906802,51.806171,On or near Maesyrhendre,W01000656,Carmarthenshire 010A,Drugs,Under investigation,
7f58df118ea504bdeb3d9da56a7e0e95a06acb072ed34dcdfba14cbc92855421,2024-09,South Wales Police,South Wales Police,-4.227377,51.733142,On or near Heol Dyffryn Aur,W01000695,Carmarthenshire 012B,Violence and sexual offences,Unable to prosecute suspect,
6db72b1ecc99c2dded8897af33c5d82ab3596799647197744f1a29324e1b773c,2024-09,South Wales Police,South Wales Police,-4.049734,51.744011,On or near Garreg Llwyd,W01000665,Carmarthenshire 017A,Violence and sexual offences,Under investigation,
f783bf9c119451fad5819d9d706e0c7c24b50cde1b0b797823c6090ec8091b80,2024-09,South Wales Police,South Wales Police,-4.289171,51.743384,On or near Meinciau Road,W01000671,Carmarthenshire 018B,Violence and sexual offences,Under investigation,
0c316022abaed8c01203e049bb12f96f1c7217e5cfeb98cb60d1cb346832b06c,2024-09,South Wales Police,South Wales Police,-1.561528,52.392693,On or near Sheriff Avenue,E01009679,Coventry 036C,Violence and sexual offences,Investigation complete; no suspect identified,
,2024-09,South Wales Police,South Wales Police,-3.358010,51.766694,On or near Cross Ifor Terrace,W01001295,Merthyr Tydfil 002A,Anti-social behaviour,,
75cbb15892b977be27997fe92b5994f3e75ee10855c328e98f017bcd5e487661,2024-09,South Wales Police,South Wales Police,-3.361257,51.770073,On or near Heol Rhyd-Y-Bedd,W01001295,Merthyr Tydfil 002A,Burglary,Under investigation,
f5e73002ce65a3de5bb495105e14babe5207b262e340bf5bb109e7ebe0550307,2024-09,South Wales Police,South Wales Police,-3.361257,51.770073,On or near Heol Rhyd-Y-Bedd,W01001295,Merthyr Tydfil 002A,Burglary,Awaiting court outcome,
4227e7ae8a4b199de5c0dc58f81dce77b03d109ef0572f6deff3554b7103f450,2024-09,South Wales Police,South Wales Police,-3.357802,51.772289,On or near Pant Close,W01001295,Merthyr Tydfil 002A,Criminal damage and arson,Unable to prosecute suspect,
19852754a808902426f7c4250197d085cd8da4d2ddf271321ca2cd25864b6c98,2024-09,South Wales Police,South Wales Police,-3.361257,51.770073,On or near Heol Rhyd-Y-Bedd,W01001295,Merthyr Tydfil 002A,Other theft,Investigation complete; no suspect identified,
fd1800f372644b26a72350521f76c3ad77baeb1f530b211b9adc3cebc4498c00,2024-09,South Wales Police,South Wales Police,-3.359415,51.764726,On or near Wimborne Street,W01001295,Merthyr Tydfil 002A,Other theft,Unable to prosecute suspect,
5f9d96f56118642a4df5dad4f58343e352b77f8598b5c0caf14f18af380bf202,2024-09,South Wales Police,South Wales Police,-3.361257,51.770073,On or near Heol Rhyd-Y-Bedd,W01001295,Merthyr Tydfil 002A,Other theft,Unable to prosecute suspect,
6b52d5de23b05e97d680e0c6de7024a9fe897f1ad373b66011b5bfa32ee2b125,2024-09,South Wales Police,South Wales Police,-3.362409,51.771768,On or near Heol Bonymaen,W01001295,Merthyr Tydfil 002A,Vehicle crime,Investigation complete; no suspect identified,
9567b1f2a5d6f97bdf02bc83ebb4ce0287715d0d65dd3e106e194051c04e7bb0,2024-09,South Wales Police,South Wales Police,-3.361257,51.770073,On or near Heol Rhyd-Y-Bedd,W01001295,Merthyr Tydfil 002A,Violence and sexual offences,Awaiting court outcome,
ff1efaa9940325f7991492e7ce01077c74f93e011672479cb029b1a1c8fa5273,2024-09,South Wales Police,South Wales Police,-3.357353,51.765550,On or near Glendower Street,W01001295,Merthyr Tydfil 002A,Other crime,Unable to prosecute suspect,
668c362b3a3596030fdab3c8b3bb86e0a5835ddba0cd820f23e8a29ddd654de3,2024-09,South Wales Police,South Wales Police,-3.356486,51.771917,On or near Cross King Street,W01001296,Merthyr Tydfil 002B,Other theft,Investigation complete; no suspect identified,
3fe994f893adf09fa5819d167e481e5ecca6e11ecd33c051e65a98239e6199d1,2024-09,South Wales Police,South Wales Police,-3.350153,51.773411,On or near Tai'R Twynau,W01001296,Merthyr Tydfil 002B,Vehicle crime,Investigation complete; no suspect identified,
10e560b99ca81db864f3dbaaff490e685ab1f879a1437f66c7397bda212bd94b,2024-09,South Wales Police,South Wales Police,-3.351373,51.772039,On or near Glanmorlais,W01001296,Merthyr Tydfil 002B,Violence and sexual offences,Unable to prosecute suspect,
fe632149f084b1228b02642ac619160e44395d8b939a6d0c9d557edcfd35324f,2024-09,South Wales Police,South Wales Police,-3.351373,51.772039,On or near Glanmorlais,W01001296,Merthyr Tydfil 002B,Violence and sexual offences,Unable to prosecute suspect,
65af648e99bc53a21e884103b3310e6804dfac2186267ff63d74344c4d8fc874,2024-09,South Wales Police,South Wales Police,-3.356486,51.771917,On or near Cross King Street,W01001296,Merthyr Tydfil 002B,Violence and sexual offences,Unable to prosecute suspect,
,2024-09,South Wales Police,South Wales Police,-3.354538,51.766401,On or near Barracks Row,W01001297,Merthyr Tydfil 002C,Anti-social behaviour,,
,2024-09,South Wales Police,South Wales Police,-3.340819,51.764113,On or near Cefn Coed-Cae,W01001297,Merthyr Tydfil 002C,Anti-social behaviour,,
,2024-09,South Wales Police,South Wales Police,-3.340819,51.764113,On or near Cefn Coed-Cae,W01001297,Merthyr Tydfil 002C,Anti-social behaviour,,
,2024-09,South Wales Police,South Wales Police,-3.340819,51.764113,On or near Cefn Coed-Cae,W01001297,Merthyr Tydfil 002C,Anti-social behaviour,,
,2024-09,South Wales Police,South Wales Police,-3.348224,51.761672,On or near High Street,W01001297,Merthyr Tydfil 002C,Anti-social behaviour,,
,2024-09,South Wales Police,South Wales Police,-3.340819,51.764113,On or near Cefn Coed-Cae,W01001297,Merthyr Tydfil 002C,Anti-social behaviour,,
,2024-09,South Wales Police,South Wales Police,-3.340819,51.764113,On or near Cefn Coed-Cae,W01001297,Merthyr Tydfil 002C,Anti-social behaviour,,
56a88c84b9a0875198c2c79f0a581ab017013adb157af2589964cd1ecef68bde,2024-09,South Wales Police,South Wales Police,-3.340218,51.764362,On or near Coedcae Row,W01001297,Merthyr Tydfil 002C,Criminal damage and arson,Investigation complete; no suspect identified,
8738a53efb4a65b6dea68d82c147f0f390ad8ede6c87493005b3be3f3f12d735,2024-09,South Wales Police,South Wales Police,-3.353407,51.766846,On or near Stryd Davies,W01001297,Merthyr Tydfil 002C,Criminal damage and arson,Investigation complete; no suspect identified,
220e0ad5b4dd168d70b23d52967365e9e757d814877d2bc2a3235c07e0a32c4e,2024-09,South Wales Police,South Wales Police,-3.340218,51.764362,On or near Coedcae Row,W01001297,Merthyr Tydfil 002C,Criminal damage and arson,Investigation complete; no suspect identified,
224c3df36994557e9b24c7325d8a75c44048bd7d4fbc3bab99121c80696db4ec,2024-09,South Wales Police,South Wales Police,-3.340218,51.764362,On or near Coedcae Row,W01001297,Merthyr Tydfil 002C,Other theft,Investigation complete; no suspect identified,
b6b56171a19f3a039ca2c6583d2c8d7b861eaa54930a0f94832ee1104c04a8fa,2024-09,South Wales Police,South Wales Police,-3.340218,51.764362,On or near Coedcae Row,W01001297,Merthyr Tydfil 002C,Public order,Unable to prosecute suspect,
332865ad5b50164ef146a09c0fb1990a12a77820a5b742d33d6ddd464538805c,2024-09,South Wales Police,South Wales Police,-3.340218,51.764362,On or near Coedcae Row,W01001297,Merthyr Tydfil 002C,Shoplifting,Awaiting court outcome,
35dcb2c45383dc1a0b2d5ff8c3a0a8e0b38f79560ed322847238b1397ba29e0d,2024-09,South Wales Police,South Wales Police,-3.340218,51.764362,On or near Coedcae Row,W01001297,Merthyr Tydfil 002C,Shoplifting,Awaiting court outcome,
e65369d97720544ebb98d19fa21d1d14c4bdfb45307fc2ea4086f2a92a231294,2024-09,South Wales Police,South Wales Police,-3.340218,51.764362,On or near Coedcae Row,W01001297,Merthyr Tydfil 002C,Shoplifting,Awaiting court outcome,
c2410a8358dda38f8d99c2fe18e60e1164e998cd7aba408f1ab323103f3e235b,2024-09,South Wales Police,South Wales Police,-3.340218,51.764362,On or near Coedcae Row,W01001297,Merthyr Tydfil 002C,Shoplifting,Awaiting court outcome,
214805359ac4ad62db8db825b135c8a31a51fcb3de4bc1f26dc6c38ed36c8681,2024-09,South Wales Police,South Wales Police,-3.340218,51.764362,On or near Coedcae Row,W01001297,Merthyr Tydfil 002C,Shoplifting,Awaiting court outcome,
0246b0da6dcebeb94009e3b0d8134162f7153cc922f65212192474a4ccb74c21,2024-09,South Wales Police,South Wales Police,-3.340218,51.764362,On or near Coedcae Row,W01001297,Merthyr Tydfil 002C,Shoplifting,Investigation complete; no suspect identified,
18944d0421ddc5c79815ede6063d228b3fdeb51c060f678c5d2d510440aeab86,2024-09,South Wales Police,South Wales Police,-3.340218,51.764362,On or near Coedcae Row,W01001297,Merthyr Tydfil 002C,Shoplifting,Awaiting court outcome,
3b1545f15157a5756562560f4099e72a2ad194d42f2c8a6b8840812c1c2f0e7a,2024-09,South Wales Police,South Wales Police,-3.340218,51.764362,On or near Coedcae Row,W01001297,Merthyr Tydfil 002C,Shoplifting,Unable to prosecute suspect,
94cbf917093e0434acdaea1c57367491fb64376b572cb098787419f0de317229,2024-09,South Wales Police,South Wales Police,-3.340218,51.764362,On or near Coedcae Row,W01001297,Merthyr Tydfil 002C,Shoplifting,Awaiting court outcome,
8cc5c2106af5c300c3221a1b11b0fac07981e4cff278fa52282473b01fe1bc53,2024-09,South Wales Police,South Wales Police,-3.340218,51.764362,On or near Coedcae Row,W01001297,Merthyr Tydfil 002C,Shoplifting,Formal action is not in the public interest,
80ff03b944e9f85eb12bdc2bcace05a0f3ba2c243eddad96c5602c4a21bc3b18,2024-09,South Wales Police,South Wales Police,-3.340218,51.764362,On or near Coedcae Row,W01001297,Merthyr Tydfil 002C,Shoplifting,Awaiting court outcome,
26484b43fe04495c0e0015d4fc11b8505479ae9ccf91d2e20b4342ba726def2f,2024-09,South Wales Police,South Wales Police,-3.340218,51.764362,On or near Coedcae Row,W01001297,Merthyr Tydfil 002C,Shoplifting,Investigation complete; no suspect identified,
a672cab419cf4679592e6453d8485b62a4f692880d02d8b6023828c7ee8fd30e,2024-09,South Wales Police,South Wales Police,-3.340218,51.764362,On or near Coedcae Row,W01001297,Merthyr Tydfil 002C,Shoplifting,Awaiting court outcome,
c54ce2e4b06e2db7d833f196d147d40f3a0a3c1fe479985cdde1def077fdc386,2024-09,South Wales Police,South Wales Police,-3.340218,51.764362,On or near Coedcae Row,W01001297,Merthyr Tydfil 002C,Shoplifting,Awaiting court outcome,
3acfc4a053fbfd817167f4f54444fe37fe302eefc3badec38d09d4d08e47b61b,2024-09,South Wales Police,South Wales Police,-3.354176,51.766882,On or near Houlson Street,W01001297,Merthyr Tydfil 002C,Vehicle crime,Investigation complete; no suspect identified,
c2b0989d34572485e232cf6e9d7f31e8bd8c0788901665e68fcc91234a31eec7,2024-09,South Wales Police,South Wales Police,-3.342552,51.763922,On or near Station Terrace,W01001297,Merthyr Tydfil 002C,Violence and sexual offences,Under investigation,
d8a7b86b808d9b6ff417b3df6a0d0f93b560268d9036397a45b8192ab954151c,2024-09,South Wales Police,South Wales Police,-3.340218,51.764362,On or near Coedcae Row,W01001297,Merthyr Tydfil 002C,Violence and sexual offences,Under investigation,
a41719e843cdc6790dd9cc0baad2732c2bdb4cdee09d117d5aba089a5bda0849,2024-09,South Wales Police,South Wales Police,-3.345862,51.760701,On or near Rhodfa'R Clesin,W01001297,Merthyr Tydfil 002C,Violence and sexual offences,Under investigation,
21b3f04a61ea0604c1e0e8af3831b2d6d8e252f5c87c8339df7f21ab0220d02e,2024-09,South Wales Police,South Wales Police,-3.345826,51.762896,On or near Blanche Street,W01001297,Merthyr Tydfil 002C,Violence and sexual offences,Under investigation,
20757cfebe7d891df0b8b8b5b1f3ce7398314195a38161f541c6ddaab35ac734,2024-09,South Wales Police,South Wales Police,-3.355701,51.766505,On or near Wern Street,W01001297,Merthyr Tydfil 002C,Violence and sexual offences,Unable to prosecute suspect,
55d3ba43fdb9d1290bb7fc1517ddf2c71fb0ff0352b474db02ac6b1d64a2a8c8,2024-09,South Wales Police,South Wales Police,-3.340218,51.764362,On or near Coedcae Row,W01001297,Merthyr Tydfil 002C,Violence and sexual offences,Investigation complete; no suspect identified,
594f970e06822c0c2c677dc16f25f7f79ba92b71c5998f696909a30a6bf41e03,2024-09,South Wales Police,South Wales Police,-3.340218,51.764362,On or near Coedcae Row,W01001297,Merthyr Tydfil 002C,Violence and sexual offences,Unable to prosecute suspect,
262b40fa5f8f67afd13814df9be96a6a786176d541d54d354b205551520bb333,2024-09,South Wales Police,South Wales Police,-3.341334,51.762416,On or near Blaen Dowlais,W01001297,Merthyr Tydfil 002C,Violence and sexual offences,Unable to prosecute suspect,
77f3fe9654ab8d15bd6193114f8b60a6c61712145883c982bd4380437cc80ef8,2024-09,South Wales Police,South Wales Police,-3.345826,51.762896,On or near Blanche Street,W01001297,Merthyr Tydfil 002C,Violence and sexual offences,Unable to prosecute suspect,
00d540341efa82fa0456d170a702b397ccc9bda5ad2b0ae012e47bc2d4ab7a57,2024-09,South Wales Police,South Wales Police,-3.342973,51.763459,On or near Coed-Cae,W01001297,Merthyr Tydfil 002C,Violence and sexual offences,Under investigation,
cea6e96c9039c7ec75ee73c702c9156f68e373a3872c45098d9fee5dc3efe200,2024-09,South Wales Police,South Wales Police,-3.345826,51.762896,On or near Blanche Street,W01001297,Merthyr Tydfil 002C,Violence and sexual offences,Under investigation,
7f0fc19513f99834020ea607b7ab45f7aa1286f129fd20fd44c62083d619d5ee,2024-09,South Wales Police,South Wales Police,-3.354538,51.766401,On or near Barracks Row,W01001297,Merthyr Tydfil 002C,Other crime,Awaiting court outcome,
,2024-09,South Wales Police,South Wales Police,-3.356602,51.761297,On or near Y Ganolfan,W01001298,Merthyr Tydfil 002D,Anti-social behaviour,,
2f021ce40c247f8583f4a29a65847ff2cd51a4a051c937328509f61c55c80ba7,2024-09,South Wales Police,South Wales Police,-3.355685,51.762611,On or near Sports/Recreation Area,W01001298,Merthyr Tydfil 002D,Criminal damage and arson,Investigation complete; no suspect identified,
c97e8aa989c557b8607511f720c32ed87eaabb6e65f82dceaef41561a45b6d8a,2024-09,South Wales Police,South Wales Police,-3.361815,51.758287,On or near New Road,W01001298,Merthyr Tydfil 002D,Criminal damage and arson,Unable to prosecute suspect,
eab3830692b51c1db0474ce1755de102bb9db4a84011ecb0b249e15d041fcf20,2024-09,South Wales Police,South Wales Police,-3.358012,51.763852,On or near Alma Street,W01001298,Merthyr Tydfil 002D,Other theft,Investigation complete; no suspect identified,
8b73388734d178ac2b67988fb6c74db3bd0d00e556c14b8150da2bc44d2e95e9,2024-09,South Wales Police,South Wales Police,-3.357578,51.762437,On or near Sgwar Berry,W01001298,Merthyr Tydfil 002D,Other theft,Investigation complete; no suspect identified,
4b89ae1e7022615de471102efddec7af1956aba6dc078550afd1019f7a53b19b,2024-09,South Wales Police,South Wales Police,-3.361815,51.758287,On or near New Road,W01001298,Merthyr Tydfil 002D,Other theft,Investigation complete; no suspect identified,
ebace5f778cfc81a8ace113bd380c2260baab2f3d4231ee0eeafdcfbc7519849,2024-09,South Wales Police,South Wales Police,-3.359962,51.763173,On or near Regent Street,W01001298,Merthyr Tydfil 002D,Other theft,Investigation complete; no suspect identified,
d5f93c71bbfabf85218745317f8b670570c24071e78eb98534cafb990be206bc,2024-09,South Wales Police,South Wales Police,-3.359213,51.762346,On or near Broad Street,W01001298,Merthyr Tydfil 002D,Public order,Under investigation,
67aeb6ed625c1d3055e1bf3f1d7e48adebdb2665037ed9a1f149e67fbd80c737,2024-09,South Wales Police,South Wales Police,-3.356504,51.762845,On or near Victoria Street,W01001298,Merthyr Tydfil 002D,Public order,Investigation complete; no suspect identified,
1294326591c110a58d0fdcc14de54f0c8e7b3b8c6da1cf1d963296436043d2cb,2024-09,South Wales Police,South Wales Police,-3.356602,51.761297,On or near Y Ganolfan,W01001298,Merthyr Tydfil 002D,Public order,Unable to prosecute suspect,
c6af59c806b900425b12722b92c758f506d5a1ea20b4d76899586d037c532a6c,2024-09,South Wales Police,South Wales Police,-3.351392,51.761501,On or near Market Street,W01001298,Merthyr Tydfil 002D,Theft from the person,Under investigation,
f19e55b0ce5c95f3a49c8f254628aa6d7486b38294b66e1b56124b522ec73e67,2024-09,South Wales Police,South Wales Police,-3.352542,51.761191,On or near East Street,W01001298,Merthyr Tydfil 002D,Vehicle crime,Investigation complete; no suspect identified,
862fe38bb068e414b3e218820479f792de83aaf7064009a9b00b3af4954cd65d,2024-09,South Wales Police,South Wales Police,-3.359823,51.762869,On or near Stryd Walter,W01001298,Merthyr Tydfil 002D,Vehicle crime,Unable to prosecute suspect,
9c1a3e8c37332e3ba4989758abdd284b81f029b9f80705f3b81af2bfa830269d,2024-09,South Wales Police,South Wales Police,-3.355768,51.760551,On or near Lower Union Street,W01001298,Merthyr Tydfil 002D,Violence and sexual offences,Investigation complete; no suspect identified,
d3fd282d9b90633dd6ae9a559ab24b0bb862fca2d02ed70d45ae1169ea0813fe,2024-09,South Wales Police,South Wales Police,-3.360181,51.761301,On or near Balaclava Road,W01001298,Merthyr Tydfil 002D,Violence and sexual offences,Under investigation,
690e7078fab67b89b3a160310967d4bab13b951ce35bda25fd45244f6be2f548,2024-09,South Wales Police,South Wales Police,-3.356602,51.761297,On or near Y Ganolfan,W01001298,Merthyr Tydfil 002D,Violence and sexual offences,Under investigation,
8af11578b6595b2ad10baab25bad39597c3e0d1f8a5c339833e0454e4373447b,2024-09,South Wales Police,South Wales Police,-3.355685,51.762611,On or near Sports/Recreation Area,W01001298,Merthyr Tydfil 002D,Violence and sexual offences,Unable to prosecute suspect,
cf0e31d519928429497f5f142f08f80c06b580ff7579e15c44b7546dd8f57585,2024-09,South Wales Police,South Wales Police,-3.358763,51.759905,On or near Glynne Jones Court,W01001298,Merthyr Tydfil 002D,Violence and sexual offences,Unable to prosecute suspect,
1aca9b0c726fa76c696b0ce74984c7fc7270ff1787307a4713cd20afea2bc838,2024-09,South Wales Police,South Wales Police,-3.351392,51.761501,On or near Market Street,W01001298,Merthyr Tydfil 002D,Violence and sexual offences,Unable to prosecute suspect,
032d3f709bdc6c74a5f11f378a0afec8c16e05141310464a3fc70d7f4e63afbd,2024-09,South Wales Police,South Wales Police,-3.356602,51.761297,On or near Y Ganolfan,W01001298,Merthyr Tydfil 002D,Violence and sexual offences,Unable to prosecute suspect,
769042866d27359633fe0843435f31fcde92eca01bd7fa07d94f3b2f936125b9,2024-09,South Wales Police,South Wales Police,-3.355144,51.760010,On or near South Street,W01001298,Merthyr Tydfil 002D,Violence and sexual offences,Unable to prosecute suspect,
2fda786297c94b700d0eb1400498543baeabccd5c2f017222a7ff2355cd6fdce,2024-09,South Wales Police,South Wales Police,-3.369270,51.755647,On or near Lewis Terrace,W01001310,Merthyr Tydfil 002E,Burglary,Investigation complete; no suspect identified,
e519e76aae641ccd46d693e50bbb6f2e95780631aad5845a0fdcbdda262d5716,2024-09,South Wales Police,South Wales Police,-3.370515,51.756595,On or near Seward Street,W01001310,Merthyr Tydfil 002E,Burglary,Investigation complete; no suspect identified,
78ab53f59c4e024476a95856e6ad1bf5e43c0ac3148ddcb3544cb4da231c1124,2024-09,South Wales Police,South Wales Police,-3.371419,51.760136,On or near Clos Thomas Dyke,W01001310,Merthyr Tydfil 002E,Other theft,Investigation complete; no suspect identified,
223800dd307efdc66bf247565cef5e4ea4e935f024305c3a1f91d414635ad4ec,2024-09,South Wales Police,South Wales Police,-3.368438,51.755936,On or near Horeb Close,W01001310,Merthyr Tydfil 002E,Public order,Unable to prosecute suspect,
7a2fab5ac43ea8b13acc1b7014c2ac9171b71e7e4cfdbc0e8fab1d8551a78722,2024-09,South Wales Police,South Wales Police,-3.368693,51.756706,On or near Lloyds Terrace,W01001310,Merthyr Tydfil 002E,Violence and sexual offences,Unable to prosecute suspect,
f268cc144b8f93dbdc769b6bae6a51be06c12a7f05b3fb7554b08fd9caac38e1,2024-09,South Wales Police,South Wales Police,-3.370217,51.756778,On or near Fronwen Terrace,W01001310,Merthyr Tydfil 002E,Violence and sexual offences,Investigation complete; no suspect identified,
c6db5efa7df13e21676c1e2d07d21936f50ca6cddf8ac66cc808ed73d74f1b21,2024-09,South Wales Police,South Wales Police,-3.366063,51.756925,On or near Church Street,W01001311,Merthyr Tydfil 002F,Burglary,Awaiting court outcome,
be995af0bd535eccfd0ad7ead400dd3fbbc1d67204063946c078c7d1f63a8f93,2024-09,South Wales Police,South Wales Police,-3.365226,51.760406,On or near Hodges Street,W01001311,Merthyr Tydfil 002F,Criminal damage and arson,Investigation complete; no suspect identified,
4503cb4ee7933fd3cbc011eeef6912f71f0a957e1b91b87a84f67593e372b226,2024-09,South Wales Police,South Wales Police,-3.364469,51.757393,On or near Elim Street,W01001311,Merthyr Tydfil 002F,Shoplifting,Suspect charged as part of another case,
2df9704a5c1d3b0fe107333270b3dcbf31472f5921e647cf0a68063b3b33b8f8,2024-09,South Wales Police,South Wales Police,-3.364469,51.757393,On or near Elim Street,W01001311,Merthyr Tydfil 002F,Shoplifting,Investigation complete; no suspect identified,
888b1880a7d8b8196d4051437cb360ab43f78297a02cdafa472c543aa2ed8d4d,2024-09,South Wales Police,South Wales Police,-3.362794,51.759535,On or near Gellifaelog Old Road,W01001311,Merthyr Tydfil 002F,Vehicle crime,Investigation complete; no suspect identified,
e9de3bebb44fba82ca2d1698f3e9aa2e164e436102eb3a503fd29af5419ad31b,2024-09,South Wales Police,South Wales Police,-3.366059,51.758724,On or near Brynhyfryd Street,W01001311,Merthyr Tydfil 002F,Violence and sexual offences,Unable to prosecute suspect,
41a1314f74779f5a286c95cf659de5e227350d7d408d481452c8b70d8c0cb6cb,2024-09,South Wales Police,South Wales Police,-3.414977,51.750916,On or near Twyncarmel,W01001291,Merthyr Tydfil 003A,Criminal damage and arson,Investigation complete; no suspect identified,
0d143466f95f5a050e8532c41e4a5614f650eb8d158c6731a2820e436eacdbc4,2024-09,South Wales Police,South Wales Police,-3.424456,51.754739,On or near Clos Cribyn,W01001291,Merthyr Tydfil 003A,Public order,Unable to prosecute suspect,
aa45752a9ba0098a7384289007f3fd23fa878facbaeafd7f2e55f7b9ccf99a9e,2024-09,South Wales Police,South Wales Police,-3.414977,51.750916,On or near Twyncarmel,W01001291,Merthyr Tydfil 003A,Violence and sexual offences,Under investigation,
01fbf7c88fa99db1f4e4b0b3fb288a89c68cd617e48b66913f3896f257648089,2024-09,South Wales Police,South Wales Police,-3.414977,51.750916,On or near Twyncarmel,W01001291,Merthyr Tydfil 003A,Violence and sexual offences,Unable to prosecute suspect,
7f8ce4cc84a4ba7b02fae092a4ff55876501510b6a1e3be17ed0c10643a28086,2024-09,South Wales Police,South Wales Police,-3.417196,51.747283,On or near Winch Fawr Road,W01001291,Merthyr Tydfil 003A,Violence and sexual offences,Unable to prosecute suspect,
3672c9b7345884ec4e1507e8eec12c92babdaaa6b4e2d2c6787302f33914fa4c,2024-09,South Wales Police,South Wales Police,-3.420635,51.753931,On or near St Fagans Grove,W01001291,Merthyr Tydfil 003A,Violence and sexual offences,Investigation complete; no suspect identified,
8cb676ac5f262cf16882aef5837668853e2663a4d5ec440e3e21e3574e85a784,2024-09,South Wales Police,South Wales Police,-3.418627,51.750872,On or near Caerleon Grove,W01001291,Merthyr Tydfil 003A,Violence and sexual offences,Unable to prosecute suspect,
df90d0bff1933fa8d087a80edfd1a48e92ee2d7a95d7a9a8c0277763bb60660a,2024-09,South Wales Police,South Wales Police,-3.417633,51.751989,On or near Monmouth Drive,W01001291,Merthyr Tydfil 003A,Violence and sexual offences,Unable to prosecute suspect,
b1bcf0112293232af08df7690f74bb149070da9b3131dce58ab0c0bf09117195,2024-09,South Wales Police,South Wales Police,-3.420635,51.753931,On or near St Fagans Grove,W01001291,Merthyr Tydfil 003A,Violence and sexual offences,Unable to prosecute suspect,
b363b7cfb7f88120edbf179cbb7fcfb4d2a742aeb9f23e0cd0deb7414a453816,2024-09,South Wales Police,South Wales Police,-3.403139,51.744745,On or near Heolgerrig,W01001294,Merthyr Tydfil 003B,Violence and sexual offences,Unable to prosecute suspect,
be8a7bbe0c4b89e5985c1fe39edda03d8c7ff133326df69330d13c72e301f364,2024-09,South Wales Police,South Wales Police,-3.406461,51.747727,On or near York Close,W01001294,Merthyr Tydfil 003B,Violence and sexual offences,Under investigation,
,2024-09,South Wales Police,South Wales Police,-3.374107,51.751787,On or near The Rink,W01001305,Merthyr Tydfil 003C,Anti-social behaviour,,
242187704e466cc13b2df22d267045850fc7a7a6008fce68a301d01f1f6c2326,2024-09,South Wales Police,South Wales Police,-3.374107,51.751787,On or near The Rink,W01001305,Merthyr Tydfil 003C,Vehicle crime,Investigation complete; no suspect identified,
,2024-09,South Wales Police,South Wales Police,-3.381843,51.751310,On or near Cromwell Street,W01001306,Merthyr Tydfil 003D,Anti-social behaviour,,
ea9e4999d1733f98ac77aa66c39d32004c75c51caeb261e512eb7162797e843c,2024-09,South Wales Police,South Wales Police,-3.388942,51.749886,On or near Llys Corona,W01001306,Merthyr Tydfil 003D,Burglary,Investigation complete; no suspect identified,
b854e9907c27925cda1bcc0f9e16bd0b1d21f70c755feb2859cae4baaf1cda10,2024-09,South Wales Police,South Wales Police,-3.384323,51.752818,On or near Mount Street,W01001306,Merthyr Tydfil 003D,Burglary,Investigation complete; no suspect identified,
b4180a1fa1736f48da4fa7d1827a93a89b807b5c9b7b06b0acf8ff28e98daa39,2024-09,South Wales Police,South Wales Police,-3.384538,51.753193,On or near Church Street,W01001306,Merthyr Tydfil 003D,Burglary,Investigation complete; no suspect identified,
8f0d7dae689808e13797d3e6f8c6a71298ce180fbe2d1a41591e92492f082a05,2024-09,South Wales Police,South Wales Police,-3.389338,51.751950,On or near Cyfarthfa Road,W01001306,Merthyr Tydfil 003D,Criminal damage and arson,Investigation complete; no suspect identified,
3d09e849abbaf33d40618b984cfd553c2a2ebab477547447b8a859f838d0a741,2024-09,South Wales Police,South Wales Police,-3.384538,51.753193,On or near Church Street,W01001306,Merthyr Tydfil 003D,Public order,Unable to prosecute suspect,
7586fcb85a0da6f7045decd87645aa23525bc34d051710606c4ae33d10a7be98,2024-09,South Wales Police,South Wales Police,-3.388942,51.749886,On or near Llys Corona,W01001306,Merthyr Tydfil 003D,Public order,Unable to prosecute suspect,
91aa67092abcc227cc0950f04f8ccbca3981ebac47d241930ad36339e9349bc0,2024-09,South Wales Police,South Wales Police,-3.384538,51.753193,On or near Church Street,W01001306,Merthyr Tydfil 003D,Public order,Unable to prosecute suspect,
0ee93ad86054a6c2456b06f7c0040eacdb53f299ac8ea50c9d8d97f30803c666,2024-09,South Wales Police,South Wales Police,-3.388942,51.749886,On or near Llys Corona,W01001306,Merthyr Tydfil 003D,Shoplifting,Awaiting court outcome,
816c71885022fe388aa4c34b3529def6def40e6962b43994ef078333982c1c06,2024-09,South Wales Police,South Wales Police,-3.388942,51.749886,On or near Llys Corona,W01001306,Merthyr Tydfil 003D,Shoplifting,Awaiting court outcome,
af6b479150474bf05eb5d99146673f77e8697321b68c855837df11fb9a824328,2024-09,South Wales Police,South Wales Police,-3.388942,51.749886,On or near Llys Corona,W01001306,Merthyr Tydfil 003D,Shoplifting,Investigation complete; no suspect identified,
3f64a11ad4c834fc1ee74f0830fafad1f97ecd5014f8b9b83db446d92445fc20,2024-09,South Wales Police,South Wales Police,-3.388942,51.749886,On or near Llys Corona,W01001306,Merthyr Tydfil 003D,Shoplifting,Investigation complete; no suspect identified,
9836032321c975d2479e942ccefb4c60e0bc9b5697eed97609e6b9883e5a33c2,2024-09,South Wales Police,South Wales Police,-3.381516,51.752932,On or near Saxon Street,W01001306,Merthyr Tydfil 003D,Violence and sexual offences,Unable to prosecute suspect,
18f5e1e84f4723a047fc8214a0f338bbdeacc975e8d7b8bd118e594a1c23825e,2024-09,South Wales Police,South Wales Police,-3.388577,51.753119,On or near Brecon Road,W01001306,Merthyr Tydfil 003D,Violence and sexual offences,Unable to prosecute suspect,
9a6d366f82e3a4e41c5b02499fa6f48c2fd67d41bb8e550c128fa5c90423740d,2024-09,South Wales Police,South Wales Police,-3.380864,51.754343,On or near West Grove,W01001306,Merthyr Tydfil 003D,Violence and sexual offences,Unable to prosecute suspect,
,2024-09,South Wales Police,South Wales Police,-3.411655,51.766547,On or near Carn Gwilym Goch,W01001324,Merthyr Tydfil 003E,Anti-social behaviour,,
,2024-09,South Wales Police,South Wales Police,-3.397774,51.770840,On or near Beechwood Avenue,W01001324,Merthyr Tydfil 003E,Anti-social behaviour,,
,2024-09,South Wales Police,South Wales Police,-3.408158,51.762687,On or near Grawen Lane,W01001324,Merthyr Tydfil 003E,Anti-social behaviour,,
e559256c47fee2f866811038091156c9ab4f5ef92ef9c9c6ad75cdee23d1a74b,2024-09,South Wales Police,South Wales Police,-3.397267,51.758186,On or near Maesgwynne,W01001324,Merthyr Tydfil 003E,Criminal damage and arson,Further investigation is not in the public interest,
09fc89f4055f23b8c95a655f49b6300ac81788483cc16c022c2a3280d2374da6,2024-09,South Wales Police,South Wales Police,-3.403642,51.760969,On or near Old Chapel Road,W01001324,Merthyr Tydfil 003E,Other theft,Investigation complete; no suspect identified,
b28e3ea9fba36d40ed5ac190e6d2950527377cc58417a98eef12f7cfc65d696c,2024-09,South Wales Police,South Wales Police,-3.404237,51.761007,On or near Triangle,W01001324,Merthyr Tydfil 003E,Vehicle crime,Investigation complete; no suspect identified,
d8c3a04cbe959efaa21875282fae478debff2c6569ee6a2ad80cf69bf017a41c,2024-09,South Wales Police,South Wales Police,-3.397267,51.758186,On or near Maesgwynne,W01001324,Merthyr Tydfil 003E,Violence and sexual offences,Unable to prosecute suspect,
fef7a8eba179ad609240df2fd9df8f297b9592d1bb987cf93118ce45784394bd,2024-09,South Wales Police,South Wales Police,-3.397267,51.758186,On or near Maesgwynne,W01001324,Merthyr Tydfil 003E,Violence and sexual offences,Under investigation,
de940a023b9e53d7f58f5a92704c67bd6ee1f33f11bc671883ea1099f9c8c999,2024-09,South Wales Police,South Wales Police,-3.404237,51.761007,On or near Triangle,W01001324,Merthyr Tydfil 003E,Violence and sexual offences,Under investigation,
c64248df4ed06160b2ecfc458fe8284f33363a7d72985bcb5b3376207778648a,2024-09,South Wales Police,South Wales Police,-3.402574,51.762511,On or near Lower Vaynor Road,W01001324,Merthyr Tydfil 003E,Violence and sexual offences,Unable to prosecute suspect,
03c83a0b6290b760a4faae1dda373a4f33eb2867708ab86316ad72d314bdca9d,2024-09,South Wales Police,South Wales Police,-3.397267,51.758186,On or near Maesgwynne,W01001324,Merthyr Tydfil 003E,Other crime,Unable to prosecute suspect,
079fbe5fb6173802b164f6fa077cf10aa72e9d7f959161c0ed38ddcfda2baffd,2024-09,South Wales Police,South Wales Police,-3.404237,51.761007,On or near Triangle,W01001324,Merthyr Tydfil 003E,Other crime,Under investigation,
87e45502bd7ecbc783a08ce6d88633969c516e1284cf8712619d5cb073365076,2024-09,South Wales Police,South Wales Police,-3.408478,51.754806,On or near Heol Bryn Padell,W01001292,Merthyr Tydfil 004A,Criminal damage and arson,Awaiting court outcome,
9c7dc959021b223b0ecac4f783015fc895d3d4027b94019388bd21f98a11bba4,2024-09,South Wales Police,South Wales Police,-3.408064,51.753606,On or near Heol Penrhiw,W01001292,Merthyr Tydfil 004A,Criminal damage and arson,Investigation complete; no suspect identified,
908bf2743acb11b2c9eb6914232562d2cfdffb0366815eda35089eb48c01b109,2024-09,South Wales Police,South Wales Police,-3.405134,51.753515,On or near Heol Bryn-Y-Gwyddyl,W01001292,Merthyr Tydfil 004A,Criminal damage and arson,Investigation complete; no suspect identified,
96d430bd5c0fcf36bd22c37c3fa934e100c6019244eb1ac70ce6b2a6280d2c3f,2024-09,South Wales Police,South Wales Police,-3.405134,51.753515,On or near Heol Bryn-Y-Gwyddyl,W01001292,Merthyr Tydfil 004A,Other theft,Investigation complete; no suspect identified,
fc6415091492f4debcfe8ea010889ed1b66d796dea7e531ef2fc1fd701652486,2024-09,South Wales Police,South Wales Police,-3.408064,51.753606,On or near Heol Penrhiw,W01001292,Merthyr Tydfil 004A,Violence and sexual offences,Investigation complete; no suspect identified,
8a281b632b6a73f498df8c98c933923e94322ffc34c3fbc764a828938c919d96,2024-09,South Wales Police,South Wales Police,-3.407188,51.753850,On or near Heol Bryn Hebog,W01001292,Merthyr Tydfil 004A,Violence and sexual offences,Unable to prosecute suspect,
,2024-09,South Wales Police,South Wales Police,-3.383230,51.745017,On or near Theatre/Concert Hall,W01001293,Merthyr Tydfil 004B,Anti-social behaviour,,
,2024-09,South Wales Police,South Wales Police,-3.381983,51.743063,On or near Parking Area,W01001293,Merthyr Tydfil 004B,Anti-social behaviour,,
,2024-09,South Wales Police,South Wales Police,-3.375993,51.739483,On or near Parking Area,W01001293,Merthyr Tydfil 004B,Anti-social behaviour,,
,2024-09,South Wales Police,South Wales Police,-3.375993,51.739483,On or near Parking Area,W01001293,Merthyr Tydfil 004B,Anti-social behaviour,,
,2024-09,South Wales Police,South Wales Police,-3.375993,51.739483,On or near Parking Area,W01001293,Merthyr Tydfil 004B,Anti-social behaviour,,
,2024-09,South Wales Police,South Wales Police,-3.375993,51.739483,On or near Parking Area,W01001293,Merthyr Tydfil 004B,Anti-social behaviour,,
,2024-09,South Wales Police,South Wales Police,-3.375993,51.739483,On or near Parking Area,W01001293,Merthyr Tydfil 004B,Anti-social behaviour,,
2aa320e0752bbf5f21859c24b92319799fd564bdba34594d699f80f71f7d9315,2024-09,South Wales Police,South Wales Police,-3.375993,51.739483,On or near Parking Area,W01001293,Merthyr Tydfil 004B,Burglary,Under investigation,
43a06fad7098dd98d1bd27624a0a959f719596863994742ca19bec06ad471bf9,2024-09,South Wales Police,South Wales Police,-3.375993,51.739483,On or near Parking Area,W01001293,Merthyr Tydfil 004B,Burglary,Investigation complete; no suspect identified,
973490d7c5977567492b68f4826c46e79d3b72f8cc0fde92a405090de63a2b69,2024-09,South Wales Police,South Wales Police,-3.403552,51.747339,On or near Mount Pleasant,W01001293,Merthyr Tydfil 004B,Criminal damage and arson,Unable to prosecute suspect,
e974b9591ae3be2fbaf473c9c881a4f298a46f301f5a348abdf002da27c819d3,2024-09,South Wales Police,South Wales Police,-3.382759,51.739565,On or near Police Station,W01001293,Merthyr Tydfil 004B,Drugs,Further investigation is not in the public interest,
2165dec46293a4b69504adb3b244473f5a42d7b32ec3e10e4d4aca281a3f3d4b,2024-09,South Wales Police,South Wales Police,-3.375993,51.739483,On or near Parking Area,W01001293,Merthyr Tydfil 004B,Other theft,Unable to prosecute suspect,
98c6df00e9aaaf9a4c7158181911eb2a375f1e25b14e54b22a472acc48afd510,2024-09,South Wales Police,South Wales Police,-3.375993,51.739483,On or near Parking Area,W01001293,Merthyr Tydfil 004B,Other theft,Investigation complete; no suspect identified,
69501558dd6694ad2e6bc68cc2a764e0896efb4869a3b3d8177c487e43547dd4,2024-09,South Wales Police,South Wales Police,-3.383230,51.745017,On or near Theatre/Concert Hall,W01001293,Merthyr Tydfil 004B,Possession of weapons,Unable to prosecute suspect,
68b9d543bfc48867abc9437461dfd4a12fc2d76309ba59d0fd69241e6c511f2d,2024-09,South Wales Police,South Wales Police,-3.376859,51.740327,On or near Sports/Recreation Area,W01001293,Merthyr Tydfil 004B,Public order,Unable to prosecute suspect,
03dd56d2e7ce6ddd2d459820595bf48c3f42a1e348aa932fcb57fa533af24e12,2024-09,South Wales Police,South Wales Police,-3.400468,51.749439,On or near Shopping Area,W01001293,Merthyr Tydfil 004B,Public order,Unable to prosecute suspect,
50bff734f03a2e971c2611bd0c55d055e91ff73675775423564e63f458103199,2024-09,South Wales Police,South Wales Police,-3.383230,51.745017,On or near Theatre/Concert Hall,W01001293,Merthyr Tydfil 004B,Public order,Investigation complete; no suspect identified,
bcc81a7b227a199bd75d672dba85cf2364448f49725804df03885153f11c66a2,2024-09,South Wales Police,South Wales Police,-3.400468,51.749439,On or near Shopping Area,W01001293,Merthyr Tydfil 004B,Shoplifting,Investigation complete; no suspect identified,
2955f71276531075f138ab0fc87633e4f4334d97794fc8ab4544e6077e60d75f,2024-09,South Wales Police,South Wales Police,-3.400468,51.749439,On or near Shopping Area,W01001293,Merthyr Tydfil 004B,Shoplifting,Investigation complete; no suspect identified,
995c527bcea6bfc8f5734f0e8eda475105aafaaed8a546033a42ac5e0ac81da0,2024-09,South Wales Police,South Wales Police,-3.400468,51.749439,On or near Shopping Area,W01001293,Merthyr Tydfil 004B,Shoplifting,Investigation complete; no suspect identified,
b1f1847241118a668346d56ea422a4ac0b945eeeb99a1e52b9fcd8acb6d20ac2,2024-09,South Wales Police,South Wales Police,-3.400468,51.749439,On or near Shopping Area,W01001293,Merthyr Tydfil 004B,Shoplifting,Investigation complete; no suspect identified,
2eff95c8c6dee4b8e4fdc70c899eef5978c3c55457fd23e1695787bd319a4671,2024-09,South Wales Police,South Wales Police,-3.400468,51.749439,On or near Shopping Area,W01001293,Merthyr Tydfil 004B,Shoplifting,Further investigation is not in the public interest,
9e0e448cee369d8bfee0f477aad1c72b608c6322da7dab82e5c3d338a4321b2c,2024-09,South Wales Police,South Wales Police,-3.400468,51.749439,On or near Shopping Area,W01001293,Merthyr Tydfil 004B,Shoplifting,Awaiting court outcome,
a3483835441a4d0ac380aec55714fa7962da2126aeebcbcfdc6906317deddee9,2024-09,South Wales Police,South Wales Police,-3.400468,51.749439,On or near Shopping Area,W01001293,Merthyr Tydfil 004B,Shoplifting,Investigation complete; no suspect identified,
800fdca0d5941549778734523a4b544ae65c0652c395742f8ca1d856cb029b11,2024-09,South Wales Police,South Wales Police,-3.382759,51.739565,On or near Police Station,W01001293,Merthyr Tydfil 004B,Violence and sexual offences,Unable to prosecute suspect,
e11f9224178acb0307d83f43e45d3672deef5af2ab756856c29237ba5c3b7a4e,2024-09,South Wales Police,South Wales Police,-3.383230,51.745017,On or near Theatre/Concert Hall,W01001293,Merthyr Tydfil 004B,Violence and sexual offences,Local resolution,
12df43105c364c62408a791854613249df79804b0d087964b904823b396d4d85,2024-09,South Wales Police,South Wales Police,-3.382759,51.739565,On or near Police Station,W01001293,Merthyr Tydfil 004B,Violence and sexual offences,Unable to prosecute suspect,
ad605d8c6ba739177067ba122a72ae04b0bddf7ea8e7ddf0c20f49db57d06c4d,2024-09,South Wales Police,South Wales Police,-3.383230,51.745017,On or near Theatre/Concert Hall,W01001293,Merthyr Tydfil 004B,Violence and sexual offences,Under investigation,
7d8a618a901dbf02953b0c0d4959f97e8e1b1102f8e60f410d5baee1080e003b,2024-09,South Wales Police,South Wales Police,-3.386414,51.745870,On or near Meadow Close,W01001293,Merthyr Tydfil 004B,Violence and sexual offences,Investigation complete; no suspect identified,
5cf0588c3ef469bfa60fa6711e05ffbf76cf1deb526dbbe60f82ef4148c43666,2024-09,South Wales Police,South Wales Police,-3.381983,51.743063,On or near Parking Area,W01001293,Merthyr Tydfil 004B,Violence and sexual offences,Investigation complete; no suspect identified,
,2024-09,South Wales Police,South Wales Police,-3.382928,51.750785,On or near Sunnybank,W01001307,Merthyr Tydfil 004C,Anti-social behaviour,,
9a7d1fd83c54cf6aebd5d25b1b22075dc3324d228e78209ee974bf3945de7bc2,2024-09,South Wales Police,South Wales Police,-3.380623,51.750722,On or near Tudor Terrace,W01001307,Merthyr Tydfil 004C,Burglary,Investigation complete; no suspect identified,
4b0f95e5f0e7ab2dac613ba53a7f94b70bc09856e56b9a565e4057c3cf360388,2024-09,South Wales Police,South Wales Police,-3.381364,51.749832,On or near Brewery Mews,W01001307,Merthyr Tydfil 004C,Criminal damage and arson,Unable to prosecute suspect,
b670b674d292459cdc0b5235663518aed91ef8f4557b73d3e236eb200da97617,2024-09,South Wales Police,South Wales Police,-3.382730,51.746660,On or near Penry Street,W01001307,Merthyr Tydfil 004C,Criminal damage and arson,Awaiting court outcome,
f8df5baa6faf11cd1c45926b5d593f47581e39267a89c9d0fab8582ed32af47f,2024-09,South Wales Police,South Wales Police,-3.382928,51.750785,On or near Sunnybank,W01001307,Merthyr Tydfil 004C,Criminal damage and arson,Investigation complete; no suspect identified,
369a589c0e16384f35004e981d25eedef67a8dbdd099bbcaf43342489d6532d0,2024-09,South Wales Police,South Wales Police,-3.390293,51.748260,On or near Shopping Area,W01001307,Merthyr Tydfil 004C,Public order,Unable to prosecute suspect,
1abf7edd707bb1cea8fd7f0026d1e66ef8eb726e39ef6c31b447d643b83cc269,2024-09,South Wales Police,South Wales Police,-3.386141,51.748769,On or near Howell Close,W01001307,Merthyr Tydfil 004C,Public order,Investigation complete; no suspect identified,
6fbb819147d5ad4542a1f263d99a4f537ede22fa0016e3265d0abf85957f3c83,2024-09,South Wales Police,South Wales Police,-3.393100,51.747544,On or near Pantycelynen,W01001307,Merthyr Tydfil 004C,Public order,Investigation complete; no suspect identified,
2798da0ec4426cb40eb6939357ccef9346fb92d813c70c4a5143c87b9ec5b219,2024-09,South Wales Police,South Wales Police,-3.384677,51.747788,On or near Coffins Row,W01001307,Merthyr Tydfil 004C,Robbery,Awaiting court outcome,
98e54ae393b2710d59df42043093df8a4166e868b9fbf84ad512616f089899d3,2024-09,South Wales Police,South Wales Police,-3.393100,51.747544,On or near Pantycelynen,W01001307,Merthyr Tydfil 004C,Shoplifting,Awaiting court outcome,
24ab9bc5a945a19f20364ba3ec67ac307c9999b488ec6aec3170d6f107a1bfcd,2024-09,South Wales Police,South Wales Police,-3.383417,51.752092,On or near Stuart Street,W01001307,Merthyr Tydfil 004C,Shoplifting,Awaiting court outcome,
f10caeb8d4cc98f4db3c55d37f232b1ec6e6898b07203786cf4784160a3c5738,2024-09,South Wales Police,South Wales Police,-3.390293,51.748260,On or near Shopping Area,W01001307,Merthyr Tydfil 004C,Shoplifting,Investigation complete; no suspect identified,
44a67465dd987aa9b5bfd556f1a99e81273425b8a6c640b9d05eb7c3e5b58ef0,2024-09,South Wales Police,South Wales Police,-3.390293,51.748260,On or near Shopping Area,W01001307,Merthyr Tydfil 004C,Shoplifting,Investigation complete; no suspect identified,
e4806fc1149d49d8d502532270ebe366044f329cc651c853aad990029a97b6f1,2024-09,South Wales Police,South Wales Police,-3.390293,51.748260,On or near Shopping Area,W01001307,Merthyr Tydfil 004C,Shoplifting,Investigation complete; no suspect identified,
ba021337b1f38d6a9d2eb10b30b89a8739b0c48ab6524fef41445a4135c829b0,2024-09,South Wales Police,South Wales Police,-3.390293,51.748260,On or near Shopping Area,W01001307,Merthyr Tydfil 004C,Shoplifting,Unable to prosecute suspect,
f18dc53084deb8a043ddaa3117f6a69e7f18fde8a122b430b263e5b5579bbe61,2024-09,South Wales Police,South Wales Police,-3.390293,51.748260,On or near Shopping Area,W01001307,Merthyr Tydfil 004C,Shoplifting,Awaiting court outcome,
40c2992ebd51672b2f73fff45efb3ce076ac8cc7a600cbf10cbece19711be9f5,2024-09,South Wales Police,South Wales Police,-3.390293,51.748260,On or near Shopping Area,W01001307,Merthyr Tydfil 004C,Shoplifting,Awaiting court outcome,
9c9d55c7bc0b4d46f5f9d2d744e96a471b125b4dc8b74a9d1945170a9e863af0,2024-09,South Wales Police,South Wales Police,-3.390293,51.748260,On or near Shopping Area,W01001307,Merthyr Tydfil 004C,Shoplifting,Local resolution,
462939cc53c91abd4880269fc1478745e611ec660eac304947ee72aa6716812d,2024-09,South Wales Police,South Wales Police,-3.390293,51.748260,On or near Shopping Area,W01001307,Merthyr Tydfil 004C,Shoplifting,Awaiting court outcome,
331b0ec36def030bc1f62c62d731fc0194d250945b822d8c2fa9fbf3b8512332,2024-09,South Wales Police,South Wales Police,-3.393100,51.747544,On or near Pantycelynen,W01001307,Merthyr Tydfil 004C,Shoplifting,Investigation complete; no suspect identified,
0746debcfdb6f7be8ccb43b9b57e4a46fc5ddd87a1c1411e5772d6fafc0d9d9c,2024-09,South Wales Police,South Wales Police,-3.390293,51.748260,On or near Shopping Area,W01001307,Merthyr Tydfil 004C,Shoplifting,Awaiting court outcome,
a313070c756cec097ad4d4a07d2613629e11115a37e82657b79d8341e9d3ebe7,2024-09,South Wales Police,South Wales Police,-3.390293,51.748260,On or near Shopping Area,W01001307,Merthyr Tydfil 004C,Shoplifting,Under investigation,
a4544c59a9a861d8aa66c0cea83757f5e009ec525e2885a37de691f0bf41e3d9,2024-09,South Wales Police,South Wales Police,-3.390293,51.748260,On or near Shopping Area,W01001307,Merthyr Tydfil 004C,Shoplifting,Local resolution,
9cb2bb01855213b343a037419831d8b110727d073bb9a206cf1b02a810913a57,2024-09,South Wales Police,South Wales Police,-3.390293,51.748260,On or near Shopping Area,W01001307,Merthyr Tydfil 004C,Shoplifting,Awaiting court outcome,
aaec58688263b67990bcacc6263b2c0782cf00023b7fdb21cda4920b427f6827,2024-09,South Wales Police,South Wales Police,-3.390293,51.748260,On or near Shopping Area,W01001307,Merthyr Tydfil 004C,Shoplifting,Investigation complete; no suspect identified,
7eca0c4c68b20c0b3d79541b9e669ad8533df6c959626248602bfa664295b13a,2024-09,South Wales Police,South Wales Police,-3.390293,51.748260,On or near Shopping Area,W01001307,Merthyr Tydfil 004C,Shoplifting,Investigation complete; no suspect identified,
26510ccbc0832e7e2dc0abea259f4039b90584f2223495b53d0c86e34f9cb61e,2024-09,South Wales Police,South Wales Police,-3.380915,51.749855,On or near Cwrt Y Bragdy,W01001307,Merthyr Tydfil 004C,Theft from the person,Under investigation,
d19ad363dac1eb4e1ef48e9371254bcec181bde33769cac8de42b0c20fbe66e5,2024-09,South Wales Police,South Wales Police,-3.383203,51.748866,On or near Dixon Street,W01001307,Merthyr Tydfil 004C,Vehicle crime,Investigation complete; no suspect identified,
ecfa948d23b7f54f06224f725b660c76dd6bde2658013c89814f86ff696503cc,2024-09,South Wales Police,South Wales Police,-3.384662,51.751097,On or near Llwyfen Street,W01001307,Merthyr Tydfil 004C,Vehicle crime,Unable to prosecute suspect,
af5bd88452893bc19255fc725408b13c21084eabb3615ee9baa7bc17d87df82e,2024-09,South Wales Police,South Wales Police,-3.380463,51.747837,On or near Parking Area,W01001307,Merthyr Tydfil 004C,Violence and sexual offences,Awaiting court outcome,
3666041c025b1cf5fa25290201b16f915019a1d1f03e8ddc02e30e87c0f949db,2024-09,South Wales Police,South Wales Police,-3.380294,51.751328,On or near Brunswick Street,W01001307,Merthyr Tydfil 004C,Violence and sexual offences,Unable to prosecute suspect,
13bcfbbeb0a26d15c14422567f9e941deeaadfbddc4c61739300515aa603c0ba,2024-09,South Wales Police,South Wales Police,-3.386141,51.748769,On or near Howell Close,W01001307,Merthyr Tydfil 004C,Violence and sexual offences,Investigation complete; no suspect identified,
b8247849e32f9191f4b505e63ab9e47882f8a637b303ee37e9b1377effb09f25,2024-09,South Wales Police,South Wales Police,-3.384334,51.751281,On or near Brychan Place,W01001307,Merthyr Tydfil 004C,Violence and sexual offences,Unable to prosecute suspect,
0a81fd77fff670636ab4f8ad9cf9b56e2f30a9d4bbf3021f24f30c87788921d2,2024-09,South Wales Police,South Wales Police,-3.382730,51.746660,On or near Penry Street,W01001307,Merthyr Tydfil 004C,Violence and sexual offences,Unable to prosecute suspect,
72c4de0110168f0a3d40531f64efe25d4a819b2f4e8b051f3a7e8170254517b4,2024-09,South Wales Police,South Wales Police,-3.382730,51.746660,On or near Penry Street,W01001307,Merthyr Tydfil 004C,Violence and sexual offences,Awaiting court outcome,
4eb0ece9a7d77545c3bfa5a61c0afb96de1f5b24ff8cb67d8fe0ee8155189191,2024-09,South Wales Police,South Wales Police,-3.379484,51.748991,On or near A4102,W01001307,Merthyr Tydfil 004C,Violence and sexual offences,Awaiting court outcome,
113c7fcfd2f20173f9b6cb324b086191e479f533e3e0eb41b94cd241e93aadab,2024-09,South Wales Police,South Wales Police,-3.381364,51.749832,On or near Brewery Mews,W01001307,Merthyr Tydfil 004C,Violence and sexual offences,Unable to prosecute suspect,
7e245dedcec0ed57fafc8f94d4056cf3bb34f7a76425df391542955eda4d04a4,2024-09,South Wales Police,South Wales Police,-3.386526,51.748108,On or near Heol S O Davies,W01001307,Merthyr Tydfil 004C,Violence and sexual offences,Unable to prosecute suspect,
dfa7ef8e453c19d1c748b02433a4babf40ced5f3456931b193028028b73f177b,2024-09,South Wales Police,South Wales Police,-3.384677,51.747788,On or near Coffins Row,W01001307,Merthyr Tydfil 004C,Other crime,Unable to prosecute suspect,
,2024-09,South Wales Police,South Wales Police,-3.378623,51.746897,On or near Post Office Lane,W01001315,Merthyr Tydfil 004D,Anti-social behaviour,,
,2024-09,South Wales Police,South Wales Police,-3.379367,51.742770,On or near Caedraw Road,W01001315,Merthyr Tydfil 004D,Anti-social behaviour,,
,2024-09,South Wales Police,South Wales Police,-3.379010,51.745804,On or near Victoria Street,W01001315,Merthyr Tydfil 004D,Anti-social behaviour,,
,2024-09,South Wales Police,South Wales Police,-3.381388,51.746343,On or near Avenue De Clichy,W01001315,Merthyr Tydfil 004D,Anti-social behaviour,,
,2024-09,South Wales Police,South Wales Police,-3.377367,51.746084,On or near John Street,W01001315,Merthyr Tydfil 004D,Anti-social behaviour,,
,2024-09,South Wales Police,South Wales Police,-3.377367,51.746084,On or near John Street,W01001315,Merthyr Tydfil 004D,Anti-social behaviour,,
,2024-09,South Wales Police,South Wales Police,-3.378623,51.746897,On or near Post Office Lane,W01001315,Merthyr Tydfil 004D,Anti-social behaviour,,
,2024-09,South Wales Police,South Wales Police,-3.378623,51.746897,On or near Post Office Lane,W01001315,Merthyr Tydfil 004D,Anti-social behaviour,,
,2024-09,South Wales Police,South Wales Police,-3.377367,51.746084,On or near John Street,W01001315,Merthyr Tydfil 004D,Anti-social behaviour,,
bf2e427aabaa15e566b67b84a5c9f0f39a3a653c2c023fec7859fe797edbfc48,2024-09,South Wales Police,South Wales Police,-3.381570,51.747564,On or near Parking Area,W01001315,Merthyr Tydfil 004D,Burglary,Awaiting court outcome,
8ade3fef176f5a627b8cf60b0eebb5dccc3b4aa2ee236ebb8522526888cb720e,2024-09,South Wales Police,South Wales Police,-3.379239,51.746665,On or near Glebeland Street,W01001315,Merthyr Tydfil 004D,Burglary,Unable to prosecute suspect,
5e955dc29f8224f2da18262d227a07e3aee42f969665a23a37686f11470b636d,2024-09,South Wales Police,South Wales Police,-3.379010,51.745804,On or near Victoria Street,W01001315,Merthyr Tydfil 004D,Burglary,Awaiting court outcome,
23734c3761d14a2571e0b6540accbf19ea586723d8833138aa9f75c67485eb53,2024-09,South Wales Police,South Wales Police,-3.377540,51.744635,On or near Masonic Street,W01001315,Merthyr Tydfil 004D,Criminal damage and arson,Under investigation,
0adb71b89505de4c78e48c9013c5b74814c8bd8f9ba4fb4ef81dfa7a6d23c94a,2024-09,South Wales Police,South Wales Police,-3.378623,51.746897,On or near Post Office Lane,W01001315,Merthyr Tydfil 004D,Criminal damage and arson,Awaiting court outcome,
b432ee5b8efcff18571f5a8eb2b7781d8047a1772752632f83f76871b92b9a92,2024-09,South Wales Police,South Wales Police,-3.373837,51.745739,On or near Bryntirion Road,W01001315,Merthyr Tydfil 004D,Criminal damage and arson,Awaiting court outcome,
7115e551bbb4659753675c20293722370433898c492cb62dfa97d8cb2c3d3899,2024-09,South Wales Police,South Wales Police,-3.377575,51.743393,On or near Broad Street,W01001315,Merthyr Tydfil 004D,Drugs,Awaiting court outcome,
8cc3eb5ee0302559448377bcd82fed5f7d2f55b4ea050ca1f984fa0811a588a0,2024-09,South Wales Police,South Wales Police,-3.378623,51.746897,On or near Post Office Lane,W01001315,Merthyr Tydfil 004D,Drugs,Under investigation,
dc65e5dd11724a3b33481ffaa03ab8a4a6842f7a7cbacad0281856ba152863a4,2024-09,South Wales Police,South Wales Police,-3.377540,51.744635,On or near Masonic Street,W01001315,Merthyr Tydfil 004D,Drugs,Under investigation,
c282687091f6fcfa4d5363251edfcd59a7936755a10a76f3e54358501f499043,2024-09,South Wales Police,South Wales Police,-3.377010,51.747212,On or near Tramroad Terrace,W01001315,Merthyr Tydfil 004D,Other theft,Unable to prosecute suspect,
88fc465ae42a7a911ffcba628f96348bbd537ac701273874c04c8d2c506e662e,2024-09,South Wales Police,South Wales Police,-3.377575,51.743393,On or near Broad Street,W01001315,Merthyr Tydfil 004D,Other theft,Investigation complete; no suspect identified,
7e233687a6d5d3af90366aeb87a60dd2c4990d24c2f981aba0a33bb6203bde3c,2024-09,South Wales Police,South Wales Police,-3.377367,51.746084,On or near John Street,W01001315,Merthyr Tydfil 004D,Public order,Unable to prosecute suspect,
66f8bc4631b48a33d3df9b36802c1b059e66f7eaa8ebc78992593b6b2c3bb2cb,2024-09,South Wales Police,South Wales Police,-3.378623,51.746897,On or near Post Office Lane,W01001315,Merthyr Tydfil 004D,Public order,Unable to prosecute suspect,
00985eb1db87391f3ba89764e04f17477441f501bc55931d64c3b6590aace409,2024-09,South Wales Police,South Wales Police,-3.377540,51.744635,On or near Masonic Street,W01001315,Merthyr Tydfil 004D,Public order,Investigation complete; no suspect identified,
72c9c06c4bb00a4eca58c97a145282a684c1476926d19310dda167e7fe4cda56,2024-09,South Wales Police,South Wales Police,-3.377575,51.743393,On or near Broad Street,W01001315,Merthyr Tydfil 004D,Public order,Under investigation,
24f1694683891f9917d6c65527bbafa4ed49523b5c988d1c6b8af39a93a224ab,2024-09,South Wales Police,South Wales Police,-3.375912,51.746830,On or near Upper Thomas Street,W01001315,Merthyr Tydfil 004D,Public order,Investigation complete; no suspect identified,
87106db7bd85435c5b47e030f5e2a650e4e90ae454b95e4da637a5800bc3d1de,2024-09,South Wales Police,South Wales Police,-3.378277,51.745993,On or near High Street,W01001315,Merthyr Tydfil 004D,Public order,Unable to prosecute suspect,
86c61ee63c3f6230317f903497431adb613cb155d60be5fef1fee351cd731621,2024-09,South Wales Police,South Wales Police,-3.376468,51.749862,On or near Parking Area,W01001315,Merthyr Tydfil 004D,Public order,Unable to prosecute suspect,
e0e123ac261c5826e5930e6bfedff58290738f10f94c1dd7a01e70cf8f48993c,2024-09,South Wales Police,South Wales Police,-3.377367,51.746084,On or near John Street,W01001315,Merthyr Tydfil 004D,Public order,Investigation complete; no suspect identified,
85f08143572ea7e0efdf1a455cba4d2000527eddd35a0a28dc42d68daf7c92bd,2024-09,South Wales Police,South Wales Police,-3.379239,51.746665,On or near Glebeland Street,W01001315,Merthyr Tydfil 004D,Public order,Unable to prosecute suspect,
b5fb698fec471331892348302f006b1cef02c38e496d1996c4f192dcc068257c,2024-09,South Wales Police,South Wales Police,-3.377632,51.742395,On or near Parking Area,W01001315,Merthyr Tydfil 004D,Shoplifting,Unable to prosecute suspect,
1d49f0757cacf8a6ceb1b7892725ad45c22cd2aee05942dc13c9ee5fdf6c8d6e,2024-09,South Wales Police,South Wales Police,-3.377632,51.742395,On or near Parking Area,W01001315,Merthyr Tydfil 004D,Shoplifting,Awaiting court outcome,
0f65e29ae05ca9aa68b27cf232a6777ed7ef4e782b0b5a734897908737445e20,2024-09,South Wales Police,South Wales Police,-3.377367,51.746084,On or near John Street,W01001315,Merthyr Tydfil 004D,Shoplifting,Under investigation,
cf2062fc24762b9fe371c92e5145753b49f0f8402e9e7438cc9497e623263d34,2024-09,South Wales Police,South Wales Police,-3.377540,51.744635,On or near Masonic Street,W01001315,Merthyr Tydfil 004D,Shoplifting,Investigation complete; no suspect identified,
e8e3597ec9ad763ef0aafabfae61a9ef3919ff48cc2aacfa5154107b58427ba2,2024-09,South Wales Police,South Wales Police,-3.377367,51.746084,On or near John Street,W01001315,Merthyr Tydfil 004D,Shoplifting,Awaiting court outcome,
f5231fe7982e93bd5e91493cc55f058ffbde7e8249c4d84bf713b17ca21f4b5f,2024-09,South Wales Police,South Wales Police,-3.377367,51.746084,On or near John Street,W01001315,Merthyr Tydfil 004D,Shoplifting,Unable to prosecute suspect,
b00a325f7bb7ec6193520053f823bf613cecc8fd677aa0df79f322285b0dab25,2024-09,South Wales Police,South Wales Police,-3.377367,51.746084,On or near John Street,W01001315,Merthyr Tydfil 004D,Shoplifting,Investigation complete; no suspect identified,
5bbfa934ad8e1f0ccc8f64c458098f475cf63f1617db231d0c6905bc2fb83b71,2024-09,South Wales Police,South Wales Police,-3.379904,51.745343,On or near Shopping Area,W01001315,Merthyr Tydfil 004D,Shoplifting,Awaiting court outcome,
e744b9c3252d8efe86fbc2d24fd320f3a27e369da1bd97eeff6e3bca4576ea6b,2024-09,South Wales Police,South Wales Police,-3.377367,51.746084,On or near John Street,W01001315,Merthyr Tydfil 004D,Shoplifting,Unable to prosecute suspect,
8f13153324f7d92d214ab9cd06cbcd94658a6e03742e5a9721b517899b6f5ba6,2024-09,South Wales Police,South Wales Police,-3.379483,51.745678,On or near Bus/Coach Station,W01001315,Merthyr Tydfil 004D,Shoplifting,Unable to prosecute suspect,
1d7eb2295d8966d7b68c0d0907d090e7ff54ace38181a5f86d05a936a9140047,2024-09,South Wales Police,South Wales Police,-3.377632,51.742395,On or near Parking Area,W01001315,Merthyr Tydfil 004D,Shoplifting,Awaiting court outcome,
be0de09d6e34727a80fb3ffa1dddfdc5845b046833b13cb57029f509e2890fcb,2024-09,South Wales Police,South Wales Police,-3.377632,51.742395,On or near Parking Area,W01001315,Merthyr Tydfil 004D,Shoplifting,Investigation complete; no suspect identified,
db4c0261ad3603637b4d35b9f2b53c9b77b263ca38b2e2ed22dfab27ffeb81e3,2024-09,South Wales Police,South Wales Police,-3.377367,51.746084,On or near John Street,W01001315,Merthyr Tydfil 004D,Shoplifting,Awaiting court outcome,
800b563dee56845ad1e6f48fcdfa543c03ace12f10badc3bc499f21cfe3c3155,2024-09,South Wales Police,South Wales Police,-3.377367,51.746084,On or near John Street,W01001315,Merthyr Tydfil 004D,Shoplifting,Unable to prosecute suspect,
54d7df572531da5f734ba6171b37013d2636b9e756dba3e361a36bb7eb461c27,2024-09,South Wales Police,South Wales Police,-3.377367,51.746084,On or near John Street,W01001315,Merthyr Tydfil 004D,Shoplifting,Investigation complete; no suspect identified,
46090273c733485b2677d81da4628bcde802b09724d826b0bd546c34771a4643,2024-09,South Wales Police,South Wales Police,-3.377367,51.746084,On or near John Street,W01001315,Merthyr Tydfil 004D,Shoplifting,Investigation complete; no suspect identified,
ad20c4ccf63b36a167ac952cfb1c763ed7ef516555820ee6bc8e75638577ee2f,2024-09,South Wales Police,South Wales Police,-3.377367,51.746084,On or near John Street,W01001315,Merthyr Tydfil 004D,Shoplifting,Under investigation,
b7f364b3cd9cd35d6ba4cf50c3f85eae0163fcd791d0e764d6a6962c0241e700,2024-09,South Wales Police,South Wales Police,-3.379157,51.743986,On or near Swan Street,W01001315,Merthyr Tydfil 004D,Theft from the person,Investigation complete; no suspect identified,
eed45e673645e9825445b4b03a98abedaff24b88bcd3f594b5a7484f51f150c7,2024-09,South Wales Police,South Wales Police,-3.376468,51.749862,On or near Parking Area,W01001315,Merthyr Tydfil 004D,Violence and sexual offences,Under investigation,
7b1437d92b5354f589f04384219211d016fd992e39ccd03afd92da572934695d,2024-09,South Wales Police,South Wales Police,-3.377844,51.747931,On or near Roberts Lane,W01001315,Merthyr Tydfil 004D,Violence and sexual offences,Unable to prosecute suspect,
21f7537539f42fafb019b6b4bd582e3133afbe73400f274761580a9fcd7376df,2024-09,South Wales Police,South Wales Police,-3.379239,51.746665,On or near Glebeland Street,W01001315,Merthyr Tydfil 004D,Violence and sexual offences,Further investigation is not in the public interest,
73cc7e3b005e303e2903dc4c9f6b6c07305631b4a4db49650b8a3cd69c212ad4,2024-09,South Wales Police,South Wales Police,-3.377367,51.746084,On or near John Street,W01001315,Merthyr Tydfil 004D,Violence and sexual offences,Unable to prosecute suspect,
9260e7882aa990eb1d12d23297b6e2018290cd13c5c00f25b2ba1a2009a52d47,2024-09,South Wales Police,South Wales Police,-3.377786,51.748903,On or near Old Mill Lane,W01001315,Merthyr Tydfil 004D,Violence and sexual offences,Investigation complete; no suspect identified,
61f56830e8014d6c61cbe12430455c73704b99e85416646edf66482cef0b9038,2024-09,South Wales Police,South Wales Police,-3.381570,51.747564,On or near Parking Area,W01001315,Merthyr Tydfil 004D,Violence and sexual offences,Under investigation,
56805da8edb1f76368cd3af6e23dc4a7b0bd3b55e92a176f48578ae2d4a3df89,2024-09,South Wales Police,South Wales Police,-3.377844,51.747931,On or near Roberts Lane,W01001315,Merthyr Tydfil 004D,Violence and sexual offences,Unable to prosecute suspect,
8e66a66429ead9ef2a2fee83822f06a624070967efc5a9dfec0be52275805cbf,2024-09,South Wales Police,South Wales Police,-3.377575,51.743393,On or near Broad Street,W01001315,Merthyr Tydfil 004D,Violence and sexual offences,Unable to prosecute suspect,
1b14d9b69676581d8917b9d30de0824a44dd57f071c8ec1a9b27207eb88f5557,2024-09,South Wales Police,South Wales Police,-3.377367,51.746084,On or near John Street,W01001315,Merthyr Tydfil 004D,Violence and sexual offences,Investigation complete; no suspect identified,
0d2ef550ffeb77295f9f559b0babe5802ab44284ffa6a56966eb46125777f10d,2024-09,South Wales Police,South Wales Police,-3.379904,51.745343,On or near Shopping Area,W01001315,Merthyr Tydfil 004D,Violence and sexual offences,Unable to prosecute suspect,
86ab7b1e8372b22e8f4860cd3b3033761150836f5eebe0056187c432e8f137db,2024-09,South Wales Police,South Wales Police,-3.377367,51.746084,On or near John Street,W01001315,Merthyr Tydfil 004D,Violence and sexual offences,Unable to prosecute suspect,
d7d31457bc63fd24d197d6f0c7ab1a7f4e5579ad17892d1be96b0dc846b67568,2024-09,South Wales Police,South Wales Police,-3.379239,51.746665,On or near Glebeland Street,W01001315,Merthyr Tydfil 004D,Violence and sexual offences,Awaiting court outcome,
39a56d2d66dc5dfe703ad94bca229069679e9e4c2e309ef9c1b78b557117d8aa,2024-09,South Wales Police,South Wales Police,-3.379483,51.745678,On or near Bus/Coach Station,W01001315,Merthyr Tydfil 004D,Violence and sexual offences,Unable to prosecute suspect,
f3ab76cb0d590068c2f7054e78c219405c237a938ecf7388ddefb0b2e7f9fd6f,2024-09,South Wales Police,South Wales Police,-3.377632,51.742395,On or near Parking Area,W01001315,Merthyr Tydfil 004D,Violence and sexual offences,Investigation complete; no suspect identified,
51848dc7f064e38a1a576882f3562a08e8fbaa2cb2f1cdfecee0679a910a8182,2024-09,South Wales Police,South Wales Police,-3.379904,51.745343,On or near Shopping Area,W01001315,Merthyr Tydfil 004D,Violence and sexual offences,Unable to prosecute suspect,
8ee0b9932aa584393bf296f20c753b61482b478a62a622cd66cc74c8e121bf82,2024-09,South Wales Police,South Wales Police,-3.379239,51.746665,On or near Glebeland Street,W01001315,Merthyr Tydfil 004D,Violence and sexual offences,Awaiting court outcome,
22621b06077f981268ba97c801dd0c9f05383dbf78d1157830152c01dbb5f8de,2024-09,South Wales Police,South Wales Police,-3.378623,51.746897,On or near Post Office Lane,W01001315,Merthyr Tydfil 004D,Violence and sexual offences,Local resolution,
303f12dc3e3fb1cfe3a4db11f8b45252bf76f1e0138692066d51e1fc9c2f0588,2024-09,South Wales Police,South Wales Police,-3.374297,51.750391,On or near Danyparc,W01001315,Merthyr Tydfil 004D,Violence and sexual offences,Unable to prosecute suspect,
6dc8e472c409bb11bce7dab9c73d7777a8b6a227d5a387493df541997f5402f6,2024-09,South Wales Police,South Wales Police,-3.379483,51.745678,On or near Bus/Coach Station,W01001315,Merthyr Tydfil 004D,Violence and sexual offences,Unable to prosecute suspect,
d5146324569cc8dfcebb0233bb961efbaf9fd3eca2a515267414427ccf5446cc,2024-09,South Wales Police,South Wales Police,-3.379483,51.745678,On or near Bus/Coach Station,W01001315,Merthyr Tydfil 004D,Violence and sexual offences,Unable to prosecute suspect,
d43be041665db531f8acaa4945d4c6b5b878973d91561e50814311435af623dc,2024-09,South Wales Police,South Wales Police,-3.379483,51.745678,On or near Bus/Coach Station,W01001315,Merthyr Tydfil 004D,Violence and sexual offences,Unable to prosecute suspect,
,2024-09,South Wales Police,South Wales Police,-3.353892,51.722035,On or near Hafod Street,W01001314,Merthyr Tydfil 005A,Anti-social behaviour,,
57db44e6319c3efeb8098c1de955b9d4f7e63166bb5cfa6c12d6621c8fc3d3f6,2024-09,South Wales Police,South Wales Police,-3.364399,51.724305,On or near Llys Waunwyltt,W01001314,Merthyr Tydfil 005A,Possession of weapons,Awaiting court outcome,
ff38efb0ec7dac70ccc74d78e646804b5c4948188a8243079237c64d21331e56,2024-09,South Wales Police,South Wales Police,-3.366663,51.725456,On or near Hopkins Close,W01001314,Merthyr Tydfil 005A,Public order,Unable to prosecute suspect,
c787041beb178f17b50584e78a1b892adac69fca44d4b28ed0eb5e3d1b02e3bd,2024-09,South Wales Police,South Wales Police,-3.364399,51.724305,On or near Llys Waunwyltt,W01001314,Merthyr Tydfil 005A,Public order,Unable to prosecute suspect,
e52d949e9b85ee9fc831a5fbf8254308a08c0e7405a4c74911888bf48ad70d75,2024-09,South Wales Police,South Wales Police,-3.359499,51.726043,On or near Greenfield Gardens,W01001314,Merthyr Tydfil 005A,Shoplifting,Investigation complete; no suspect identified,
92bc8bedf940c26a3a1ffd5334564c948c9ad8ceb2b53d463481b51a4630059f,2024-09,South Wales Police,South Wales Police,-3.366350,51.724210,On or near Nightingale Street,W01001314,Merthyr Tydfil 005A,Violence and sexual offences,Unable to prosecute suspect,
ccadbca785da83d90d0f91983b74e7d2b3143fb00a54b996b22d2ce48dd65ce0,2024-09,South Wales Police,South Wales Police,-3.363618,51.722893,On or near Chapel Street,W01001314,Merthyr Tydfil 005A,Violence and sexual offences,Under investigation,
74a4b0d4520e3a63ad237b75953ba07ce46431b8ceda36e31840cdf98051ce60,2024-09,South Wales Police,South Wales Police,-3.364399,51.724305,On or near Llys Waunwyltt,W01001314,Merthyr Tydfil 005A,Violence and sexual offences,Under investigation,
4840e1fdecfecfeb8697b39c7a9c1368c3c2585f44b2a7e94462c116a5b4e220,2024-09,South Wales Police,South Wales Police,-3.362741,51.722148,On or near Newton Street,W01001314,Merthyr Tydfil 005A,Violence and sexual offences,Unable to prosecute suspect,
7bd3d589e813fc3e8de1fb6eb49e71b73aa5098f8681a8de87efd401d974f941,2024-09,South Wales Police,South Wales Police,-3.353452,51.723784,On or near Duffryn Fawr,W01001314,Merthyr Tydfil 005A,Violence and sexual offences,Awaiting court outcome,
ce8766642ae395778d31bdf16f0adbaffa22930f193fb98e9f70faadbc8c5185,2024-09,South Wales Police,South Wales Police,-3.355642,51.722455,On or near Ceredig Street,W01001314,Merthyr Tydfil 005A,Violence and sexual offences,Unable to prosecute suspect,
eae968a2b0beaa7c05e9c475616e7d65c1bbe3397e83f3c7f1e1260dfcd255d3,2024-09,South Wales Police,South Wales Police,-3.359499,51.726043,On or near Greenfield Gardens,W01001314,Merthyr Tydfil 005A,Violence and sexual offences,Unable to prosecute suspect,
f31a826a259fae41143b0c2d4a78ba52f70d3b09b0321932fc15dd3f7bdb127f,2024-09,South Wales Police,South Wales Police,-3.359499,51.726043,On or near Greenfield Gardens,W01001314,Merthyr Tydfil 005A,Violence and sexual offences,Unable to prosecute suspect,
684e33bae900593d0570473599c215fdf2181fb3d8210586cd602a627806314d,2024-09,South Wales Police,South Wales Police,-3.364399,51.724305,On or near Llys Waunwyltt,W01001314,Merthyr Tydfil 005A,Violence and sexual offences,Unable to prosecute suspect,
9d988efa245ff0fe8b7ffb422a49796db6f7fecd66a3188e5a49e782d62a6154,2024-09,South Wales Police,South Wales Police,-3.364435,51.723585,On or near Cardiff Street,W01001314,Merthyr Tydfil 005A,Violence and sexual offences,Unable to prosecute suspect,
ac3ff3174c8e40114c86ffd9694137ca1b0499006cdc1a1eb56241770554861d,2024-09,South Wales Police,South Wales Police,-3.368144,51.726087,On or near Llwyn-Yr-Eos,W01001314,Merthyr Tydfil 005A,Violence and sexual offences,Investigation complete; no suspect identified,
,2024-09,South Wales Police,South Wales Police,-3.368834,51.742677,On or near Bryn Street,W01001317,Merthyr Tydfil 005C,Anti-social behaviour,,
ee2a6e111a35ea78414bb6b35c5a5fe712150545b1cd1d0cc044926b53427cf1,2024-09,South Wales Police,South Wales Police,-3.367788,51.742573,On or near Clos Yr Ysgol,W01001317,Merthyr Tydfil 005C,Criminal damage and arson,Awaiting court outcome,
a4edeb9b6434e595e3296326612eb7ec308b1b3904f5ac21e93fe48017f79840,2024-09,South Wales Police,South Wales Police,-3.359538,51.748072,On or near Mount View,W01001317,Merthyr Tydfil 005C,Violence and sexual offences,Under investigation,
9fb80e8d00081a004ca986f71b363f28cd524e11dcdc2896a46a36573c6d868d,2024-09,South Wales Police,South Wales Police,-3.366751,51.739905,On or near Wheatley Place,W01001317,Merthyr Tydfil 005C,Violence and sexual offences,Unable to prosecute suspect,
eb9882b1cef946fd306ad392d81533cb5706b3c09e22e43e17284fddc6fc9f73,2024-09,South Wales Police,South Wales Police,-3.367301,51.737948,On or near Cwrt Bevan,W01001317,Merthyr Tydfil 005C,Violence and sexual offences,Under investigation,
9cdc39bf91f0f92e0fe9674fbf276c5c32f5b3c81c87b7fe8822f4029ccd29c7,2024-09,South Wales Police,South Wales Police,-3.366751,51.739905,On or near Wheatley Place,W01001317,Merthyr Tydfil 005C,Violence and sexual offences,Unable to prosecute suspect,
55c8884d3c6585783bbf5c6902756780e1faedf5594b948435f13110adeadd7f,2024-09,South Wales Police,South Wales Police,-3.374514,51.742287,On or near Trevithick Gardens,W01001318,Merthyr Tydfil 005D,Other theft,Unable to prosecute suspect,
e836e74b8fb084819e780129ca03bdf7fbdf0df4a8f7765422b3f52203279af4,2024-09,South Wales Police,South Wales Police,-3.374514,51.742287,On or near Trevithick Gardens,W01001318,Merthyr Tydfil 005D,Other theft,Investigation complete; no suspect identified,
e12590e622c3f37cce70e9b1a311c679b90927ae107f944b8b049cd891bbb07d,2024-09,South Wales Police,South Wales Police,-3.374514,51.742287,On or near Trevithick Gardens,W01001318,Merthyr Tydfil 005D,Other theft,Unable to prosecute suspect,
bf77f3d997d462199fc12fdd6236eb9aaa2da4429b8fa8f47e66ee84e23a6ab5,2024-09,South Wales Police,South Wales Police,-3.374514,51.742287,On or near Trevithick Gardens,W01001318,Merthyr Tydfil 005D,Shoplifting,Investigation complete; no suspect identified,
a1cb14e9415236e25542ba332b108da9e1c83b8c77b917a06dfe29a77e38e9c5,2024-09,South Wales Police,South Wales Police,-3.370316,51.736123,On or near Hankey Place,W01001318,Merthyr Tydfil 005D,Vehicle crime,Investigation complete; no suspect identified,
8a0a2f684abc2d998b4404ed2224c65052c9d336d95baec5117210e9b4ec2cb2,2024-09,South Wales Police,South Wales Police,-3.372075,51.739232,On or near David Street,W01001318,Merthyr Tydfil 005D,Violence and sexual offences,Awaiting court outcome,
171d83494446e024dfdddc4d17dedf3af2ba45ad6d73c6ca01b02c081320de44,2024-09,South Wales Police,South Wales Police,-3.364889,51.749233,On or near Llwyn-Yr- Eos Grove,W01001959,Merthyr Tydfil 005E,Public order,Investigation complete; no suspect identified,
0cef248dcb6b4250506698441005db9e2483e1292a520d8b812e529b29c22a83,2024-09,South Wales Police,South Wales Police,-3.363518,51.750364,On or near Trem Pen-Y- Bryn,W01001959,Merthyr Tydfil 005E,Vehicle crime,Investigation complete; no suspect identified,
e492abf023db622406a0f871d2a57e53c3b4f64495f3787fae232a6212025258,2024-09,South Wales Police,South Wales Police,-3.361903,51.744853,On or near Penheolferthyr,W01001959,Merthyr Tydfil 005E,Violence and sexual offences,Unable to prosecute suspect,
,2024-09,South Wales Police,South Wales Police,-3.311181,51.699455,On or near Commercial Street,W01001289,Merthyr Tydfil 006A,Anti-social behaviour,,
,2024-09,South Wales Police,South Wales Police,-3.311102,51.704204,On or near Mount Pleasant,W01001289,Merthyr Tydfil 006A,Anti-social behaviour,,
,2024-09,South Wales Police,South Wales Police,-3.311020,51.704888,On or near Lewis Street,W01001289,Merthyr Tydfil 006A,Anti-social behaviour,,
b4865338bb099bbe44b987ccdc528f24552f786b165c48f509b521018af6f752,2024-09,South Wales Police,South Wales Police,-3.310658,51.705890,On or near Pleasant View,W01001289,Merthyr Tydfil 006A,Burglary,Under investigation,
a23d9414fa831cbe1083b588cdc504507890eb431b5f0960918031ab42d12c97,2024-09,South Wales Police,South Wales Police,-3.311020,51.704888,On or near Lewis Street,W01001289,Merthyr Tydfil 006A,Criminal damage and arson,Investigation complete; no suspect identified,
ae5b7100336f50e6096e88518a6277832e53b2d8de615bed51f7f59b76a8703f,2024-09,South Wales Police,South Wales Police,-3.317280,51.704674,On or near Bedw Road,W01001289,Merthyr Tydfil 006A,Other theft,Unable to prosecute suspect,
49fef7b5708472d0881bac3648ff738b558406dd84c15c77dfb238d6d618f258,2024-09,South Wales Police,South Wales Police,-3.310658,51.705890,On or near Pleasant View,W01001289,Merthyr Tydfil 006A,Violence and sexual offences,Investigation complete; no suspect identified,
7856c185cf76bdbedecef672e029df81a2099dcfe76d17600214a38d6bbfb92d,2024-09,South Wales Police,South Wales Police,-3.317913,51.704541,On or near Grove Terrace,W01001289,Merthyr Tydfil 006A,Violence and sexual offences,Unable to prosecute suspect,
7157d92d29e8fc2f9e7679c74d384f0b509baccfed9afec4de36a67394691b61,2024-09,South Wales Police,South Wales Police,-3.319644,51.705835,On or near Coly Row,W01001289,Merthyr Tydfil 006A,Violence and sexual offences,Awaiting court outcome,
8ce0f4c4c66f0cc2101dbd43ecdae0a7750d65ffcfe2fc0b10d30e7396e233c4,2024-09,South Wales Police,South Wales Police,-3.311102,51.704204,On or near Mount Pleasant,W01001289,Merthyr Tydfil 006A,Violence and sexual offences,Local resolution,
5a2d0ffb1f8fb8ac8233e639d17f6f255f79af1be9b09daf0f2718706ad9c581,2024-09,South Wales Police,South Wales Police,-3.317280,51.704674,On or near Bedw Road,W01001289,Merthyr Tydfil 006A,Violence and sexual offences,Unable to prosecute suspect,
f40dbdfc3104404ab9b2f2c06fd09817b6d9ecdecba61f9c4f25aa3b8047e7ed,2024-09,South Wales Police,South Wales Police,-3.313529,51.701066,On or near Commercial Street,W01001289,Merthyr Tydfil 006A,Violence and sexual offences,Awaiting court outcome,
23f763d177f2970ab0ef8b3aa5055a59302102e82ad147af0b3917614d97c1c9,2024-09,South Wales Police,South Wales Police,-3.317280,51.704674,On or near Bedw Road,W01001289,Merthyr Tydfil 006A,Violence and sexual offences,Under investigation,
,2024-09,South Wales Police,South Wales Police,-3.339855,51.689933,On or near Rhodfa'R Crëyr,W01001302,Merthyr Tydfil 006B,Anti-social behaviour,,
,2024-09,South Wales Police,South Wales Police,-3.339855,51.689933,On or near Rhodfa'R Crëyr,W01001302,Merthyr Tydfil 006B,Anti-social behaviour,,
1aa3b952c7623e796ad17279fe9dc591448dca12ee1de11b0a5d6283882ee3ce,2024-09,South Wales Police,South Wales Police,-3.339855,51.689933,On or near Rhodfa'R Crëyr,W01001302,Merthyr Tydfil 006B,Criminal damage and arson,Investigation complete; no suspect identified,
d83a0662b0ba060724fbab7117840e4d54821a4faf34e1cff549285c7589be4f,2024-09,South Wales Police,South Wales Police,-3.343399,51.686503,On or near Yr Hen Laethdy,W01001302,Merthyr Tydfil 006B,Other theft,Unable to prosecute suspect,
784a96db39327c916674d62358ebdf78007f0ac1ddf75f9c3517334440addf6a,2024-09,South Wales Police,South Wales Police,-3.336769,51.687819,On or near Gray'S Place,W01001302,Merthyr Tydfil 006B,Vehicle crime,Investigation complete; no suspect identified,
75ec9fcf0c4f884b08591f0a58cee9fbb80bed77d98e7e7842f9105fa3bf1f35,2024-09,South Wales Police,South Wales Police,-3.345241,51.691041,On or near Aberfan Crescent,W01001302,Merthyr Tydfil 006B,Violence and sexual offences,Under investigation,
,2024-09,South Wales Police,South Wales Police,-3.358461,51.727161,On or near Clos Sant Iago,W01001312,Merthyr Tydfil 006E,Anti-social behaviour,,
,2024-09,South Wales Police,South Wales Police,-3.347716,51.708124,On or near Parking Area,W01001312,Merthyr Tydfil 006E,Anti-social behaviour,,
9ca1d5f50b04844d65aec7e3af457bf5727c8682f88ede1d6847ee6e7dc32373,2024-09,South Wales Police,South Wales Police,-3.358461,51.727161,On or near Clos Sant Iago,W01001312,Merthyr Tydfil 006E,Other theft,Unable to prosecute suspect,
6e24db4e82966be7502a3b3c07ccf9efb2a180ab6ee4d20499e977dc3e022d80,2024-09,South Wales Police,South Wales Police,-3.347665,51.712242,On or near Bridge Street,W01001312,Merthyr Tydfil 006E,Other theft,Investigation complete; no suspect identified,
f2f00e42b6a4b10a09d1196f2bab92345989644fb2b1777aa65a61e4f1b442c1,2024-09,South Wales Police,South Wales Police,-3.358461,51.727161,On or near Clos Sant Iago,W01001312,Merthyr Tydfil 006E,Shoplifting,Awaiting court outcome,
1401daf4a863aed4d7fe8ebbe943485b81718d56c4a1b10067130c8552d87b82,2024-09,South Wales Police,South Wales Police,-3.358461,51.727161,On or near Clos Sant Iago,W01001312,Merthyr Tydfil 006E,Shoplifting,Awaiting court outcome,
d70f2c0e6b05a0ab0d03744a7299eebf04f850b325ac89e76e0bd789c64d17a9,2024-09,South Wales Police,South Wales Police,-3.358461,51.727161,On or near Clos Sant Iago,W01001312,Merthyr Tydfil 006E,Shoplifting,Awaiting court outcome,
7fa0044f75ef493c353e46c3271e6eac2001e845289240ca1153dc02e3f0af10,2024-09,South Wales Police,South Wales Police,-3.352581,51.721780,On or near Rhydfach,W01001312,Merthyr Tydfil 006E,Vehicle crime,Investigation complete; no suspect identified,
9bb7ffb73c87bed895df94c935c7dddc7ac0b54ddd4334ef0a8fb697e61c4697,2024-09,South Wales Police,South Wales Police,-3.347176,51.708930,On or near Haven Close,W01001312,Merthyr Tydfil 006E,Violence and sexual offences,Unable to prosecute suspect,
fd0a9a596fda3c7e9188599383a7d722640281eca1d0b66ce3d8cb6e04d5023b,2024-09,South Wales Police,South Wales Police,-3.349922,51.708800,On or near Diana Street,W01001312,Merthyr Tydfil 006E,Violence and sexual offences,Unable to prosecute suspect,
ac321ba1ad19a0da51d0172d3ebc37750d7aa75929363d79e832266734d5a49e,2024-09,South Wales Police,South Wales Police,-3.349984,51.710894,On or near Windsor Street,W01001313,Merthyr Tydfil 006F,Other theft,Investigation complete; no suspect identified,
649aef67da4f94d522cefc876a0a03687a9f6baa9aead25a8add3504537daf65,2024-09,South Wales Police,South Wales Police,-3.346853,51.714634,On or near Pembroke Street,W01001313,Merthyr Tydfil 006F,Public order,Investigation complete; no suspect identified,
647076693d2824ed66a74116fe091ac286da032121c9ba2eef065aa8272163c7,2024-09,South Wales Police,South Wales Police,-3.347449,51.711795,On or near Elm Street,W01001313,Merthyr Tydfil 006F,Violence and sexual offences,Unable to prosecute suspect,
84d3c1c0246ab7f62a102ebdf5783721487bda8840515f1ddf7aee74b69c76f1,2024-09,South Wales Police,South Wales Police,-3.345262,51.711757,On or near Wyndham Street,W01001313,Merthyr Tydfil 006F,Violence and sexual offences,Under investigation,
3bbba720d4f781a10201aeae768cc350a1c28cffea5cfc991acf3cdc91a9371e,2024-09,South Wales Police,South Wales Police,-3.347449,51.711795,On or near Elm Street,W01001313,Merthyr Tydfil 006F,Violence and sexual offences,Unable to prosecute suspect,
af06101fc9833eef9ed5a8ef28d39fc656d6addf3df59120e1ed13b813a1df2a,2024-09,South Wales Police,South Wales Police,-3.343880,51.709552,On or near Cardiff Road,W01001313,Merthyr Tydfil 006F,Violence and sexual offences,Unable to prosecute suspect,
16c6b5dc418a9701ac093834e496c513c083b8331d285f38f9a2193a2e635301,2024-09,South Wales Police,South Wales Police,-3.350385,51.710260,On or near Church Street,W01001313,Merthyr Tydfil 006F,Violence and sexual offences,Investigation complete; no suspect identified,
a6b81eee49d1ab56b87308aec7abcb3df4662f7de7ee7af7260457a2eb39f011,2024-09,South Wales Police,South Wales Police,-3.347449,51.711795,On or near Elm Street,W01001313,Merthyr Tydfil 006F,Violence and sexual offences,Unable to prosecute suspect,
,2024-09,South Wales Police,South Wales Police,-3.340754,51.685103,On or near Bryngoleu,W01001961,Merthyr Tydfil 006G,Anti-social behaviour,,
,2024-09,South Wales Police,South Wales Police,-3.342035,51.684405,On or near Canonbie Crescent,W01001961,Merthyr Tydfil 006G,Anti-social behaviour,,
,2024-09,South Wales Police,South Wales Police,-3.342484,51.686855,On or near Cross Street,W01001961,Merthyr Tydfil 006G,Anti-social behaviour,,
,2024-09,South Wales Police,South Wales Police,-3.341130,51.683130,On or near Aberfan Fawr,W01001961,Merthyr Tydfil 006G,Anti-social behaviour,,
,2024-09,South Wales Police,South Wales Police,-3.347188,51.694246,On or near Moy Road,W01001961,Merthyr Tydfil 006G,Anti-social behaviour,,
,2024-09,South Wales Police,South Wales Police,-3.335614,51.681026,On or near Darren Las,W01001961,Merthyr Tydfil 006G,Anti-social behaviour,,
81d4f940fb98fc767ecfe88f0522df5b76922d1864515945f68e790d4aaeb589,2024-09,South Wales Police,South Wales Police,-3.347188,51.694246,On or near Moy Road,W01001961,Merthyr Tydfil 006G,Criminal damage and arson,Investigation complete; no suspect identified,
8de62ef2242821018c41b7bce416cc094b66c2e16ab71931fba0be029c4e73bd,2024-09,South Wales Police,South Wales Police,-3.340754,51.685103,On or near Bryngoleu,W01001961,Merthyr Tydfil 006G,Public order,Unable to prosecute suspect,
05428e820b2df7544ae4cb8ce69c67e561f05844666ead77c9ea97a00b95ee43,2024-09,South Wales Police,South Wales Police,-3.340754,51.685103,On or near Bryngoleu,W01001961,Merthyr Tydfil 006G,Public order,Unable to prosecute suspect,
614fd669def6fa1a9afd29e0d54ec54417d60a092f5503b9d37525ff4a64d774,2024-09,South Wales Police,South Wales Police,-3.334184,51.678614,On or near South View,W01001961,Merthyr Tydfil 006G,Violence and sexual offences,Unable to prosecute suspect,
b9f77d42408919d90ebfaa5d7a2eae3ab65a2587b19756be2cd036bef7dd6390,2024-09,South Wales Police,South Wales Police,-3.345465,51.691775,On or near Parking Area,W01001961,Merthyr Tydfil 006G,Violence and sexual offences,Under investigation,
9282fd2d3910d14a796e088851c3ae50cb0b2e65615a7e9d4eb9cefcec950e22,2024-09,South Wales Police,South Wales Police,-3.340754,51.685103,On or near Bryngoleu,W01001961,Merthyr Tydfil 006G,Violence and sexual offences,Unable to prosecute suspect,
e81fce0e0c792b686fe78e4d9d669036da3cad7fbceebb3b627b2c0f3a5770b8,2024-09,South Wales Police,South Wales Police,-3.342484,51.686855,On or near Cross Street,W01001961,Merthyr Tydfil 006G,Violence and sexual offences,Investigation complete; no suspect identified,
4efb7ee0ae2ace96f3a78f2a381212ea51b16bcdedce86fe7ff1daccf1a7cc4b,2024-09,South Wales Police,South Wales Police,-3.345484,51.694356,On or near Mervyn Street,W01001961,Merthyr Tydfil 006G,Violence and sexual offences,Unable to prosecute suspect,
a1b3c92c032aeebe95737251715260f421d40017b1d15835f76117b32c581c32,2024-09,South Wales Police,South Wales Police,-3.341130,51.683130,On or near Aberfan Fawr,W01001961,Merthyr Tydfil 006G,Violence and sexual offences,Under investigation,
0308793dff3ff4f47d5a61841b29b4b59bba50130549113e2ea4d731cbcb1798,2024-09,South Wales Police,South Wales Police,-3.346888,51.692919,On or near Coronation Place,W01001961,Merthyr Tydfil 006G,Violence and sexual offences,Unable to prosecute suspect,
,2024-09,South Wales Police,South Wales Police,-3.290771,51.663103,On or near Sports/Recreation Area,W01001290,Merthyr Tydfil 007A,Anti-social behaviour,,
ed840853df0b586c861d8defc126d8684108f09a644286c4ed9d82892ed86571,2024-09,South Wales Police,South Wales Police,-3.295742,51.673137,On or near Heol Isaf,W01001290,Merthyr Tydfil 007A,Drugs,Formal action is not in the public interest,
4d002ad49443e27f61263c7486d33afb98f48468519d5011a6aefee7186d4f01,2024-09,South Wales Police,South Wales Police,-3.288556,51.661977,On or near Maes-Y-Coed,W01001290,Merthyr Tydfil 007A,Drugs,Formal action is not in the public interest,
31605636ccce587cf0cc8f7f43f020211c4b7e221fd43d45993b24f74bd18b39,2024-09,South Wales Police,South Wales Police,-3.288556,51.661977,On or near Maes-Y-Coed,W01001290,Merthyr Tydfil 007A,Vehicle crime,Investigation complete; no suspect identified,
acf4e08681078f472a7ac5c096c485e6827b8ee4d912284fde68d3171e8952c8,2024-09,South Wales Police,South Wales Police,-3.285926,51.662527,On or near Manor View,W01001290,Merthyr Tydfil 007A,Violence and sexual offences,Under investigation,
cc9aa84fd11763b7dc94d7894ed2c62f7ff3abae8af9bd4f89bcb3b65abb4c06,2024-09,South Wales Police,South Wales Police,-3.298289,51.665610,On or near Cardiff Road,W01001290,Merthyr Tydfil 007A,Violence and sexual offences,Investigation complete; no suspect identified,
0cd4881c8f43b579c1cc3bfa7e3afb72e395c93acea461d5b23556f0d6120090,2024-09,South Wales Police,South Wales Police,-3.290542,51.662665,On or near Nant Gwyn,W01001290,Merthyr Tydfil 007A,Violence and sexual offences,Unable to prosecute suspect,
b978b5fc45904daba5edf4e12e595bbca8716314cd5c6ea8269a0c43cde88751,2024-09,South Wales Police,South Wales Police,-3.290282,51.661643,On or near West View Crescent,W01001290,Merthyr Tydfil 007A,Violence and sexual offences,Unable to prosecute suspect,
83789dbe553877fc42e4b063c6588683ed482ccaa443ffba978a5754aacce4da,2024-09,South Wales Police,South Wales Police,-3.305353,51.658338,On or near Bryngerwn Avenue,W01001319,Merthyr Tydfil 007B,Public order,Unable to prosecute suspect,
8c1373d2cddb5180c4c6f9d56346b5fe17d1a1f1f5dd39dcb5178318a1352f8e,2024-09,South Wales Police,South Wales Police,-3.305353,51.658338,On or near Bryngerwn Avenue,W01001319,Merthyr Tydfil 007B,Violence and sexual offences,Unable to prosecute suspect,
63b4c18d27c9f5ac0015c2444115df2becd51e860cb45e560196fdbd3795252c,2024-09,South Wales Police,South Wales Police,-3.301208,51.659472,On or near Ty Llwyd Parc,W01001319,Merthyr Tydfil 007B,Violence and sexual offences,Unable to prosecute suspect,
,2024-09,South Wales Police,South Wales Police,-3.310637,51.663072,On or near Susannah Place,W01001320,Merthyr Tydfil 007C,Anti-social behaviour,,
7aefef416cc50963ec49d7410cfa4e7591710bc1e8600bc3dbad4e8444a571df,2024-09,South Wales Police,South Wales Police,-3.311397,51.660870,On or near Fir Tree Drive,W01001320,Merthyr Tydfil 007C,Criminal damage and arson,Investigation complete; no suspect identified,
6965072f1b38405d0c798bd37b9df723914b18230adaa9efd9a99cd552851d4b,2024-09,South Wales Police,South Wales Police,-3.311397,51.660870,On or near Fir Tree Drive,W01001320,Merthyr Tydfil 007C,Criminal damage and arson,Investigation complete; no suspect identified,
,2024-09,South Wales Police,South Wales Police,-3.314797,51.663943,On or near Petrol Station,W01001321,Merthyr Tydfil 007D,Anti-social behaviour,,
,2024-09,South Wales Police,South Wales Police,-3.305702,51.669448,On or near Pritchard Street,W01001321,Merthyr Tydfil 007D,Anti-social behaviour,,
26ecc023ecccdced16b8c5311ded6c0ff9bb1d8f6ca36bb498729aa0ae1e6e2b,2024-09,South Wales Police,South Wales Police,-3.305032,51.664762,On or near Bargoed Terrace,W01001321,Merthyr Tydfil 007D,Criminal damage and arson,Investigation complete; no suspect identified,
e2d7e35bd528ad046f762bf70299d3b15832b06666999b2bf055efb23fc4233c,2024-09,South Wales Police,South Wales Police,-3.309265,51.666136,On or near Twynygarreg,W01001321,Merthyr Tydfil 007D,Violence and sexual offences,Unable to prosecute suspect,
e95fc346f5a3312a7bb69f7c5779d537fa7ecf548df6467530732014fede521c,2024-09,South Wales Police,South Wales Police,-3.308353,51.665615,On or near Park Crescent,W01001321,Merthyr Tydfil 007D,Violence and sexual offences,Unable to prosecute suspect,
a7678613ca70067be59be4cd522ab2d8bda888769b66474f5cde89eda58d0105,2024-09,South Wales Police,South Wales Police,-3.304549,51.669083,On or near Evan Street,W01001321,Merthyr Tydfil 007D,Violence and sexual offences,Unable to prosecute suspect,
0ca396f1b10cead5c0b21326f5f9d23e28c4fa8cf0a382bc944c3f3267bf8851,2024-09,South Wales Police,South Wales Police,-3.305702,51.669448,On or near Pritchard Street,W01001321,Merthyr Tydfil 007D,Violence and sexual offences,Further investigation is not in the public interest,
,2024-09,South Wales Police,South Wales Police,-3.300574,51.665603,On or near Navigation Close,W01001322,Merthyr Tydfil 007E,Anti-social behaviour,,
,2024-09,South Wales Police,South Wales Police,-3.307518,51.660211,On or near Rodericks Terrace,W01001322,Merthyr Tydfil 007E,Anti-social behaviour,,
,2024-09,South Wales Police,South Wales Police,-3.300574,51.665603,On or near Navigation Close,W01001322,Merthyr Tydfil 007E,Anti-social behaviour,,
8395bc4e1bf63d4a8f78a9c7c0873d1f9348005ae695da55d3c9b8949a4cf046,2024-09,South Wales Police,South Wales Police,-3.303222,51.665681,On or near Fox Street,W01001322,Merthyr Tydfil 007E,Criminal damage and arson,Investigation complete; no suspect identified,
887f4d5d24975f9fa0256861af1a75dbe048b541452807a97edc23e6d36b8111,2024-09,South Wales Police,South Wales Police,-3.300574,51.665603,On or near Navigation Close,W01001322,Merthyr Tydfil 007E,Criminal damage and arson,Awaiting court outcome,
147d65ad3d8e828f3c3499576c1ee5e4a1982bbead7347aa235d265dcf77181b,2024-09,South Wales Police,South Wales Police,-3.305354,51.663392,On or near Perrott Place,W01001322,Merthyr Tydfil 007E,Drugs,Under investigation,
4436c7c5ab4800bae5cbad443e945cee39c20152df84530b0ba231fa8b26ac27,2024-09,South Wales Police,South Wales Police,-3.309658,51.664234,On or near Commercial Terrace,W01001322,Merthyr Tydfil 007E,Public order,Investigation complete; no suspect identified,
966c0a73af59ecfed087944db463d6b88eaf3812846c649a7534fc23ca61eaec,2024-09,South Wales Police,South Wales Police,-3.306178,51.663877,On or near Edward Street,W01001322,Merthyr Tydfil 007E,Public order,Unable to prosecute suspect,
98bb769abc50d03326199e23eec3dd1cffbfb89b1b8405e322391da91709534a,2024-09,South Wales Police,South Wales Police,-3.300574,51.665603,On or near Navigation Close,W01001322,Merthyr Tydfil 007E,Shoplifting,Suspect charged as part of another case,
b9a1aee97b1f176688ae08588f23e2ab9b15d9033df2f8e1e9cd6df3bf08c751,2024-09,South Wales Police,South Wales Police,-3.303222,51.665681,On or near Fox Street,W01001322,Merthyr Tydfil 007E,Violence and sexual offences,Unable to prosecute suspect,
9ae019d48dc3c69142ba6defe7f2baf66b6cec5d5a9d184854abec0255c8f36f,2024-09,South Wales Police,South Wales Police,-3.300574,51.665603,On or near Navigation Close,W01001322,Merthyr Tydfil 007E,Violence and sexual offences,Awaiting court outcome,
acc29d7e49260748768336e9e0c2a9c4d1edc5099543642d873a214465c70057,2024-09,South Wales Police,South Wales Police,-3.308137,51.660115,On or near Rodericks Terrace,W01001322,Merthyr Tydfil 007E,Violence and sexual offences,Unable to prosecute suspect,
,2024-09,South Wales Police,South Wales Police,-3.381924,51.766271,On or near Cypress Close,W01001299,Merthyr Tydfil 008A,Anti-social behaviour,,
,2024-09,South Wales Police,South Wales Police,-3.382183,51.763858,On or near Larch Close,W01001299,Merthyr Tydfil 008A,Anti-social behaviour,,
d912052e66257dd53d2461113aeef5453e6623de2ea95c4b2add70098d419c82,2024-09,South Wales Police,South Wales Police,-3.380561,51.762448,On or near Parking Area,W01001299,Merthyr Tydfil 008A,Criminal damage and arson,Investigation complete; no suspect identified,
01f33427cfa8e6a2451e0178075755470f5fc78e7a7f37f11d2311edc28afaec,2024-09,South Wales Police,South Wales Police,-3.379234,51.764082,On or near Plane Grove,W01001299,Merthyr Tydfil 008A,Criminal damage and arson,Unable to prosecute suspect,
84cacd628d42b229d0738852de59f14ce5e9f2eb901059b7c81581660b295edf,2024-09,South Wales Police,South Wales Police,-3.383664,51.765846,On or near Crabapple Close,W01001299,Merthyr Tydfil 008A,Criminal damage and arson,Investigation complete; no suspect identified,
b3d1e2d23ba5e2273a18112a8655ee48286ce49c9013fdd8233b9c50b90733b8,2024-09,South Wales Police,South Wales Police,-3.379234,51.764082,On or near Plane Grove,W01001299,Merthyr Tydfil 008A,Other theft,Unable to prosecute suspect,
dbe0724fcd319a248c917bf69c2dcd7449804465f6256d1e49cfe138e5934699,2024-09,South Wales Police,South Wales Police,-3.378819,51.763304,On or near Yew Close,W01001299,Merthyr Tydfil 008A,Other theft,Unable to prosecute suspect,
e5cd44f407466e0f88416161aa66206493219c99554c44a7a710fa3e82b5c4b2,2024-09,South Wales Police,South Wales Police,-3.383206,51.764152,On or near Blackthorn Avenue,W01001299,Merthyr Tydfil 008A,Other theft,Investigation complete; no suspect identified,
299eebd62a7c4f1aabfc6f02b70d733de1225b3b4254a02edbae7b21345c889c,2024-09,South Wales Police,South Wales Police,-3.383195,51.765186,On or near Birch Grove,W01001299,Merthyr Tydfil 008A,Public order,Unable to prosecute suspect,
905865ff02528cbe7f286a2c2b87fb1d6a5022690bc49f8031072182cf7ada28,2024-09,South Wales Police,South Wales Police,-3.383206,51.764152,On or near Blackthorn Avenue,W01001299,Merthyr Tydfil 008A,Public order,Unable to prosecute suspect,
9dbcd4227378b73e84fdbd1643a65d6975b6aca210ea450bd67faff3007d8043,2024-09,South Wales Police,South Wales Police,-3.381924,51.766271,On or near Cypress Close,W01001299,Merthyr Tydfil 008A,Public order,Unable to prosecute suspect,
10406bba24255d5aa857cbd6e9317f1fdf151ec904374ee26191a37cd3786696,2024-09,South Wales Police,South Wales Police,-3.386911,51.766824,On or near Penyfan View,W01001299,Merthyr Tydfil 008A,Robbery,Unable to prosecute suspect,
a4ac553b55ea71d37d18dd35aab222df1cdf97b6cef01d9f1120c4093eeee64b,2024-09,South Wales Police,South Wales Police,-3.380561,51.762448,On or near Parking Area,W01001299,Merthyr Tydfil 008A,Shoplifting,Awaiting court outcome,
6386d8eb4049b249194d0d53e3cd136ef10f4e1dd8f19c8a471ef8fe5a0ccde7,2024-09,South Wales Police,South Wales Police,-3.380561,51.762448,On or near Parking Area,W01001299,Merthyr Tydfil 008A,Shoplifting,Awaiting court outcome,
fc7bfac5d8b1934945bb90ced5927d673a3a6e865d39a8f574be6453cea98331,2024-09,South Wales Police,South Wales Police,-3.381039,51.763404,On or near Alder Grove,W01001299,Merthyr Tydfil 008A,Vehicle crime,Investigation complete; no suspect identified,
64dbaa55fd35bae3b94367bfb82202e31c1d09fbd62f3effd4383bb2bff660fb,2024-09,South Wales Police,South Wales Police,-3.381626,51.762687,On or near Palm Road,W01001299,Merthyr Tydfil 008A,Violence and sexual offences,Unable to prosecute suspect,
fdcb8718bbc1649774714de7241cab6753f8c59c846fac79cf44c4923b109a08,2024-09,South Wales Police,South Wales Police,-3.383206,51.764152,On or near Blackthorn Avenue,W01001299,Merthyr Tydfil 008A,Violence and sexual offences,Awaiting court outcome,
f4f3812777475ee613b21f36c62c0ec9ec5ad81c0111acf41df12d592dbca136,2024-09,South Wales Police,South Wales Police,-3.382168,51.764794,On or near Pine Close,W01001299,Merthyr Tydfil 008A,Violence and sexual offences,Under investigation,
2eb087570ddcc07d0c93ac80d5cc448d381128ff27df794314fe5066c115b30b,2024-09,South Wales Police,South Wales Police,-3.381924,51.766271,On or near Cypress Close,W01001299,Merthyr Tydfil 008A,Violence and sexual offences,Unable to prosecute suspect,
e618e735335edc0a62aba023304e54315b16786fa1a46f2ab9287b695043c0b6,2024-09,South Wales Police,South Wales Police,-3.380561,51.762448,On or near Parking Area,W01001299,Merthyr Tydfil 008A,Violence and sexual offences,Unable to prosecute suspect,
080e97d133f689065c70d0c0698813ad3c1d8d17767623cf3ba888f0cb9e08bb,2024-09,South Wales Police,South Wales Police,-3.383664,51.765846,On or near Crabapple Close,W01001299,Merthyr Tydfil 008A,Violence and sexual offences,Unable to prosecute suspect,
0c9e62e09863e31cfde553031972527f662e7b27a17c3bf2844d7dd0705628a6,2024-09,South Wales Police,South Wales Police,-3.385465,51.767407,On or near Hornbeam Close,W01001299,Merthyr Tydfil 008A,Violence and sexual offences,Further investigation is not in the public interest,
b6a4b2e96600fe6270153f83c566213049acd6314acd1d01813a2cbcec2f0526,2024-09,South Wales Police,South Wales Police,-3.385465,51.767407,On or near Hornbeam Close,W01001299,Merthyr Tydfil 008A,Violence and sexual offences,Further investigation is not in the public interest,
cf1d642f195104aa812c54ea228e10eaf6c75f0cc69ca69c501057a879034345,2024-09,South Wales Police,South Wales Police,-3.381924,51.766271,On or near Cypress Close,W01001299,Merthyr Tydfil 008A,Violence and sexual offences,Investigation complete; no suspect identified,
30eecc439ed2e033941bcad8bbd06a623a723f9c81d927df4f5a9a717686064d,2024-09,South Wales Police,South Wales Police,-3.383195,51.765186,On or near Birch Grove,W01001299,Merthyr Tydfil 008A,Violence and sexual offences,Unable to prosecute suspect,
ee1d351146f203dc8d2fc1ab73c53fe26e8a3a4ef8ac6df027825c2fc3cd0564,2024-09,South Wales Police,South Wales Police,-3.383195,51.765186,On or near Birch Grove,W01001299,Merthyr Tydfil 008A,Violence and sexual offences,Unable to prosecute suspect,
4e94f1bc61097696fbb6f33673d5f4db14f7f54cf71fee68a15cd1351e5c1b30,2024-09,South Wales Police,South Wales Police,-3.380561,51.762448,On or near Parking Area,W01001299,Merthyr Tydfil 008A,Other crime,Unable to prosecute suspect,
38fe48276794c975b233824759a2e531475759b32f56bb337358d7c17ad7ea3f,2024-09,South Wales Police,South Wales Police,-3.381924,51.766271,On or near Cypress Close,W01001299,Merthyr Tydfil 008A,Other crime,Under investigation,
26ca9f807cce64946354060de7c68231ae0b8b6c9779a57dd92734b446d48e62,2024-09,South Wales Police,South Wales Police,-3.392551,51.764563,On or near Lupin Close,W01001300,Merthyr Tydfil 008B,Criminal damage and arson,Investigation complete; no suspect identified,
0d9b29432916a701153963b15e3d020490ae0578d6bac8f2a96e61db6b266139,2024-09,South Wales Police,South Wales Police,-3.392715,51.763302,On or near Lavender Road,W01001300,Merthyr Tydfil 008B,Drugs,Under investigation,
32ce79058fe9a1591334de71dd8e2412d6c1e591ddc8846aef4b9912c43490bb,2024-09,South Wales Police,South Wales Police,-3.382489,51.760582,On or near Rowan Way,W01001300,Merthyr Tydfil 008B,Possession of weapons,Awaiting court outcome,
5a9b67b56dd3b186bf5337a3d90cbe38585e8673caa1138f6ca46c1bf22b1cdb,2024-09,South Wales Police,South Wales Police,-3.389931,51.761816,On or near Bramble Close,W01001300,Merthyr Tydfil 008B,Public order,Unable to prosecute suspect,
040a0abe35141e01fa51b978ee378c0f77e91c29514ac061a3dc2ee55bf86b49,2024-09,South Wales Police,South Wales Police,-3.382489,51.760582,On or near Rowan Way,W01001300,Merthyr Tydfil 008B,Public order,Unable to prosecute suspect,
06df63b179e8ead41e27a447676fcec0771a9ce3bb6e2745d73d94fe484d1cef,2024-09,South Wales Police,South Wales Police,-3.389931,51.761816,On or near Bramble Close,W01001300,Merthyr Tydfil 008B,Public order,Investigation complete; no suspect identified,
547473850d3721f3c78ad23027c02001eb5542ddb7d240940c6b5600d8bc33f4,2024-09,South Wales Police,South Wales Police,-3.391276,51.764075,On or near Heather Road,W01001300,Merthyr Tydfil 008B,Public order,Unable to prosecute suspect,
387f7995b99561f06495a71009c7045b16c4d8903a7975d663f0ce6725f6a9f1,2024-09,South Wales Police,South Wales Police,-3.389931,51.761816,On or near Bramble Close,W01001300,Merthyr Tydfil 008B,Public order,Unable to prosecute suspect,
de5df7d237adc925a97ec6e02fbf3d896ed827eeea5f222fc07bb26c7d94fb6d,2024-09,South Wales Police,South Wales Police,-3.389117,51.763633,On or near Marigold Close,W01001300,Merthyr Tydfil 008B,Public order,Investigation complete; no suspect identified,
1c831530103eb316b7d99dd31c00349b8f6ebdaf705d7129d7c682903176201c,2024-09,South Wales Police,South Wales Police,-3.386751,51.761601,On or near Gurnos Road,W01001300,Merthyr Tydfil 008B,Violence and sexual offences,Unable to prosecute suspect,
be3b9e8deb500a31f46d60f855d4a5fd72195b290081eb062b577810dc427f77,2024-09,South Wales Police,South Wales Police,-3.386751,51.761601,On or near Gurnos Road,W01001300,Merthyr Tydfil 008B,Violence and sexual offences,Unable to prosecute suspect,
4c2e198314acd9be240e3d6db033211aed45eadc56d4ed7be25574bcfffa2d17,2024-09,South Wales Police,South Wales Police,-3.386751,51.761601,On or near Gurnos Road,W01001300,Merthyr Tydfil 008B,Violence and sexual offences,Unable to prosecute suspect,
5ac1ea439ca857d38069b77a96a31566daf001e0197624a062bb115bb75753cd,2024-09,South Wales Police,South Wales Police,-3.392715,51.763302,On or near Lavender Road,W01001300,Merthyr Tydfil 008B,Violence and sexual offences,Unable to prosecute suspect,
1fb3ec1c16837eb44f3b9e5e547c2e43e1e79ec4f5a7d0f05d37785234eb5adb,2024-09,South Wales Police,South Wales Police,-3.383079,51.762823,On or near Willow Road,W01001300,Merthyr Tydfil 008B,Violence and sexual offences,Under investigation,
48664e37436cbe096f29560150805a5253310e9d085b677721b1cb291e889d0f,2024-09,South Wales Police,South Wales Police,-3.383079,51.762823,On or near Willow Road,W01001300,Merthyr Tydfil 008B,Violence and sexual offences,Under investigation,
a521bb18362b08503059cf2c311544c11faa5567fa884b27caa8025e904663e2,2024-09,South Wales Police,South Wales Police,-3.389931,51.761816,On or near Bramble Close,W01001300,Merthyr Tydfil 008B,Violence and sexual offences,Unable to prosecute suspect,
78ff712a41f5a0249755c6cb1e9178bb89fdb2ad73645489e52ce851a922a04f,2024-09,South Wales Police,South Wales Police,-3.389931,51.761816,On or near Bramble Close,W01001300,Merthyr Tydfil 008B,Violence and sexual offences,Investigation complete; no suspect identified,
93bb5bb1dada98dea6b42b7d29354a3d4d0c751cf63eeeaf648ee598831a66e8,2024-09,South Wales Police,South Wales Police,-3.392551,51.764563,On or near Lupin Close,W01001300,Merthyr Tydfil 008B,Violence and sexual offences,Unable to prosecute suspect,
,2024-09,South Wales Police,South Wales Police,-3.380578,51.757808,On or near Elm Grove,W01001301,Merthyr Tydfil 008C,Anti-social behaviour,,
,2024-09,South Wales Police,South Wales Police,-3.380578,51.757808,On or near Elm Grove,W01001301,Merthyr Tydfil 008C,Anti-social behaviour,,
0d7ffbfb308e1ae991e8916fc51ca8e8ff6878902353121cedba2f2c28a41afe,2024-09,South Wales Police,South Wales Police,-3.379977,51.760899,On or near Maple Close,W01001301,Merthyr Tydfil 008C,Drugs,Unable to prosecute suspect,
196f28d9cde8e3744b304c01eedb6f3655c104d83fbe6a4969b83f46da502871,2024-09,South Wales Police,South Wales Police,-3.379751,51.759670,On or near Acacia Avenue,W01001301,Merthyr Tydfil 008C,Other theft,Investigation complete; no suspect identified,
942416024926a3657a8217d7071c0bf79ccc68db689c97a0ef38170cafdff446,2024-09,South Wales Police,South Wales Police,-3.380578,51.757808,On or near Elm Grove,W01001301,Merthyr Tydfil 008C,Public order,Under investigation,
c46148ff75b2b3e87bcc525a46a49afc1a98bfe9696baf74edb03feb6a10dfc2,2024-09,South Wales Police,South Wales Police,-3.378834,51.762837,On or near Chestnut Way,W01001301,Merthyr Tydfil 008C,Shoplifting,Awaiting court outcome,
eea8e4969b147c8ff21b97f37720b559f301580355314084e5a4317498838e94,2024-09,South Wales Police,South Wales Police,-3.378741,51.755995,On or near Gwaelodygarth Close,W01001301,Merthyr Tydfil 008C,Vehicle crime,Unable to prosecute suspect,
c88cd8052a8349c573f37732e7df43f5ba808e000dd982ce53471dce5b96285c,2024-09,South Wales Police,South Wales Police,-3.381311,51.758078,On or near Oak Road,W01001301,Merthyr Tydfil 008C,Violence and sexual offences,Unable to prosecute suspect,
a7be4d7cb54bbbd0606df8b8cfa59a076911cf9040203f4d4d63c74dfc655337,2024-09,South Wales Police,South Wales Police,-3.381355,51.759048,On or near Ash Crescent,W01001301,Merthyr Tydfil 008C,Violence and sexual offences,Unable to prosecute suspect,
8f6e69ca29fcd1f223a2087008def14af1a55567aff26f7209adc2d2f782542b,2024-09,South Wales Police,South Wales Police,-3.377046,51.762183,On or near Beech Grove,W01001301,Merthyr Tydfil 008C,Violence and sexual offences,Unable to prosecute suspect,
19894083e12ceb05d5ff83459681e136f71deaf4bd46e97f08921545d956c6cb,2024-09,South Wales Police,South Wales Police,-3.379977,51.760899,On or near Maple Close,W01001301,Merthyr Tydfil 008C,Violence and sexual offences,Unable to prosecute suspect,
4585532f134df71eac5dce7f38a7da1636dba52e21df864070ee0169b12173a7,2024-09,South Wales Police,South Wales Police,-3.377971,51.759268,On or near Hawthorn Avenue,W01001301,Merthyr Tydfil 008C,Violence and sexual offences,Unable to prosecute suspect,
c34faa856e73bee177529de9d4dd56172b1ea29f86f322f7bc3b088f0c125a01,2024-09,South Wales Police,South Wales Police,-3.377971,51.759268,On or near Hawthorn Avenue,W01001301,Merthyr Tydfil 008C,Violence and sexual offences,Unable to prosecute suspect,
1ff4b6cadfa5a2ab93d209767cba5e32405b207d3a72a189f6616072ac70657a,2024-09,South Wales Police,South Wales Police,-3.377046,51.762183,On or near Beech Grove,W01001301,Merthyr Tydfil 008C,Violence and sexual offences,Unable to prosecute suspect,
404ecec1ab369aaec88f1b69e0ea43440d4787a8be01fc373b1bb4fd83c2ce0f,2024-09,South Wales Police,South Wales Police,-3.377971,51.759268,On or near Hawthorn Avenue,W01001301,Merthyr Tydfil 008C,Violence and sexual offences,Unable to prosecute suspect,
f2a866d26065300c3dae4a3d814417f0dd2eac1a5a5d22eb432274c8765e03a8,2024-09,South Wales Police,South Wales Police,-3.383191,51.759369,On or near Cedar Way,W01001301,Merthyr Tydfil 008C,Violence and sexual offences,Unable to prosecute suspect,
591302dbbb922be09e3e443f2dd092fb4f2daac66bf10bbbd58c20be9f1dfec6,2024-09,South Wales Police,South Wales Police,-3.379819,51.758554,On or near Lime Grove,W01001301,Merthyr Tydfil 008C,Other crime,Unable to prosecute suspect,
9e231cc02e7a4de6bfdb8ab3ec1c7596af2cafb71f25b1986a3f19eb8cddc02e,2024-09,South Wales Police,South Wales Police,-3.375407,51.763075,On or near Second Avenue,W01001308,Merthyr Tydfil 008D,Criminal damage and arson,Unable to prosecute suspect,
f7dee783e18a23fafb0d387ddaabd8e5c358d2f704d13b9c9900b7374bfaba40,2024-09,South Wales Police,South Wales Police,-3.370297,51.765175,On or near Eleventh Avenue,W01001308,Merthyr Tydfil 008D,Other theft,Investigation complete; no suspect identified,
751a60c55734beee487a4de2efc31dd7245761298a3a3f5c858e82df0b6b3a4b,2024-09,South Wales Police,South Wales Police,-3.372424,51.766023,On or near Eighth Avenue,W01001308,Merthyr Tydfil 008D,Public order,Investigation complete; no suspect identified,
1852c1f9cfa591bc0e48d4253f4ff279cabf51c001d830bf995caf3fe55430bc,2024-09,South Wales Police,South Wales Police,-3.373528,51.763735,On or near Fifth Avenue,W01001308,Merthyr Tydfil 008D,Robbery,Under investigation,
72dd227d601bdd94aca37532905cd0778006db051849fe9f15efc65cf735b1e3,2024-09,South Wales Police,South Wales Police,-3.370823,51.766743,On or near A465,W01001308,Merthyr Tydfil 008D,Vehicle crime,Unable to prosecute suspect,
5ef0e34f8cc1d7409ad6b95ebdc8febf20ba8d6fd4f64eb1ae8c8159daa60669,2024-09,South Wales Police,South Wales Police,-3.374239,51.763268,On or near Fourth Avenue,W01001308,Merthyr Tydfil 008D,Violence and sexual offences,Unable to prosecute suspect,
c2d880d2b2fc54c1c2926fabad626a9d679614a74ad085f1ee3e8c325281acfb,2024-09,South Wales Police,South Wales Police,-3.374795,51.763468,On or near Third Avenue,W01001308,Merthyr Tydfil 008D,Violence and sexual offences,Unable to prosecute suspect,
e19f7dc7c3a6d75938e4bf10b2b366fce33176292666c3e5730ff34027ef1939,2024-09,South Wales Police,South Wales Police,-3.374795,51.763468,On or near Third Avenue,W01001308,Merthyr Tydfil 008D,Other crime,Unable to prosecute suspect,
5686e2eb28faadc7e90833942bf9112826e3974618fb63d2eadc38c24aa42012,2024-09,South Wales Police,South Wales Police,-3.368526,51.762193,On or near Hillcrest,W01001309,Merthyr Tydfil 008E,Burglary,Under investigation,
3d51585191a63dd84355caf004a519b07a4063ecfe583f9e1ff254887d5bb782,2024-09,South Wales Police,South Wales Police,-3.370102,51.763029,On or near Tenth Avenue,W01001309,Merthyr Tydfil 008E,Criminal damage and arson,Investigation complete; no suspect identified,
23f274ccb06b91155abc85dd65edb72665cb917ce89087c4340e113f9fbe7a8d,2024-09,South Wales Police,South Wales Police,-3.368526,51.762193,On or near Hillcrest,W01001309,Merthyr Tydfil 008E,Public order,Investigation complete; no suspect identified,
0441074afccce2359a2e14bfaf343181065cbb2cc6d20c51217fcd29bbca43ef,2024-09,South Wales Police,South Wales Police,-3.367508,51.764965,On or near Mitchell Crescent,W01001309,Merthyr Tydfil 008E,Vehicle crime,Unable to prosecute suspect,
b9cff65c3aa78b4483c32f1fde15cb384fa5db1f5dceff416e409691bb199f5a,2024-09,South Wales Police,South Wales Police,-3.367238,51.760329,On or near Garden City,W01001309,Merthyr Tydfil 008E,Violence and sexual offences,Unable to prosecute suspect,
0dd222307adf3b0558443228c807832f7ae8ce577bf78171f2b33cdc51f8e129,2024-09,South Wales Police,South Wales Police,-3.385605,51.777171,On or near Parking Area,W01001898,Merthyr Tydfil 008F,Criminal damage and arson,Unable to prosecute suspect,
07fbf17e5da5a9312d668bcefe59d958530bfe33320407de10211db01369ef37,2024-09,South Wales Police,South Wales Police,-3.385605,51.777171,On or near Parking Area,W01001898,Merthyr Tydfil 008F,Criminal damage and arson,Under investigation,
177629263dbec2eeced2f1011e8511b6c915aadfddb7cd08f005101667ba1efb,2024-09,South Wales Police,South Wales Police,-3.398136,51.771780,On or near Poplar Place,W01001898,Merthyr Tydfil 008F,Other theft,Under investigation,
488b4423865f150e67218db77339a803556d8a4c8cd82975b3f460b97a4e2419,2024-09,South Wales Police,South Wales Police,-3.398554,51.769824,On or near The Green,W01001898,Merthyr Tydfil 008F,Shoplifting,Awaiting court outcome,
d72457b211ed9e9ed34faef6273b679231f68cbc714c986c0bc543eb27b40964,2024-09,South Wales Police,South Wales Police,-3.366699,51.796211,On or near Parking Area,W01001898,Merthyr Tydfil 008F,Violence and sexual offences,Unable to prosecute suspect,
45de6e8ba39bf5a0804c7a11f71fb200aed6def420b1e51f4e260dfff603c108,2024-09,South Wales Police,South Wales Police,-3.399423,51.769337,On or near Laburnum Lane,W01001898,Merthyr Tydfil 008F,Violence and sexual offences,Unable to prosecute suspect,
1c4964bfa24f7e19c8a6da1f5ddfc5799812b228b1871391b1d71998ea2c299b,2024-09,South Wales Police,South Wales Police,-3.395973,51.771662,On or near Linden Way,W01001898,Merthyr Tydfil 008F,Other crime,Under investigation,
,2024-09,South Wales Police,South Wales Police,-3.752048,51.740033,On or near Treforgan Road,W01000918,Neath Port Talbot 002A,Anti-social behaviour,,
848a4dfb9c49dda37be9a257c5f844e5dcf94ace0e69da1be7abe235786dad31,2024-09,South Wales Police,South Wales Police,-3.747940,51.742046,On or near Alderwood Close,W01000918,Neath Port Talbot 002A,Public order,Unable to prosecute suspect,
83e6be61a078414d29b0d88d5ce2156bbccdc65a1a79a972412cea0fe88f89b2,2024-09,South Wales Police,South Wales Police,-3.749456,51.729920,On or near Woodland Road,W01000918,Neath Port Talbot 002A,Public order,Unable to prosecute suspect,
43fa31e14a1b32b3f527d552022782a587b143b5a023989dce09f41ddd23bda1,2024-09,South Wales Police,South Wales Police,-3.747273,51.729647,On or near Station Road,W01000918,Neath Port Talbot 002A,Violence and sexual offences,Under investigation,
bb0b37bead024e75d92440e0f81f36808a4649c6c3e7dba7a31fd14d631ecf32,2024-09,South Wales Police,South Wales Police,-3.747218,51.732714,On or near School Road,W01000918,Neath Port Talbot 002A,Violence and sexual offences,Under investigation,
769d5e062c20024575b958202deb77d80e9bd66ffa36eb1113f8d9540c276bc6,2024-09,South Wales Police,South Wales Police,-3.747682,51.734244,On or near Heol Y Berllan,W01000918,Neath Port Talbot 002A,Violence and sexual offences,Investigation complete; no suspect identified,
3e0c9f8b6e298c24ef7c3d6a92b69ee4d6025bfa67697eb6abcfe2c27011dbd7,2024-09,South Wales Police,South Wales Police,-3.746217,51.730049,On or near Llwynon,W01000918,Neath Port Talbot 002A,Violence and sexual offences,Unable to prosecute suspect,
05eab712cb9f05b51484df7baed0b2415c64e29e180b93e3f9a2a1c6652f2008,2024-09,South Wales Police,South Wales Police,-3.746217,51.730049,On or near Llwynon,W01000918,Neath Port Talbot 002A,Violence and sexual offences,Unable to prosecute suspect,
8973925f3039a75da1f87f4c2af40d864db94b0d42e211e01d0f99dcdc424c45,2024-09,South Wales Police,South Wales Police,-3.659464,51.772723,On or near Roman Road,W01000944,Neath Port Talbot 002B,Criminal damage and arson,Investigation complete; no suspect identified,
2d53cb449563a311eee58f21fee6a5f28a8e7b3de11cfca6718f58d4bf48e570,2024-09,South Wales Police,South Wales Police,-3.681606,51.778838,On or near Onllwyn Road,W01000944,Neath Port Talbot 002B,Criminal damage and arson,Unable to prosecute suspect,
e00c61a76671ad8f9b5032f53652778502a07d3c7924d9b684a09a6d8bcd36ec,2024-09,South Wales Police,South Wales Police,-3.659464,51.772723,On or near Roman Road,W01000944,Neath Port Talbot 002B,Public order,Unable to prosecute suspect,
5af87d91523bbf4ac7e182563b991386eb2e8923429911c48ac12991f946c584,2024-09,South Wales Police,South Wales Police,-3.676244,51.779661,On or near Wembley Avenue,W01000944,Neath Port Talbot 002B,Violence and sexual offences,Under investigation,
21d1efb7171976e0378d49ed8bef799b55febb45b12dd46099c3680f8d21e6a3,2024-09,South Wales Police,South Wales Police,-3.664180,51.778789,On or near Heol Gaer,W01000944,Neath Port Talbot 002B,Violence and sexual offences,Unable to prosecute suspect,
,2024-09,South Wales Police,South Wales Police,-3.715775,51.765881,On or near Heol Eglwys,W01000965,Neath Port Talbot 002C,Anti-social behaviour,,
789bf66bc421970fbe30fb762a30eb2d0a6fe80d9d925f208c709b382b0e9026,2024-09,South Wales Police,South Wales Police,-3.711285,51.764022,On or near Heol Hen,W01000965,Neath Port Talbot 002C,Public order,Unable to prosecute suspect,
ceebb6f568c5ff1b87fe1523adc192ada75c98f9ab709a702060c1488b39ede0,2024-09,South Wales Police,South Wales Police,-3.718101,51.764930,On or near Bryndulais Avenue,W01000965,Neath Port Talbot 002C,Public order,Unable to prosecute suspect,
8b561c9f8c620ff8606759ec69037c4020e63a11131878f762dbc551e87a9028,2024-09,South Wales Police,South Wales Police,-3.718101,51.764930,On or near Bryndulais Avenue,W01000965,Neath Port Talbot 002C,Public order,Unable to prosecute suspect,
f1fb05f6a926e1b9be87b498f9ff8b677a2fd80115803c007de17bac3fe96f27,2024-09,South Wales Police,South Wales Police,-3.711285,51.764022,On or near Heol Hen,W01000965,Neath Port Talbot 002C,Public order,Unable to prosecute suspect,
61e32e34023e150a8337a18c6e5f140dea2e62180fecafa216471511388c1fe1,2024-09,South Wales Police,South Wales Police,-3.714991,51.765065,On or near Martyn'S Avenue,W01000965,Neath Port Talbot 002C,Violence and sexual offences,Unable to prosecute suspect,
e622587861d1e3052530957d081c24c08cfa6b52c95377822617c4e6641e117d,2024-09,South Wales Police,South Wales Police,-3.712700,51.764667,On or near Pen-Y-Banc,W01000965,Neath Port Talbot 002C,Violence and sexual offences,Unable to prosecute suspect,
0aab3084159866df4578cd9c1a02229d576567ffd7117f30f2274dbb97b6af71,2024-09,South Wales Police,South Wales Police,-3.711285,51.764022,On or near Heol Hen,W01000965,Neath Port Talbot 002C,Violence and sexual offences,Unable to prosecute suspect,
20443ad3c6e024b5297ebce7a12c5e920ae0175e0006db8e400dd48cbfc6d00b,2024-09,South Wales Police,South Wales Police,-3.724161,51.754348,On or near Brynteg,W01000965,Neath Port Talbot 002C,Violence and sexual offences,Unable to prosecute suspect,
7c141e84946c2a459fc8dbc54e8e8a7ac5f79538421106ea0802ea22018bbe20,2024-09,South Wales Police,South Wales Police,-3.711285,51.764022,On or near Heol Hen,W01000965,Neath Port Talbot 002C,Violence and sexual offences,Unable to prosecute suspect,
d82a924973ac092f67dee60190becea845c6869ad4c914e9decec8ec7e7d73d4,2024-09,South Wales Police,South Wales Police,-3.633331,51.740620,On or near Godfrey Avenue,W01000893,Neath Port Talbot 003A,Other theft,Investigation complete; no suspect identified,
5c59cb4756495ce7a2ba37923fc2febdee0a881d8e07f545404bc66ffe71b5a6,2024-09,South Wales Police,South Wales Police,-3.633557,51.742469,On or near Chain Walk,W01000893,Neath Port Talbot 003A,Public order,Under investigation,
1b1b2b2a3d60c6f64130e338d4b67b013ee0e2c5544de26ac2a8ca5365b14272,2024-09,South Wales Police,South Wales Police,-3.633557,51.742469,On or near Chain Walk,W01000893,Neath Port Talbot 003A,Public order,Unable to prosecute suspect,
df8433cac36bb71bfbd6cfdf42202aeec2744c7f49b0725aa9448ee6668ac823,2024-09,South Wales Police,South Wales Police,-3.632415,51.742143,On or near Avon Street,W01000893,Neath Port Talbot 003A,Violence and sexual offences,Under investigation,
210d62777c912f31c6ea43275a9074701ed4b6822ed7e15e63e5ca4e8f5ad3cf,2024-09,South Wales Police,South Wales Police,-3.640191,51.733277,On or near Glannant Place,W01000893,Neath Port Talbot 003A,Violence and sexual offences,Unable to prosecute suspect,
b84fb78d6ca5e3e0a033d74288cd0f7c2a2e1cce610acda5ec3ef8def0db0ffa,2024-09,South Wales Police,South Wales Police,-3.632415,51.742143,On or near Avon Street,W01000893,Neath Port Talbot 003A,Violence and sexual offences,Unable to prosecute suspect,
cf45005c6211590f0bb073fa61156b4599144f5a5562e1bb4d678d59ff2efb3b,2024-09,South Wales Police,South Wales Police,-3.632415,51.742143,On or near Avon Street,W01000893,Neath Port Talbot 003A,Violence and sexual offences,Unable to prosecute suspect,
6a8cd7a6bcba774a4ad35a8610d5f31b0e15226f492eafa2cbd0151fa1fccddb,2024-09,South Wales Police,South Wales Police,-3.633557,51.742469,On or near Chain Walk,W01000893,Neath Port Talbot 003A,Violence and sexual offences,Unable to prosecute suspect,
7672fd13ff0a48bc42586de8f85fd6928a68605b71612e864436cdc8b5d1afc7,2024-09,South Wales Police,South Wales Police,-3.636021,51.741302,On or near Maes-Y-Dre,W01000893,Neath Port Talbot 003A,Violence and sexual offences,Unable to prosecute suspect,
6520d4701b0dd124ecdb43c0ef8e7f90ab84ff22659810061ac8d8f85bc58da3,2024-09,South Wales Police,South Wales Police,-3.639725,51.735594,On or near High Street,W01000893,Neath Port Talbot 003A,Violence and sexual offences,Unable to prosecute suspect,
6cd9343243309724c90b61693d22d9ad8f44899a4259eea96b49b57957f2dfe6,2024-09,South Wales Police,South Wales Police,-3.633331,51.740620,On or near Godfrey Avenue,W01000893,Neath Port Talbot 003A,Other crime,Unable to prosecute suspect,
,2024-09,South Wales Police,South Wales Police,-3.634369,51.744903,On or near Coed Y Pergwm,W01000925,Neath Port Talbot 003B,Anti-social behaviour,,
,2024-09,South Wales Police,South Wales Police,-3.636761,51.743755,On or near Maes-Yr-Eglwys,W01000925,Neath Port Talbot 003B,Anti-social behaviour,,
f4b7451a98e682f71d7777a7b1a3ac90c1e464de82162b41481e799056da512a,2024-09,South Wales Police,South Wales Police,-3.629952,51.745342,On or near Whitefield Close,W01000925,Neath Port Talbot 003B,Other theft,Investigation complete; no suspect identified,
7cbb49088bada7cd43bdace18b24f15966302214253b60d4109a1130371e1cdc,2024-09,South Wales Police,South Wales Police,-3.626600,51.745164,On or near Park Avenue,W01000925,Neath Port Talbot 003B,Public order,Investigation complete; no suspect identified,
e8a3c4f753303f1b1e50a7241171d615ec27fb8f89399cf35fb51393018ac7f3,2024-09,South Wales Police,South Wales Police,-3.634369,51.744903,On or near Coed Y Pergwm,W01000925,Neath Port Talbot 003B,Public order,Investigation complete; no suspect identified,
1071d211d47063ee19fb5ae5398292937aa1dbc5515579010f9c1a10ecc146b1,2024-09,South Wales Police,South Wales Police,-3.636761,51.743755,On or near Maes-Yr-Eglwys,W01000925,Neath Port Talbot 003B,Violence and sexual offences,Unable to prosecute suspect,
f24af5e7864a8e3ac7c87a9314bec84935bbffdb3f4998e5b132a30d383fe389,2024-09,South Wales Police,South Wales Police,-3.631876,51.746476,On or near Min-Y-Coed,W01000925,Neath Port Talbot 003B,Other crime,Under investigation,
,2024-09,South Wales Police,South Wales Police,-3.621801,51.748279,On or near Heath Field Court,W01000926,Neath Port Talbot 003C,Anti-social behaviour,,
,2024-09,South Wales Police,South Wales Police,-3.617824,51.749287,On or near Woodland Park,W01000926,Neath Port Talbot 003C,Anti-social behaviour,,
d9ac05864ce6e853ba72f471aff2baade9eea7de0a8eae00e35570a279dba622,2024-09,South Wales Police,South Wales Police,-3.623545,51.745620,On or near Gellidawel Road,W01000926,Neath Port Talbot 003C,Criminal damage and arson,Investigation complete; no suspect identified,
0f24b4a1f0ce44688199dd0d6d10df878e57bd59734a1a5cf26b2c3ed993b563,2024-09,South Wales Police,South Wales Police,-3.620589,51.745175,On or near Canal Place,W01000926,Neath Port Talbot 003C,Criminal damage and arson,Investigation complete; no suspect identified,
42855e6c15e6dc4b94a48ea73a91fbb950899775f69db500023af6c711601b60,2024-09,South Wales Police,South Wales Police,-3.620589,51.745175,On or near Canal Place,W01000926,Neath Port Talbot 003C,Public order,Investigation complete; no suspect identified,
b5642343685be47987d8b77d619e87918bfbf33b34b6abf7c612308ee0369a70,2024-09,South Wales Police,South Wales Police,-3.615233,51.750959,On or near A4109,W01000926,Neath Port Talbot 003C,Violence and sexual offences,Unable to prosecute suspect,
393ff543e794e853020d8c93f410b26f1f9c19230b2fba4b22b2c38e13f2529e,2024-09,South Wales Police,South Wales Police,-3.619232,51.746525,On or near High Street,W01000926,Neath Port Talbot 003C,Violence and sexual offences,Unable to prosecute suspect,
,2024-09,South Wales Police,South Wales Police,-3.845315,51.716664,On or near Bryn Golau,W01000888,Neath Port Talbot 004A,Anti-social behaviour,,
,2024-09,South Wales Police,South Wales Police,-3.851465,51.711649,On or near Heol Phillip,W01000888,Neath Port Talbot 004A,Anti-social behaviour,,
d30393dea8265cc84a3aa9af075cbbd5fe24daa098a6383a2f856429d82edac8,2024-09,South Wales Police,South Wales Police,-3.842146,51.717775,On or near Dyffryn Road,W01000888,Neath Port Talbot 004A,Drugs,Awaiting court outcome,
8d66dc3eaec27417aa1ed2423f0089e68c0f0a456d78b65b42aee904341a34cb,2024-09,South Wales Police,South Wales Police,-3.848404,51.715024,On or near Heol Glanllechau,W01000888,Neath Port Talbot 004A,Other theft,Investigation complete; no suspect identified,
7de292f7580062aa1379058d659dffa043f49aa89449df2b0707197196e8d981,2024-09,South Wales Police,South Wales Police,-3.848404,51.715024,On or near Heol Glanllechau,W01000888,Neath Port Talbot 004A,Public order,Investigation complete; no suspect identified,
fa3594d8d8334569c287eb3ea8e4c1b05550b50883c1137219f6ffc6a8d42f7c,2024-09,South Wales Police,South Wales Police,-3.845251,51.715820,On or near Gwyn Allt Close,W01000888,Neath Port Talbot 004A,Public order,Under investigation,
b188b3ba20bd47615d04d4b8e8872ddf886e8275a7a4c7e46b6910e8100c9902,2024-09,South Wales Police,South Wales Police,-3.838344,51.720397,On or near Graig Road,W01000888,Neath Port Talbot 004A,Public order,Offender given a caution,
bfb92054a10f8b4b5cbcc031675fdb7aa31a988c64abbcb12c8eecc8079249b0,2024-09,South Wales Police,South Wales Police,-3.845315,51.716664,On or near Bryn Golau,W01000888,Neath Port Talbot 004A,Violence and sexual offences,Unable to prosecute suspect,
572de5c07a886d18c175f3dd6ef8208d0550117ad09255d74d67d70b9e41b359,2024-09,South Wales Police,South Wales Police,-3.849265,51.712718,On or near Gwyn Street,W01000888,Neath Port Talbot 004A,Violence and sexual offences,Unable to prosecute suspect,
a8a831719d2c69bcc832e68adcbc9dc171831e3f152d7f800b1c18b856f16049,2024-09,South Wales Police,South Wales Police,-3.837901,51.723048,On or near Clos Gelli Wen,W01000888,Neath Port Talbot 004A,Violence and sexual offences,Unable to prosecute suspect,
,2024-09,South Wales Police,South Wales Police,-3.842857,51.724268,On or near Sports/Recreation Area,W01000946,Neath Port Talbot 004B,Anti-social behaviour,,
3c3e2fa136e6acc5489b6c3e348b111c64a80e486aadab555f774132dc7525d2,2024-09,South Wales Police,South Wales Police,-3.840661,51.727897,On or near Leyshon Road,W01000946,Neath Port Talbot 004B,Criminal damage and arson,Unable to prosecute suspect,
b69ea5872127c8a6b59b410de4e620af9a2d2a464dbb54d47ad4004547859fed,2024-09,South Wales Police,South Wales Police,-3.842090,51.727443,On or near Davies Road,W01000946,Neath Port Talbot 004B,Other theft,Under investigation,
a9098d6f32d6ed3ddb5470ef33d32f45ad2cdd2dbdc2ae733653569f486abb5c,2024-09,South Wales Police,South Wales Police,-3.842090,51.727443,On or near Davies Road,W01000946,Neath Port Talbot 004B,Other theft,Investigation complete; no suspect identified,
fed71ec47f6a83821138ed07940f598336cd735bd5da132467ae1e045eb8e9d6,2024-09,South Wales Police,South Wales Police,-3.842090,51.727443,On or near Davies Road,W01000946,Neath Port Talbot 004B,Public order,Unable to prosecute suspect,
d62048f364e7f3a3e01424c8796e4a3d40a9fe850b37920054c67f9a6dc06073,2024-09,South Wales Police,South Wales Police,-3.842090,51.727443,On or near Davies Road,W01000946,Neath Port Talbot 004B,Violence and sexual offences,Unable to prosecute suspect,
3489e3fa93316c4d2217e96d36e67f102080903464972095a44a59cbba04ed47,2024-09,South Wales Police,South Wales Police,-3.836923,51.732146,On or near Heol Las,W01000946,Neath Port Talbot 004B,Violence and sexual offences,Under investigation,
cc0b4ed210122f998321412bf34ce9f66e5261217df4b0612f39e9e05628f806,2024-09,South Wales Police,South Wales Police,-3.826206,51.737150,On or near Clos Nant Ddu,W01000946,Neath Port Talbot 004B,Violence and sexual offences,Investigation complete; no suspect identified,
,2024-09,South Wales Police,South Wales Police,-3.858937,51.727240,On or near Cefnllan Road,W01000947,Neath Port Talbot 004C,Anti-social behaviour,,
,2024-09,South Wales Police,South Wales Police,-3.859330,51.731523,On or near Cwrt Y Waun,W01000947,Neath Port Talbot 004C,Anti-social behaviour,,
,2024-09,South Wales Police,South Wales Police,-3.857372,51.728632,On or near Derwen Deg,W01000947,Neath Port Talbot 004C,Anti-social behaviour,,
,2024-09,South Wales Police,South Wales Police,-3.860198,51.731168,On or near Tal Y Fro,W01000947,Neath Port Talbot 004C,Anti-social behaviour,,
,2024-09,South Wales Police,South Wales Police,-3.861277,51.730989,On or near Cysgod-Y-Fro,W01000947,Neath Port Talbot 004C,Anti-social behaviour,,
,2024-09,South Wales Police,South Wales Police,-3.861277,51.730989,On or near Cysgod-Y-Fro,W01000947,Neath Port Talbot 004C,Anti-social behaviour,,
,2024-09,South Wales Police,South Wales Police,-3.861277,51.730989,On or near Cysgod-Y-Fro,W01000947,Neath Port Talbot 004C,Anti-social behaviour,,
,2024-09,South Wales Police,South Wales Police,-3.858937,51.727240,On or near Cefnllan Road,W01000947,Neath Port Talbot 004C,Anti-social behaviour,,
1d4f44b5af3beb4378b4d41b3debf82cb7339bb51df01ec888b3ba3ec09b9798,2024-09,South Wales Police,South Wales Police,-3.857294,51.727797,On or near Gellidderw,W01000947,Neath Port Talbot 004C,Public order,Unable to prosecute suspect,
1f3c0427e7a629044444d1921e40c443fbe8bf2ea59fa73f7030182fe41f08f3,2024-09,South Wales Police,South Wales Police,-3.856852,51.729027,On or near Ael-Y-Fro,W01000947,Neath Port Talbot 004C,Violence and sexual offences,Unable to prosecute suspect,
c53e13582abcf7f400866ef9a607dfe8dabdeac0fd8ec3737667cb881bcdbd22,2024-09,South Wales Police,South Wales Police,-3.858271,51.729004,On or near Gelliderw,W01000947,Neath Port Talbot 004C,Violence and sexual offences,Under investigation,
556851b394dce81f3cb7ee8b471b011c256cce44a11b2311fac9b9a08a07e3c5,2024-09,South Wales Police,South Wales Police,-3.858937,51.727240,On or near Cefnllan Road,W01000947,Neath Port Talbot 004C,Violence and sexual offences,Unable to prosecute suspect,
96753add1ea945d6aee3877b2fdbdce30018eb150ee416303702a503850adda5,2024-09,South Wales Police,South Wales Police,-3.855337,51.725616,On or near East Crossways,W01000947,Neath Port Talbot 004C,Violence and sexual offences,Unable to prosecute suspect,
bba769d7174af9b2a635651c799f772ecb4772b6995dfd883c4926379148a84a,2024-09,South Wales Police,South Wales Police,-3.858232,51.731235,On or near Allt-Y-Waun,W01000947,Neath Port Talbot 004C,Violence and sexual offences,Unable to prosecute suspect,
80715c49784a711585b3a9686c903dd532e5eb666cbec685ef30005607e02230,2024-09,South Wales Police,South Wales Police,-3.860706,51.727671,On or near Gelligron Road,W01000947,Neath Port Talbot 004C,Violence and sexual offences,Unable to prosecute suspect,
36a6a84506d3d39cd3aebc08523b467b252129ce090fc3ed4cacbfa385655dad,2024-09,South Wales Police,South Wales Police,-3.858680,51.728045,On or near Londeg,W01000947,Neath Port Talbot 004C,Other crime,Unable to prosecute suspect,
ccaa3640463ccd24774ecd913459076e12c85201a136cff845f5b3b13756952f,2024-09,South Wales Police,South Wales Police,-3.850500,51.723830,On or near Brynawel,W01000948,Neath Port Talbot 004D,Criminal damage and arson,Investigation complete; no suspect identified,
f9194938fc186b0cee23d142a1dcbd491c033e1e63b2617af001730fe490f007,2024-09,South Wales Police,South Wales Police,-3.848778,51.721717,On or near Thomas Street,W01000948,Neath Port Talbot 004D,Drugs,Under investigation,
3b97bcf8b0f2704a003267d680cf9e5d4d72906a0860f0f6ef8748e97d690e62,2024-09,South Wales Police,South Wales Police,-3.856276,51.722373,On or near Maes Iago,W01000948,Neath Port Talbot 004D,Public order,Investigation complete; no suspect identified,
72373587f2ced2360ce0bf4f4f1278dd602ba9a72f88072ab29d8596fe15a868,2024-09,South Wales Police,South Wales Police,-3.854393,51.720235,On or near Wesley Terrace,W01000948,Neath Port Talbot 004D,Vehicle crime,Unable to prosecute suspect,
67fadd8a43f1a68e18c1fdb576d2dcd0c501d6188cb8f2e322a98f181b79b584,2024-09,South Wales Police,South Wales Police,-3.855484,51.715407,On or near Sports/Recreation Area,W01000948,Neath Port Talbot 004D,Violence and sexual offences,Unable to prosecute suspect,
0d2e07b1d2595f0aaaacae2bf33369d3cec962301f88853c5f6ec84a94eb60f0,2024-09,South Wales Police,South Wales Police,-3.855484,51.715407,On or near Sports/Recreation Area,W01000948,Neath Port Talbot 004D,Violence and sexual offences,Under investigation,
b15c79707840207f7ff3e9f4bae1cbf14857b70624f717992f51702b97e31d3f,2024-09,South Wales Police,South Wales Police,-3.855484,51.715407,On or near Sports/Recreation Area,W01000948,Neath Port Talbot 004D,Violence and sexual offences,Under investigation,
b63cadc3fa85cd2a8478a35c4f2c3042696a9aedaa7c19bf28b92396741e6547,2024-09,South Wales Police,South Wales Police,-3.854393,51.720235,On or near Wesley Terrace,W01000948,Neath Port Talbot 004D,Violence and sexual offences,Under investigation,
6b4c564538877d1404a0db6cd7dcb4d4b5934ab4e02e9901ce2e9b96efc87165,2024-09,South Wales Police,South Wales Police,-3.855484,51.715407,On or near Sports/Recreation Area,W01000948,Neath Port Talbot 004D,Violence and sexual offences,Unable to prosecute suspect,
b0ce0fc29a81c8aa14ae41ec22c802fe1b6ec5031d4d1961fa60bf31d7993790,2024-09,South Wales Police,South Wales Police,-3.852196,51.720692,On or near Parking Area,W01000948,Neath Port Talbot 004D,Violence and sexual offences,Under investigation,
7f4434fbe2ea964b9da5c2249e99d60dd20b9de0b6847d0ad6412d3a4946b577,2024-09,South Wales Police,South Wales Police,-3.848778,51.721717,On or near Thomas Street,W01000948,Neath Port Talbot 004D,Violence and sexual offences,Unable to prosecute suspect,
813e445080c4ed01704c9f443fa9c5fba3f9758ab061cb3c620a449713b28ddc,2024-09,South Wales Police,South Wales Police,-3.851859,51.717748,On or near Ffordd Parc Ynysderw,W01000948,Neath Port Talbot 004D,Violence and sexual offences,Unable to prosecute suspect,
4d0e60a62e546e3abff67264264397acd4687a4382661a8dc14f22941c14d147,2024-09,South Wales Police,South Wales Police,-3.848778,51.721717,On or near Thomas Street,W01000948,Neath Port Talbot 004D,Violence and sexual offences,Unable to prosecute suspect,
7e02b355bb3b19f29f192cc3c7c1041a508035a367007e2032c37253c717096e,2024-09,South Wales Police,South Wales Police,-3.855484,51.715407,On or near Sports/Recreation Area,W01000948,Neath Port Talbot 004D,Violence and sexual offences,Unable to prosecute suspect,
17a9ecd3d5a9c4905ed511858888f393240b711023de990115dfdb430f4afd8a,2024-09,South Wales Police,South Wales Police,-3.851650,51.720422,On or near Orchard Street,W01000948,Neath Port Talbot 004D,Violence and sexual offences,Unable to prosecute suspect,
7e73f64b114749bda8544c3fdcb2ea331637a9120ffd9f4a886aa4876680cdb3,2024-09,South Wales Police,South Wales Police,-3.852938,51.723954,On or near Rodfa Alltacham,W01000948,Neath Port Talbot 004D,Violence and sexual offences,Under investigation,
101d52a1515aa4d889d00a9c01ca559711ddfa57d9dc634d3746b876aa357765,2024-09,South Wales Police,South Wales Police,-3.824776,51.714234,On or near March Hywel,W01000955,Neath Port Talbot 004E,Burglary,Investigation complete; no suspect identified,
bae52d78e0d530c9d59ad84c45b6cbe80c7db1604eb4fd4b954baa7d82a6bd86,2024-09,South Wales Police,South Wales Police,-3.828706,51.714406,On or near Heol Alfred Wallace,W01000955,Neath Port Talbot 004E,Criminal damage and arson,Investigation complete; no suspect identified,
ca9325f1eb831095a3ec55878a9b774a55194086457a73abf8c97de8cc891690,2024-09,South Wales Police,South Wales Police,-3.830446,51.714487,On or near Heol Cynfeli,W01000955,Neath Port Talbot 004E,Criminal damage and arson,Offender given a caution,
7be3dc71906551f7bdc15ca01302a4eac5a51a42fa079492f9a78da376683eb6,2024-09,South Wales Police,South Wales Police,-3.829251,51.712491,On or near Heol-Y-Nant,W01000955,Neath Port Talbot 004E,Violence and sexual offences,Unable to prosecute suspect,
d7e13c204a7f310655152fe1aaaa2643348cce47814d2b2f365102d7f0bce6ab,2024-09,South Wales Police,South Wales Police,-3.829251,51.712491,On or near Heol-Y-Nant,W01000955,Neath Port Talbot 004E,Violence and sexual offences,Unable to prosecute suspect,
7de959aa73e2bc370e7e8ca406b095862c4397cb46d6348c438c1bd0511d2def,2024-09,South Wales Police,South Wales Police,-3.829251,51.712491,On or near Heol-Y-Nant,W01000955,Neath Port Talbot 004E,Violence and sexual offences,Unable to prosecute suspect,
d88e542e9bd243ee92a506a593572acb4ac7b6b343525feff1325898134fff35,2024-09,South Wales Police,South Wales Police,-3.829251,51.712491,On or near Heol-Y-Nant,W01000955,Neath Port Talbot 004E,Violence and sexual offences,Unable to prosecute suspect,
,2024-09,South Wales Police,South Wales Police,-3.832719,51.714488,On or near Corner Meadow,W01000956,Neath Port Talbot 004F,Anti-social behaviour,,
480bd7545a1b06abc7d422a81e4d212737d3f5f3384dc7521f364c1304afa674,2024-09,South Wales Police,South Wales Police,-3.825773,51.711332,On or near Neath Road,W01000956,Neath Port Talbot 004F,Violence and sexual offences,Unable to prosecute suspect,
,2024-09,South Wales Police,South Wales Police,-3.865556,51.711821,On or near The Drive,W01000971,Neath Port Talbot 004G,Anti-social behaviour,,
73163943e150e8573138238674af354a07038ce7bc251cb7abcdee3a5eb05b20,2024-09,South Wales Police,South Wales Police,-3.870695,51.706920,On or near Clos Pentyle,W01000971,Neath Port Talbot 004G,Criminal damage and arson,Investigation complete; no suspect identified,
2a5c59d46f84069bb6cde19256b83a02b8bb415a0d36c0bbaac1a53b2727d895,2024-09,South Wales Police,South Wales Police,-3.874799,51.703258,On or near Oakwood Drive,W01000971,Neath Port Talbot 004G,Public order,Under investigation,
c4b840386655ee3b17d4635e17dd0d4504af951ccdaa254c8a55402f24d27b9c,2024-09,South Wales Police,South Wales Police,-3.870695,51.706920,On or near Clos Pentyle,W01000971,Neath Port Talbot 004G,Violence and sexual offences,Unable to prosecute suspect,
440b9d41426cfd38df2d5581ccd79422780de8e912e46083bec876deda1346d5,2024-09,South Wales Police,South Wales Police,-3.820824,51.673156,On or near Llwyn Helyg,W01000904,Neath Port Talbot 006C,Criminal damage and arson,Unable to prosecute suspect,
2c03965662130815180a1f078deff655005c69952f135940934c0d145ecfe4be,2024-09,South Wales Police,South Wales Police,-3.825946,51.666736,On or near Taillwyd Road,W01000904,Neath Port Talbot 006C,Violence and sexual offences,Under investigation,
dfa384f9f0c14f174e7d71ae792edcf7b94608bb48a885b087e6b78727f2dfab,2024-09,South Wales Police,South Wales Police,-3.822949,51.671675,On or near Golwg-Y-Mynydd,W01000904,Neath Port Talbot 006C,Violence and sexual offences,Awaiting court outcome,
9bf145e2c64defe3a64215d4c84caf8f84e9607f983e742b8957dcebf0a36baa,2024-09,South Wales Police,South Wales Police,-3.815220,51.672982,On or near Heol Llwyn Celyn,W01000905,Neath Port Talbot 006D,Criminal damage and arson,Investigation complete; no suspect identified,
eb87e543524de68b2c70b7a7517137d8f1a0ee8d614773193f2242f55e40ebe4,2024-09,South Wales Police,South Wales Police,-3.814531,51.671661,On or near Heol Llwynon,W01000905,Neath Port Talbot 006D,Vehicle crime,Investigation complete; no suspect identified,
20b6e4ca684023bb6c82fcea7ce6342bccac627b8dff491f40f1a7ebd24aad99,2024-09,South Wales Police,South Wales Police,-3.815220,51.672982,On or near Heol Llwyn Celyn,W01000905,Neath Port Talbot 006D,Violence and sexual offences,Unable to prosecute suspect,
ce30f7d05e10ef1c5f44731ccf13747eab5c0531a9be6e3f54b955b9aca6d755,2024-09,South Wales Police,South Wales Police,-3.809912,51.673342,On or near Mill Road,W01000905,Neath Port Talbot 006D,Violence and sexual offences,Unable to prosecute suspect,
,2024-09,South Wales Police,South Wales Police,-3.799869,51.673560,On or near Beaconsfield Road,W01000908,Neath Port Talbot 006E,Anti-social behaviour,,
,2024-09,South Wales Police,South Wales Police,-3.800285,51.673113,On or near Glebeland Street,W01000908,Neath Port Talbot 006E,Anti-social behaviour,,
f86317b65fa849080860676bb4d2a762c8734856c7adf5aa9bb19d3d43d192c0,2024-09,South Wales Police,South Wales Police,-3.792728,51.675845,On or near Cadoxton Terrace,W01000908,Neath Port Talbot 006E,Public order,Unable to prosecute suspect,
f5bb8e8378e63e05b9f3f5a232b3d3cf4aa203b73776be249451072112230891,2024-09,South Wales Police,South Wales Police,-3.797049,51.674646,On or near Bryn Catwg,W01000908,Neath Port Talbot 006E,Violence and sexual offences,Unable to prosecute suspect,
53835bc143b965eebb59014742a4bcdb73dc758630adf881387215946ddff64e,2024-09,South Wales Police,South Wales Police,-3.804963,51.670730,On or near Woodlands Park Drive,W01000908,Neath Port Talbot 006E,Violence and sexual offences,Investigation complete; no suspect identified,
338bcde92a1c06ea86923090ede3f5cbb5030e3bc921cb6fc8141bf4b8d88f30,2024-09,South Wales Police,South Wales Police,-3.797049,51.674646,On or near Bryn Catwg,W01000908,Neath Port Talbot 006E,Violence and sexual offences,Unable to prosecute suspect,
ed220250dcba5466dccdbf81ae5f4029bc74960f239db305f8d834cd18c422c1,2024-09,South Wales Police,South Wales Police,-3.799869,51.673560,On or near Beaconsfield Road,W01000908,Neath Port Talbot 006E,Violence and sexual offences,Unable to prosecute suspect,
ac2656de61e4985568ed75d3b6ab90e66fa757f8415f47c6a3a15b1fcbbdf102,2024-09,South Wales Police,South Wales Police,-3.818156,51.689230,On or near Llys Gwynfryn,W01001985,Neath Port Talbot 006F,Public order,Unable to prosecute suspect,
df52f6807eea84295e99fe5779941d59fb3187443797a263cb818ee3288994d0,2024-09,South Wales Police,South Wales Police,-3.818627,51.682577,On or near Supermarket,W01001985,Neath Port Talbot 006F,Shoplifting,Unable to prosecute suspect,
5c4642a6901943bdb65264ad3481530f4bd7bab6f7cd2f05cccf6c4c1eaf998f,2024-09,South Wales Police,South Wales Police,-3.818745,51.687683,On or near Heol Hendre,W01001985,Neath Port Talbot 006F,Violence and sexual offences,Investigation complete; no suspect identified,
7e9dfc40a5ba57e12fcda8baf187b5088e1a748d9016c3c4e6cca9eabf8dec73,2024-09,South Wales Police,South Wales Police,-3.813363,51.671383,On or near Heol-Y-Felin,W01000907,Neath Port Talbot 007B,Criminal damage and arson,Under investigation,
080673c7432ac36f4744170c9fc95553730430dde4c2aecba32867cfb89a6b39,2024-09,South Wales Police,South Wales Police,-3.819656,51.671438,On or near Brwynen Las,W01000907,Neath Port Talbot 007B,Other theft,Unable to prosecute suspect,
a47fe96c1f5899853bf38d175664e96a663ac81c9abd7025824d4ab1f49f89d9,2024-09,South Wales Police,South Wales Police,-3.816778,51.667817,On or near Sports/Recreation Area,W01000907,Neath Port Talbot 007B,Violence and sexual offences,Local resolution,
14cbf747966ddd3f6e36be823ae6b27f2e0c1b1536046f30e614add26608a241,2024-09,South Wales Police,South Wales Police,-3.819941,51.669878,On or near Fair View,W01000907,Neath Port Talbot 007B,Violence and sexual offences,Under investigation,
0fe1566a37492c7614c16d60059e49a2fbaaa2ba19ee5a36be38657f616926ca,2024-09,South Wales Police,South Wales Police,-3.821116,51.669626,On or near Mountain Stream,W01000907,Neath Port Talbot 007B,Violence and sexual offences,Unable to prosecute suspect,
63b959aa003f55532ecb336d4db360573fb1f0b75296d748520ba3acc5b5e3c4,2024-09,South Wales Police,South Wales Police,-3.819065,51.667509,On or near Allt Y Felin,W01000907,Neath Port Talbot 007B,Violence and sexual offences,Unable to prosecute suspect,
,2024-09,South Wales Police,South Wales Police,-3.830310,51.667379,On or near Heol Esgyn,W01000922,Neath Port Talbot 007C,Anti-social behaviour,,
,2024-09,South Wales Police,South Wales Police,-3.833762,51.660815,On or near Terminus Hill,W01000922,Neath Port Talbot 007C,Anti-social behaviour,,
,2024-09,South Wales Police,South Wales Police,-3.830310,51.667379,On or near Heol Esgyn,W01000922,Neath Port Talbot 007C,Anti-social behaviour,,
,2024-09,South Wales Police,South Wales Police,-3.830310,51.667379,On or near Heol Esgyn,W01000922,Neath Port Talbot 007C,Anti-social behaviour,,
,2024-09,South Wales Police,South Wales Police,-3.830310,51.667379,On or near Heol Esgyn,W01000922,Neath Port Talbot 007C,Anti-social behaviour,,
c84b9e9012b82e8ed38bdd529b3c258a9e32825d82dee57e96f6f4fa8e9fcebe,2024-09,South Wales Police,South Wales Police,-3.830310,51.667379,On or near Heol Esgyn,W01000922,Neath Port Talbot 007C,Criminal damage and arson,Awaiting court outcome,
4ae39c5e2f1ead6ef04af59030e7e293194ada63432c73acf2af5082bf3b7881,2024-09,South Wales Police,South Wales Police,-3.830121,51.668785,On or near Tregelles Road,W01000922,Neath Port Talbot 007C,Other theft,Unable to prosecute suspect,
1a827b1a1848479d319f9ad3a101c12c3907ac57e704ecb72d718c97df583b68,2024-09,South Wales Police,South Wales Police,-3.833762,51.660815,On or near Terminus Hill,W01000922,Neath Port Talbot 007C,Other theft,Under investigation,
cbcb1e3caf652a51684ea20381df76a437ec3276714937711a915c8a2bc79cc8,2024-09,South Wales Police,South Wales Police,-3.820799,51.664227,On or near Trahearne Court,W01000922,Neath Port Talbot 007C,Other theft,Investigation complete; no suspect identified,
155080eba18c6d7da5988765ab6f11e76ef135ba4af9e8bc5334c23c6cbf8e0f,2024-09,South Wales Police,South Wales Police,-3.833762,51.660815,On or near Terminus Hill,W01000922,Neath Port Talbot 007C,Public order,Unable to prosecute suspect,
7c56d04c033e6b5ace4c9801d08a717248e29869789648c4df0640140b435d95,2024-09,South Wales Police,South Wales Police,-3.831976,51.662785,On or near Hill Road,W01000922,Neath Port Talbot 007C,Public order,Investigation complete; no suspect identified,
5552804ec7674db93868185709406218ec8e387372233cafdc0dc2510a682633,2024-09,South Wales Police,South Wales Police,-3.827176,51.661358,On or near Monastery Road,W01000922,Neath Port Talbot 007C,Vehicle crime,Investigation complete; no suspect identified,
143300cce7a91a4a45a13c775d5ba90c555de452bc1c352518ac4334f3c7c487,2024-09,South Wales Police,South Wales Police,-3.833762,51.660815,On or near Terminus Hill,W01000922,Neath Port Talbot 007C,Violence and sexual offences,Investigation complete; no suspect identified,
7a9a3b040706f6dbe63eece3ebc9d87635e0aec6c45c2617bc23722ab812392e,2024-09,South Wales Police,South Wales Police,-3.833762,51.660815,On or near Terminus Hill,W01000922,Neath Port Talbot 007C,Violence and sexual offences,Investigation complete; no suspect identified,
69713cb917b75a12af215f3d7ae98d454e268561ced3bbc5711b9691c34619eb,2024-09,South Wales Police,South Wales Police,-3.830121,51.668785,On or near Tregelles Road,W01000922,Neath Port Talbot 007C,Violence and sexual offences,Unable to prosecute suspect,
ecba0de1a2819e983c2fb16d7f34818919c3c2438b4d9e18edbc3df8a3498c4b,2024-09,South Wales Police,South Wales Police,-3.833762,51.660815,On or near Terminus Hill,W01000922,Neath Port Talbot 007C,Violence and sexual offences,Under investigation,
cd96385917e548cbd5be31e7288fb6d512daf41f75d8ac0fd834477dff6cd62c,2024-09,South Wales Police,South Wales Police,-3.830121,51.668785,On or near Tregelles Road,W01000922,Neath Port Talbot 007C,Violence and sexual offences,Unable to prosecute suspect,
,2024-09,South Wales Police,South Wales Police,-3.812905,51.663908,On or near Roman Way,W01001986,Neath Port Talbot 007E,Anti-social behaviour,,
,2024-09,South Wales Police,South Wales Police,-3.828621,51.667810,On or near Heol Longford,W01001986,Neath Port Talbot 007E,Anti-social behaviour,,
,2024-09,South Wales Police,South Wales Police,-3.807697,51.668566,On or near Cadoxton Road,W01001986,Neath Port Talbot 007E,Anti-social behaviour,,
1c0d47ad2c2bbf3f1f7c52ee9e0b46352d95fa0c7a967620bb05ba9ccf5a3976,2024-09,South Wales Police,South Wales Police,-3.823177,51.663686,On or near Benedict Close,W01001986,Neath Port Talbot 007E,Criminal damage and arson,Investigation complete; no suspect identified,
9d18af1ead175575a60ffa30a67f601db3159d7aa6bee0170c586cd60d9a18f3,2024-09,South Wales Police,South Wales Police,-3.823177,51.663686,On or near Benedict Close,W01001986,Neath Port Talbot 007E,Other theft,Investigation complete; no suspect identified,
e5f4424e22e806147cd2f7f568bd439f06a8cfe1e6887ea45464a022cd8225b8,2024-09,South Wales Police,South Wales Police,-3.823177,51.663686,On or near Benedict Close,W01001986,Neath Port Talbot 007E,Other theft,Investigation complete; no suspect identified,
5998277986f5c08310bf393dc8c52b0a4c043bcc256689e7123cd4b4489c39cd,2024-09,South Wales Police,South Wales Police,-3.823177,51.663686,On or near Benedict Close,W01001986,Neath Port Talbot 007E,Other theft,Investigation complete; no suspect identified,
b4c27c54890c69cea43d83f672e6e7352fda89e0251e98829749a04d21280e6e,2024-09,South Wales Police,South Wales Police,-3.812905,51.663908,On or near Roman Way,W01001986,Neath Port Talbot 007E,Possession of weapons,Awaiting court outcome,
d6ea28b8f9cb0e041e1d9426b043875bb073d8d06b41efaa22689a04ef652ef8,2024-09,South Wales Police,South Wales Police,-3.823177,51.663686,On or near Benedict Close,W01001986,Neath Port Talbot 007E,Shoplifting,Investigation complete; no suspect identified,
2d4d6d59251e897f2b6d3f1566244d5c414cc3acbe99c775a66b249916d0d4f9,2024-09,South Wales Police,South Wales Police,-3.823177,51.663686,On or near Benedict Close,W01001986,Neath Port Talbot 007E,Shoplifting,Investigation complete; no suspect identified,
c6f3040e02b8e8135000504a9406693547f5720935c920736db4ff07dfcefcb8,2024-09,South Wales Police,South Wales Police,-3.823177,51.663686,On or near Benedict Close,W01001986,Neath Port Talbot 007E,Shoplifting,Investigation complete; no suspect identified,
04438ed612b058778acf61e75ae02f7f67a4b1f636b1f5000bce4f5889a5d187,2024-09,South Wales Police,South Wales Police,-3.806349,51.668478,On or near Golwg-Y-Gamlas,W01001986,Neath Port Talbot 007E,Shoplifting,Awaiting court outcome,
7d9dd34b9ba5e82792fd9c583e046f9d6d7784173da0f5b66de9740154a4b410,2024-09,South Wales Police,South Wales Police,-3.823177,51.663686,On or near Benedict Close,W01001986,Neath Port Talbot 007E,Shoplifting,Under investigation,
6c59cf7ca5bd05c9f1d83e93cc0983418a96bdd088d4f291c6edab50ef30d975,2024-09,South Wales Police,South Wales Police,-3.823177,51.663686,On or near Benedict Close,W01001986,Neath Port Talbot 007E,Theft from the person,Investigation complete; no suspect identified,
88375693d86b766f49c7707a6bd7dacae08cd5f366c8d8029ceeef2e6a93a2d8,2024-09,South Wales Police,South Wales Police,-3.828200,51.670631,On or near Lon Glynfelin,W01001986,Neath Port Talbot 007E,Violence and sexual offences,Unable to prosecute suspect,
5e9ea969ee0683d5f5a9d7c82dfdb189778cb2d093bcb54016e22b8739408a4f,2024-09,South Wales Police,South Wales Police,-3.810736,51.668258,On or near Dynevor Avenue,W01001986,Neath Port Talbot 007E,Violence and sexual offences,Local resolution,
9d0fe5e5d60d2077e27cf5fec0d2b41b21910726ba79093e06dcd4c70c44aa82,2024-09,South Wales Police,South Wales Police,-3.812905,51.663908,On or near Roman Way,W01001986,Neath Port Talbot 007E,Violence and sexual offences,Unable to prosecute suspect,
f433157fcf07b16ce8f41617866b4a663a36f9b3680819ef8d93a3120633d8a9,2024-09,South Wales Police,South Wales Police,-3.817487,51.663145,On or near Neath Abbey Road,W01001986,Neath Port Talbot 007E,Violence and sexual offences,Under investigation,
f8ccdf37b7c18a90e34ced6b580d33dd7af2630ab058c072ee97161fdba70476,2024-09,South Wales Police,South Wales Police,-3.817487,51.663145,On or near Neath Abbey Road,W01001986,Neath Port Talbot 007E,Violence and sexual offences,Unable to prosecute suspect,
eb25f78108cd577248c520a8787da4d7740a5ca44ef686a4b3162bd35fd82d30,2024-09,South Wales Police,South Wales Police,-3.808509,51.658437,On or near Nelson Mandela Way,W01000934,Neath Port Talbot 008A,Burglary,Awaiting court outcome,
90cd25ad5b3347e869bb0928f3dc6abb647cf316c681b5257c7e30025a312f81,2024-09,South Wales Police,South Wales Police,-3.809020,51.657494,On or near Clifford Street,W01000934,Neath Port Talbot 008A,Criminal damage and arson,Investigation complete; no suspect identified,
45d832ae87a6994c458f4884d2ee237bc8880a8df97b4082f9371c798345c0bc,2024-09,South Wales Police,South Wales Police,-3.807412,51.658490,On or near King Street,W01000934,Neath Port Talbot 008A,Criminal damage and arson,Under investigation,
134bff35ebcb9ce832ff19cbf3b28d9598730856a4b847d9bc57ad88ad9fbf07,2024-09,South Wales Police,South Wales Police,-3.806595,51.654312,On or near Heol Dan Y Craig,W01000934,Neath Port Talbot 008A,Criminal damage and arson,Investigation complete; no suspect identified,
f27e60fe539ed991a98a9f82276d61f2184f55fbd7d7f59f888351a3c61338f5,2024-09,South Wales Police,South Wales Police,-3.807412,51.658490,On or near King Street,W01000934,Neath Port Talbot 008A,Violence and sexual offences,Unable to prosecute suspect,
973ea69ea2454c876afb028b6909df4ae15cbe73cccf97d2f7feb3f682030106,2024-09,South Wales Police,South Wales Police,-3.809020,51.657494,On or near Clifford Street,W01000934,Neath Port Talbot 008A,Violence and sexual offences,Under investigation,
7961e6812e7c4e9b2ebb00f417d3c43d4b77752e3e230aaf1236e79c6a078130,2024-09,South Wales Police,South Wales Police,-3.808531,51.658275,On or near Mary Street,W01000934,Neath Port Talbot 008A,Violence and sexual offences,Under investigation,
fccbc517513757770274ec3eaaf4c9260439a55e9c32196ed0f04e102fd94959,2024-09,South Wales Police,South Wales Police,-3.808004,51.659191,On or near Richmond Street,W01000934,Neath Port Talbot 008A,Violence and sexual offences,Under investigation,
100b5edc6eaf98f54fb8b86c7bb00d2f5363ddb9e6fa944ef20bbd59df5734a5,2024-09,South Wales Police,South Wales Police,-3.807113,51.653890,On or near Burrows Road,W01000934,Neath Port Talbot 008A,Violence and sexual offences,Under investigation,
f151f4c5c2e1bbac223591f313c76ad69e1ed50808acda5bba9566cf93e98f1f,2024-09,South Wales Police,South Wales Police,-3.809158,51.654048,On or near Exchange Road,W01000934,Neath Port Talbot 008A,Violence and sexual offences,Investigation complete; no suspect identified,
a283b74d584ddbea5934b785dbf605aba0a90d7903b60b525dcb9bff771ef1fb,2024-09,South Wales Police,South Wales Police,-3.809158,51.654048,On or near Exchange Road,W01000934,Neath Port Talbot 008A,Violence and sexual offences,Unable to prosecute suspect,
,2024-09,South Wales Police,South Wales Police,-3.807036,51.660303,On or near Charles Street,W01000935,Neath Port Talbot 008B,Anti-social behaviour,,
,2024-09,South Wales Police,South Wales Police,-3.806156,51.657079,On or near Eva Street,W01000935,Neath Port Talbot 008B,Anti-social behaviour,,
,2024-09,South Wales Police,South Wales Police,-3.805190,51.656060,On or near Heol Quar,W01000935,Neath Port Talbot 008B,Anti-social behaviour,,
,2024-09,South Wales Police,South Wales Police,-3.806156,51.657079,On or near Eva Street,W01000935,Neath Port Talbot 008B,Anti-social behaviour,,
,2024-09,South Wales Police,South Wales Police,-3.807036,51.660303,On or near Charles Street,W01000935,Neath Port Talbot 008B,Anti-social behaviour,,
dd55b5a93be5ea867018c3c8a790b4139014883654dcae23b7912269f188b8df,2024-09,South Wales Police,South Wales Police,-3.807036,51.660303,On or near Charles Street,W01000935,Neath Port Talbot 008B,Criminal damage and arson,Investigation complete; no suspect identified,
996907b5fbe5173b07ab5eb60f28abce04213c1b1f47bbeee1520f5428767c1f,2024-09,South Wales Police,South Wales Police,-3.808402,51.654680,On or near Payne Street,W01000935,Neath Port Talbot 008B,Criminal damage and arson,Investigation complete; no suspect identified,
0dceb5718c5da359bea297c26e03fca5ef50f8f6d058a9833d9bb3ad0627963b,2024-09,South Wales Police,South Wales Police,-3.804087,51.656320,On or near Llewellyn Street,W01000935,Neath Port Talbot 008B,Other theft,Unable to prosecute suspect,
5577e36e2966f11917c5cf1aa8a27dc9617e45a2314da11937855e310e9231c2,2024-09,South Wales Police,South Wales Police,-3.801402,51.657521,On or near Wellfield Square,W01000935,Neath Port Talbot 008B,Other theft,Investigation complete; no suspect identified,
03d132f27542efe7bffee395e4b0bfbad470997fc60eb2f92d347edf46463155,2024-09,South Wales Police,South Wales Police,-3.804087,51.656320,On or near Llewellyn Street,W01000935,Neath Port Talbot 008B,Public order,Unable to prosecute suspect,
3af89b0b30523a2db7d7f7537dbb0b853e772d08cfdf324d8227b8a9f8604dbd,2024-09,South Wales Police,South Wales Police,-3.801774,51.658154,On or near Bilton Road,W01000935,Neath Port Talbot 008B,Violence and sexual offences,Unable to prosecute suspect,
0cbdf3544672ae4fbeef6edaa1926ed14401628fbee58e3bf0478116f252d083,2024-09,South Wales Police,South Wales Police,-3.808379,51.655193,On or near Briton Ferry Road,W01000935,Neath Port Talbot 008B,Violence and sexual offences,Awaiting court outcome,
0506eb35432e5833fe8b71fece46f019530f61a6e02a1ad8777512af1daf9343,2024-09,South Wales Police,South Wales Police,-3.807116,51.659420,On or near Osborne Street,W01000935,Neath Port Talbot 008B,Violence and sexual offences,Unable to prosecute suspect,
5e97640de4520b89d7338396c726e988168eef94e2460d71e3a1d53c7e1157a3,2024-09,South Wales Police,South Wales Police,-3.803342,51.656853,On or near Maes Y Ffynnon Close,W01000935,Neath Port Talbot 008B,Violence and sexual offences,Unable to prosecute suspect,
03fee8d660c7a8224d42c850bfe4551488967f2e5c483c948da02c34e7b21766,2024-09,South Wales Police,South Wales Police,-3.807036,51.660303,On or near Charles Street,W01000935,Neath Port Talbot 008B,Violence and sexual offences,Unable to prosecute suspect,
9d9e9280c7eefa00804ba8f79adb89fc64f6c29b9ad71db420e25dedb2a69cc8,2024-09,South Wales Police,South Wales Police,-3.807263,51.657287,On or near Brookdale Street,W01000935,Neath Port Talbot 008B,Violence and sexual offences,Investigation complete; no suspect identified,
81844bd57dab1c980b28d33f1ace23ccd42dc955aee150dbfbdcf4bded2a3486,2024-09,South Wales Police,South Wales Police,-3.807036,51.660303,On or near Charles Street,W01000935,Neath Port Talbot 008B,Violence and sexual offences,Unable to prosecute suspect,
eb72061c6f4a719ee6675b14accf8cd8067a252450d669010fe8f6af73576af1,2024-09,South Wales Police,South Wales Police,-3.806156,51.657079,On or near Eva Street,W01000935,Neath Port Talbot 008B,Violence and sexual offences,Unable to prosecute suspect,
d9201627982ab5d6c341bf854bc9a5b24567ba4caa93fe70415213f5232ebf70,2024-09,South Wales Police,South Wales Police,-3.801774,51.658154,On or near Bilton Road,W01000935,Neath Port Talbot 008B,Violence and sexual offences,Unable to prosecute suspect,
9a607af5c78c981999f8165dc0e8a046b26e7ac3cb7aec85d5a41db4f2f0c7cb,2024-09,South Wales Police,South Wales Police,-3.805190,51.656060,On or near Heol Quar,W01000935,Neath Port Talbot 008B,Violence and sexual offences,Unable to prosecute suspect,
dbbeb59c4aaefe330103e6b86535cd4d1c08318493205dc50b101ffd2d507614,2024-09,South Wales Police,South Wales Police,-3.797665,51.662443,On or near Sports/Recreation Area,W01000938,Neath Port Talbot 008C,Criminal damage and arson,Investigation complete; no suspect identified,
81d3c77691f3d3cb4e7a569d066c65ff7229f4f8e073ae6c826b4a5b3db275af,2024-09,South Wales Police,South Wales Police,-3.797665,51.662443,On or near Sports/Recreation Area,W01000938,Neath Port Talbot 008C,Criminal damage and arson,Investigation complete; no suspect identified,
8e5d80a945fbbb94ef987beda89ca9fa020c1714beab48519b223bf820685be5,2024-09,South Wales Police,South Wales Police,-3.796310,51.658183,On or near Rookwood Close,W01000938,Neath Port Talbot 008C,Other theft,Investigation complete; no suspect identified,
f1aab081d57c22d3be3f6cb0d95b4fa91feb5a413c222fc68cad0f5d3f23e2b1,2024-09,South Wales Police,South Wales Police,-3.800021,51.661706,On or near Forster Road,W01000938,Neath Port Talbot 008C,Violence and sexual offences,Unable to prosecute suspect,
5fce5b10c234be4dc625af75d96a585a29cd0a16d02ab173337e3617897b7453,2024-09,South Wales Police,South Wales Police,-3.799969,51.661131,On or near Rhodfar Gnoll,W01000938,Neath Port Talbot 008C,Violence and sexual offences,Unable to prosecute suspect,
b12fd29edfe7ed6ac49ade41252d499bc00e6a8db0837a2d992ebcb0144e6d42,2024-09,South Wales Police,South Wales Police,-3.800200,51.662944,On or near Parking Area,W01000938,Neath Port Talbot 008C,Violence and sexual offences,Investigation complete; no suspect identified,
76a2ac9bced41219461f44846b381118c4a89027ec50f9529d3c3b3cf712f9cc,2024-09,South Wales Police,South Wales Police,-3.798577,51.665765,On or near Pen Y Dre,W01000938,Neath Port Talbot 008C,Other crime,Further investigation is not in the public interest,
,2024-09,South Wales Police,South Wales Police,-3.807512,51.662831,On or near Commercial Street,W01000939,Neath Port Talbot 008D,Anti-social behaviour,,
,2024-09,South Wales Police,South Wales Police,-3.804610,51.664387,On or near Cattle Street,W01000939,Neath Port Talbot 008D,Anti-social behaviour,,
,2024-09,South Wales Police,South Wales Police,-3.802813,51.659918,On or near Greenway Road,W01000939,Neath Port Talbot 008D,Anti-social behaviour,,
,2024-09,South Wales Police,South Wales Police,-3.807512,51.662831,On or near Commercial Street,W01000939,Neath Port Talbot 008D,Anti-social behaviour,,
,2024-09,South Wales Police,South Wales Police,-3.803239,51.664821,On or near Castle Street,W01000939,Neath Port Talbot 008D,Anti-social behaviour,,
,2024-09,South Wales Police,South Wales Police,-3.805872,51.662299,On or near Summerfield Place,W01000939,Neath Port Talbot 008D,Anti-social behaviour,,
,2024-09,South Wales Police,South Wales Police,-3.802813,51.659918,On or near Greenway Road,W01000939,Neath Port Talbot 008D,Anti-social behaviour,,
,2024-09,South Wales Police,South Wales Police,-3.807037,51.660698,On or near Ropewalk Terrace,W01000939,Neath Port Talbot 008D,Anti-social behaviour,,
,2024-09,South Wales Police,South Wales Police,-3.807512,51.662831,On or near Commercial Street,W01000939,Neath Port Talbot 008D,Anti-social behaviour,,
,2024-09,South Wales Police,South Wales Police,-3.805872,51.662299,On or near Summerfield Place,W01000939,Neath Port Talbot 008D,Anti-social behaviour,,
,2024-09,South Wales Police,South Wales Police,-3.805331,51.662883,On or near Green Street,W01000939,Neath Port Talbot 008D,Anti-social behaviour,,
,2024-09,South Wales Police,South Wales Police,-3.806296,51.664244,On or near Croft Road,W01000939,Neath Port Talbot 008D,Anti-social behaviour,,
,2024-09,South Wales Police,South Wales Police,-3.805872,51.662299,On or near Summerfield Place,W01000939,Neath Port Talbot 008D,Anti-social behaviour,,
,2024-09,South Wales Police,South Wales Police,-3.803445,51.661995,On or near Orchard Street,W01000939,Neath Port Talbot 008D,Anti-social behaviour,,
,2024-09,South Wales Police,South Wales Police,-3.805331,51.662883,On or near Green Street,W01000939,Neath Port Talbot 008D,Anti-social behaviour,,
,2024-09,South Wales Police,South Wales Police,-3.805872,51.662299,On or near Summerfield Place,W01000939,Neath Port Talbot 008D,Anti-social behaviour,,
,2024-09,South Wales Police,South Wales Police,-3.805872,51.662299,On or near Summerfield Place,W01000939,Neath Port Talbot 008D,Anti-social behaviour,,
,2024-09,South Wales Police,South Wales Police,-3.805331,51.662883,On or near Green Street,W01000939,Neath Port Talbot 008D,Anti-social behaviour,,
,2024-09,South Wales Police,South Wales Police,-3.806296,51.664244,On or near Croft Road,W01000939,Neath Port Talbot 008D,Anti-social behaviour,,
,2024-09,South Wales Police,South Wales Police,-3.803388,51.661654,On or near Neath Bus Station,W01000939,Neath Port Talbot 008D,Anti-social behaviour,,
,2024-09,South Wales Police,South Wales Police,-3.805872,51.662299,On or near Summerfield Place,W01000939,Neath Port Talbot 008D,Anti-social behaviour,,
,2024-09,South Wales Police,South Wales Police,-3.805872,51.662299,On or near Summerfield Place,W01000939,Neath Port Talbot 008D,Anti-social behaviour,,
,2024-09,South Wales Police,South Wales Police,-3.807512,51.662831,On or near Commercial Street,W01000939,Neath Port Talbot 008D,Anti-social behaviour,,
2ac3e95947deb27c6748da0e693fbe618f9b1f698bbcae2271801dba4b297fe0,2024-09,South Wales Police,South Wales Police,-3.806296,51.664244,On or near Croft Road,W01000939,Neath Port Talbot 008D,Bicycle theft,Investigation complete; no suspect identified,
bffcda485e5b6eacb299bf234fccee5871e06049714c09816956d4c59e2bfe7b,2024-09,South Wales Police,South Wales Police,-3.803445,51.661995,On or near Orchard Street,W01000939,Neath Port Talbot 008D,Burglary,Investigation complete; no suspect identified,
953198ed6d8406822741fa68e33fb6fcc200a5892a569bcff395e4ab5129a5a8,2024-09,South Wales Police,South Wales Police,-3.803239,51.664821,On or near Castle Street,W01000939,Neath Port Talbot 008D,Criminal damage and arson,Investigation complete; no suspect identified,
b495b8c8d5523667f40dbc409c1381c2a24debdc778e0886cf17fda2bb29491b,2024-09,South Wales Police,South Wales Police,-3.806296,51.664244,On or near Croft Road,W01000939,Neath Port Talbot 008D,Criminal damage and arson,Investigation complete; no suspect identified,
45c0fe1022de4da3ff884e373a1ffe4fde65708d537515fca3ac0d49e8bd9aee,2024-09,South Wales Police,South Wales Police,-3.803389,51.664226,On or near Old Market Street,W01000939,Neath Port Talbot 008D,Criminal damage and arson,Investigation complete; no suspect identified,
64ca38ec6ded862455ec25f07d161773337653c60734197be91cf8249388575e,2024-09,South Wales Police,South Wales Police,-3.807037,51.660698,On or near Ropewalk Terrace,W01000939,Neath Port Talbot 008D,Criminal damage and arson,Awaiting court outcome,
4752973ad616e22ec5982eb0e92daaaf064c5ea0f1b43209b4d956f92205eb32,2024-09,South Wales Police,South Wales Police,-3.805331,51.662883,On or near Green Street,W01000939,Neath Port Talbot 008D,Drugs,Awaiting court outcome,
395b56e03a3f4dfbf354e6b0bdd573bba2582b8ef94e2aa2d12f281e0311832e,2024-09,South Wales Police,South Wales Police,-3.807512,51.662831,On or near Commercial Street,W01000939,Neath Port Talbot 008D,Drugs,Unable to prosecute suspect,
8eacd5f6932bc19b124c2018921a087f943f50d88d463785502a3e3fab05a68f,2024-09,South Wales Police,South Wales Police,-3.803445,51.661995,On or near Orchard Street,W01000939,Neath Port Talbot 008D,Other theft,Unable to prosecute suspect,
6acb306ad22ef3e49f4fc32eae94e586bf20b20ca2ba9f5946f158a82c175caf,2024-09,South Wales Police,South Wales Police,-3.803389,51.664226,On or near Old Market Street,W01000939,Neath Port Talbot 008D,Other theft,Unable to prosecute suspect,
e392fafaeafa5178a13890d465662c679aa5595de927beacc06ca22899cad791,2024-09,South Wales Police,South Wales Police,-3.805157,51.658138,On or near Alford Road,W01000939,Neath Port Talbot 008D,Other theft,Investigation complete; no suspect identified,
36bb7862730cf05a7ce58b7ca72043f863f9b0a59db0c9533d618f35ab1a5707,2024-09,South Wales Police,South Wales Police,-3.802813,51.659918,On or near Greenway Road,W01000939,Neath Port Talbot 008D,Public order,Unable to prosecute suspect,
ed07acace376af5475d98bc88d456fb95bbf31ce57d83ba5e71dce18957fcbd4,2024-09,South Wales Police,South Wales Police,-3.803445,51.661995,On or near Orchard Street,W01000939,Neath Port Talbot 008D,Public order,Unable to prosecute suspect,
814a3f050b3e7abc86e086e4aa3730d137918140f0468be1305594c3b1cae582,2024-09,South Wales Police,South Wales Police,-3.806296,51.664244,On or near Croft Road,W01000939,Neath Port Talbot 008D,Public order,Investigation complete; no suspect identified,
d943d97fba8be874ec7c40e7b0547a1d4889129f833a11090f3b55a0dc7fd6f5,2024-09,South Wales Police,South Wales Police,-3.807401,51.661493,On or near Parking Area,W01000939,Neath Port Talbot 008D,Public order,Investigation complete; no suspect identified,
88daf3381bf71869bcfa735ca2601568f7a35f9432f69f48e2670d5bd09dbf1f,2024-09,South Wales Police,South Wales Police,-3.805331,51.662883,On or near Green Street,W01000939,Neath Port Talbot 008D,Shoplifting,Unable to prosecute suspect,
3006f2ad3f0f771a0ff072570a25628e72ab0228c9d8a8604a38bffd1a171b77,2024-09,South Wales Police,South Wales Police,-3.806296,51.664244,On or near Croft Road,W01000939,Neath Port Talbot 008D,Shoplifting,Investigation complete; no suspect identified,
56f06f8d235454f4886228b12ca71d3e23c695ed188acf4942b7dd507fd1d81d,2024-09,South Wales Police,South Wales Police,-3.804731,51.661597,On or near Queen Street Back Road,W01000939,Neath Port Talbot 008D,Shoplifting,Unable to prosecute suspect,
21d98c8a049b9d66cef06c2645361915db10839c5c063b21bc0bcd7450a0d72b,2024-09,South Wales Police,South Wales Police,-3.803239,51.664821,On or near Castle Street,W01000939,Neath Port Talbot 008D,Vehicle crime,Investigation complete; no suspect identified,
2315dbe0f2629da1b31355db9b188ef7ad4521d3bddfbaafa035300e8f1a5c19,2024-09,South Wales Police,South Wales Police,-3.806296,51.664244,On or near Croft Road,W01000939,Neath Port Talbot 008D,Violence and sexual offences,Unable to prosecute suspect,
67e7609b83efaecc25564961b697c0e48300d1242e99c2ececf2ae5cf12fe65f,2024-09,South Wales Police,South Wales Police,-3.807512,51.662831,On or near Commercial Street,W01000939,Neath Port Talbot 008D,Violence and sexual offences,Investigation complete; no suspect identified,
d89c4349e22480f2eb1f7b05fbb4040805dc3350e06efc5493e768b33a3ad5da,2024-09,South Wales Police,South Wales Police,-3.799829,51.662698,On or near B4434,W01000939,Neath Port Talbot 008D,Violence and sexual offences,Unable to prosecute suspect,
e93afc8f6dd6a5fa01ca6f69b734e9242a600902691ef863846d1f1daaca6e9b,2024-09,South Wales Police,South Wales Police,-3.805331,51.662883,On or near Green Street,W01000939,Neath Port Talbot 008D,Violence and sexual offences,Unable to prosecute suspect,
47259885e17291997fc23840c98ece8276cf4683de3bf3310643d0b3e356f3ab,2024-09,South Wales Police,South Wales Police,-3.807512,51.662831,On or near Commercial Street,W01000939,Neath Port Talbot 008D,Violence and sexual offences,Unable to prosecute suspect,
f2b1636e9493bf159910dfcfb902c411535335e79456015607a46ce0a57dd2c7,2024-09,South Wales Police,South Wales Police,-3.804731,51.661597,On or near Queen Street Back Road,W01000939,Neath Port Talbot 008D,Violence and sexual offences,Unable to prosecute suspect,
e489cde571f012a5b63006a91df10ca94f1b74358d737464c9b6b268982ef78f,2024-09,South Wales Police,South Wales Police,-3.805331,51.662883,On or near Green Street,W01000939,Neath Port Talbot 008D,Violence and sexual offences,Unable to prosecute suspect,
268c74f59697fb986f7793e8d87ee0a83479143b12ac535f65bd5c31f46b5f24,2024-09,South Wales Police,South Wales Police,-3.804969,51.660317,On or near The Ropewalk,W01000939,Neath Port Talbot 008D,Violence and sexual offences,Unable to prosecute suspect,
de2dde143ca68266cedf3b263961615d29f7e0d25bf5fda9ae8cb6a325e3181e,2024-09,South Wales Police,South Wales Police,-3.806786,51.662735,On or near Maes-Yr-Hâf Road,W01000939,Neath Port Talbot 008D,Violence and sexual offences,Unable to prosecute suspect,
b526fa6f44f40b15bba5e33a2575e3105c501d121b6741c97bde4fb149ab4c84,2024-09,South Wales Police,South Wales Police,-3.806786,51.662735,On or near Maes-Yr-Hâf Road,W01000939,Neath Port Talbot 008D,Violence and sexual offences,Unable to prosecute suspect,
fb482e5db1f023a4d37ca52bb493339b6e8b61e8d37e37a41b08534bf2a40208,2024-09,South Wales Police,South Wales Police,-3.805872,51.662299,On or near Summerfield Place,W01000939,Neath Port Talbot 008D,Violence and sexual offences,Awaiting court outcome,
a2b966080d9bf95e4251ca5de81795f22155a3d2dc3e50d1e64c50728d055d54,2024-09,South Wales Police,South Wales Police,-3.799829,51.662698,On or near B4434,W01000939,Neath Port Talbot 008D,Violence and sexual offences,Unable to prosecute suspect,
f732e72e39742d3995df3098ed15c974ba08097d0683b66d69eb770c6bc1a171,2024-09,South Wales Police,South Wales Police,-3.805872,51.662299,On or near Summerfield Place,W01000939,Neath Port Talbot 008D,Violence and sexual offences,Awaiting court outcome,
53e6d8f8f19c25d9eb0d431da2299f6953588e360bed5bd0a1833ac8727acea3,2024-09,South Wales Police,South Wales Police,-3.802217,51.662031,On or near Stryd Dewi Sant,W01000939,Neath Port Talbot 008D,Violence and sexual offences,Unable to prosecute suspect,
9dae61f343abc6df01455f364d4de8703f1e7877cf9483f353ffee32ab160c87,2024-09,South Wales Police,South Wales Police,-3.807401,51.661493,On or near Parking Area,W01000939,Neath Port Talbot 008D,Violence and sexual offences,Unable to prosecute suspect,
dc5d0fa718c861c9c65175947f261a54140303ab2e09bcbf56730d0dbe51c4de,2024-09,South Wales Police,South Wales Police,-3.805872,51.662299,On or near Summerfield Place,W01000939,Neath Port Talbot 008D,Violence and sexual offences,Local resolution,
b616fc76dfdfd44a216d255814a15e0353ce271a659a33d3ebb61cdba36d17ea,2024-09,South Wales Police,South Wales Police,-3.806786,51.662735,On or near Maes-Yr-Hâf Road,W01000939,Neath Port Talbot 008D,Violence and sexual offences,Unable to prosecute suspect,
cd511ade4467a64984ae05106bbb16b4a6c502afa0030994045920d6db8b75b2,2024-09,South Wales Police,South Wales Police,-3.805673,51.660935,On or near Allister Street,W01000939,Neath Port Talbot 008D,Violence and sexual offences,Unable to prosecute suspect,
c4c6bba92ad8cd22e3013379f251b4418beb7048a9f9eb3e0d5581fc57312024,2024-09,South Wales Police,South Wales Police,-3.805872,51.662299,On or near Summerfield Place,W01000939,Neath Port Talbot 008D,Violence and sexual offences,Local resolution,
da043d0223b5a14ff66777214b394b99184689fb66a49ebe69fd006771b8584a,2024-09,South Wales Police,South Wales Police,-3.806296,51.664244,On or near Croft Road,W01000939,Neath Port Talbot 008D,Violence and sexual offences,Under investigation,
81767bffa337bbbdc58752b3a08f97bec3803e94440c978fa738e411cdefac07,2024-09,South Wales Police,South Wales Police,-3.802217,51.662031,On or near Stryd Dewi Sant,W01000939,Neath Port Talbot 008D,Violence and sexual offences,Under investigation,
7f6379daeae9e12656d4e089ab73f90861a2068fc8f5e2ccc5252d077219f2f2,2024-09,South Wales Police,South Wales Police,-3.807512,51.662831,On or near Commercial Street,W01000939,Neath Port Talbot 008D,Violence and sexual offences,Investigation complete; no suspect identified,
4954c6c5a6454b6c9452ac92ff4d1305158379249d554ccff417ae1f522712c4,2024-09,South Wales Police,South Wales Police,-3.802217,51.662031,On or near Stryd Dewi Sant,W01000939,Neath Port Talbot 008D,Violence and sexual offences,Unable to prosecute suspect,
,2024-09,South Wales Police,South Wales Police,-3.792304,51.663280,On or near Ivy Avenue,W01000940,Neath Port Talbot 008E,Anti-social behaviour,,
,2024-09,South Wales Police,South Wales Police,-3.794308,51.664949,On or near Leonard Street,W01000940,Neath Port Talbot 008E,Anti-social behaviour,,
321c74b7ff03b42321bc1e69f9b0a3305f25bd1546a0e9b3effb23073fc935ea,2024-09,South Wales Police,South Wales Police,-3.792304,51.663280,On or near Ivy Avenue,W01000940,Neath Port Talbot 008E,Criminal damage and arson,Investigation complete; no suspect identified,
1c6507c0da0627bc706b7a1cd9a0b9dcb76c92b472be45ba4bccae3c29f47f16,2024-09,South Wales Police,South Wales Police,-3.792458,51.666075,On or near Llantwit Road,W01000940,Neath Port Talbot 008E,Public order,Unable to prosecute suspect,
e35fa60b840dec8fcb01ed2d40835059d95c29d581c2b417096be82922d4b3df,2024-09,South Wales Police,South Wales Police,-3.788236,51.664251,On or near Fairyland,W01000940,Neath Port Talbot 008E,Public order,Unable to prosecute suspect,
905777a100c6ddeadc0c44f10040698c9ee0ad9a9452e3328cae28fca7c9fd8d,2024-09,South Wales Police,South Wales Police,-3.794308,51.664949,On or near Leonard Street,W01000940,Neath Port Talbot 008E,Violence and sexual offences,Under investigation,
6d4e98454ce1db4a6d904e43e50db0ff8054becb50925baacc7af997f10c88bf,2024-09,South Wales Police,South Wales Police,-3.792533,51.664320,On or near Heol Glen,W01000940,Neath Port Talbot 008E,Violence and sexual offences,Unable to prosecute suspect,
e588ea43669099ef0a0fb9c429d0d7b7ef3dee2602338013132479c54b4c2570,2024-09,South Wales Police,South Wales Police,-3.788236,51.664251,On or near Fairyland,W01000940,Neath Port Talbot 008E,Violence and sexual offences,Unable to prosecute suspect,
bc849a8b1f6b241b2301beeb86a96b5728da571a4d9a39bc8273d8a53065b82f,2024-09,South Wales Police,South Wales Police,-3.785935,51.652056,On or near B4287,W01000909,Neath Port Talbot 009A,Public order,Unable to prosecute suspect,
e77b5f7400efea7715fbe55d75e7cac1154a035527631a5d6feb8d516f31b9bf,2024-09,South Wales Police,South Wales Police,-3.785905,51.650564,On or near Crynallt Road,W01000909,Neath Port Talbot 009A,Violence and sexual offences,Under investigation,
44a4464fb8618c7fb337d28bdab87a24bc1aa83fbe9423e85d9dc978162c8fcf,2024-09,South Wales Police,South Wales Police,-3.779406,51.653666,On or near Pentre Fedwen,W01000909,Neath Port Talbot 009A,Violence and sexual offences,Unable to prosecute suspect,
,2024-09,South Wales Police,South Wales Police,-3.778932,51.649321,On or near Ridgewood Gardens,W01000910,Neath Port Talbot 009B,Anti-social behaviour,,
,2024-09,South Wales Police,South Wales Police,-3.778932,51.649321,On or near Ridgewood Gardens,W01000910,Neath Port Talbot 009B,Anti-social behaviour,,
,2024-09,South Wales Police,South Wales Police,-3.778932,51.649321,On or near Ridgewood Gardens,W01000910,Neath Port Talbot 009B,Anti-social behaviour,,
f679963b351e0561c359e7c6ac413f343606c71349aa75c3cafdf38a03dbcc77,2024-09,South Wales Police,South Wales Police,-3.781176,51.649053,On or near Falcon Drive,W01000910,Neath Port Talbot 009B,Other theft,Under investigation,
1bd51e683ac984cd574b914b343d688b64d63725724205ed2263d156d46b047c,2024-09,South Wales Police,South Wales Police,-3.775383,51.651722,On or near Brynsiriol,W01000910,Neath Port Talbot 009B,Other theft,Investigation complete; no suspect identified,
37fb12169d17636be8c5277a643a2d16b0de9658721e68962beb0726fddab4c4,2024-09,South Wales Police,South Wales Police,-3.778932,51.649321,On or near Ridgewood Gardens,W01000910,Neath Port Talbot 009B,Public order,Unable to prosecute suspect,
4a22cc3de22dff5137a60fde70d862ae6d07995a38c39ea11dab43c151d0475b,2024-09,South Wales Police,South Wales Police,-3.775383,51.651722,On or near Brynsiriol,W01000910,Neath Port Talbot 009B,Violence and sexual offences,Under investigation,
c04f75e20388e74dc823e50a9b1e6788d059c5a12ce2c178fee895345fab8b57,2024-09,South Wales Police,South Wales Police,-3.783825,51.649867,On or near Crynallt Farm Road,W01000910,Neath Port Talbot 009B,Violence and sexual offences,Unable to prosecute suspect,
82393422a3a6f38c26fcd881ea663154a79674dd4fd61b6a89d503e285a5005e,2024-09,South Wales Police,South Wales Police,-3.775383,51.651722,On or near Brynsiriol,W01000910,Neath Port Talbot 009B,Other crime,Under investigation,
8d79024d7194f984ef4ea7e27207751cba179580992f8044e9ba856ee3ba1597,2024-09,South Wales Police,South Wales Police,-3.778047,51.654037,On or near Glannant Rise,W01000911,Neath Port Talbot 009C,Criminal damage and arson,Awaiting court outcome,
,2024-09,South Wales Police,South Wales Police,-3.773033,51.674103,On or near Mount Pleasant,W01000969,Neath Port Talbot 009D,Anti-social behaviour,,
47ec7cc92ac4418606af22a76a4f465eb7321b4e8452fcbb6f88c95e1a5cce41,2024-09,South Wales Police,South Wales Police,-3.785561,51.670856,On or near Neath Road,W01000969,Neath Port Talbot 009D,Violence and sexual offences,Under investigation,
6a0bdd244c275f2fa7389b15b7e49559ec9eff9d6e5d95bd2d37775935d1961b,2024-09,South Wales Police,South Wales Police,-3.777929,51.673930,On or near School Road,W01000969,Neath Port Talbot 009D,Violence and sexual offences,Unable to prosecute suspect,
,2024-09,South Wales Police,South Wales Police,-3.841809,51.655320,On or near Pale Road,W01000912,Neath Port Talbot 010A,Anti-social behaviour,,
,2024-09,South Wales Police,South Wales Police,-3.836500,51.662031,On or near Drummau Road,W01000912,Neath Port Talbot 010A,Anti-social behaviour,,
,2024-09,South Wales Police,South Wales Police,-3.839546,51.660113,On or near Francis Street,W01000912,Neath Port Talbot 010A,Anti-social behaviour,,
bf99809bef61f87d2591ebc4b7d429a98e01f152dd7f48acef9792a229f268e5,2024-09,South Wales Police,South Wales Police,-3.837708,51.660807,On or near Brook Street,W01000912,Neath Port Talbot 010A,Drugs,Awaiting court outcome,
5286e76b699d0102d512c08e17c5996960c09929516f3421fe9c2b618ee39060,2024-09,South Wales Police,South Wales Police,-3.837708,51.660807,On or near Brook Street,W01000912,Neath Port Talbot 010A,Possession of weapons,Awaiting court outcome,
bbf3700d2304caac7809992a6102342f6453dcea5a460204777dcfe16632207e,2024-09,South Wales Police,South Wales Police,-3.837111,51.659980,On or near Hen Heol,W01000912,Neath Port Talbot 010A,Public order,Unable to prosecute suspect,
8a0f4b1c6b307f9110419e5399477c701163bc44006c2f4e0ea1a4652af7a056,2024-09,South Wales Police,South Wales Police,-3.839546,51.660113,On or near Francis Street,W01000912,Neath Port Talbot 010A,Vehicle crime,Awaiting court outcome,
aa93d87357e291836c4c1df7ce29e046869a9415002187d4715f0ca4c5b81362,2024-09,South Wales Police,South Wales Police,-3.836500,51.662031,On or near Drummau Road,W01000912,Neath Port Talbot 010A,Vehicle crime,Investigation complete; no suspect identified,
1a8c38c4d9726c958988c90f34de7d99a14e9b2086a7d4c232ac0d2c2d0ee68d,2024-09,South Wales Police,South Wales Police,-3.841809,51.655320,On or near Pale Road,W01000912,Neath Port Talbot 010A,Violence and sexual offences,Under investigation,
35b722da663e28d03a8ddf74b75aca2b8eb05fe2d5c22e8beebf1cad3f43f14e,2024-09,South Wales Police,South Wales Police,-3.837238,51.658476,On or near Heol Compton,W01000912,Neath Port Talbot 010A,Violence and sexual offences,Unable to prosecute suspect,
a333791de310574def20147af6c96abc8d3a554a37c0deeb33961df7181171ae,2024-09,South Wales Police,South Wales Police,-3.840557,51.657606,On or near Bosworth Road,W01000912,Neath Port Talbot 010A,Violence and sexual offences,Under investigation,
4c43b04cb348b7061774b300005ec02dbed71238bf27cf373d6dd4360ff66266,2024-09,South Wales Police,South Wales Police,-3.838093,51.658886,On or near Compton Avenue,W01000912,Neath Port Talbot 010A,Violence and sexual offences,Unable to prosecute suspect,
948a504c867185e6cd9aa2aac5ae1e3d96ed174dc5ca48db4d831289de1913e2,2024-09,South Wales Police,South Wales Police,-3.837364,51.661226,On or near Park Street,W01000912,Neath Port Talbot 010A,Violence and sexual offences,Unable to prosecute suspect,
6a71d5682e7aea0682fb4054ca4ca5a924f7978b563e559de060784169a5c0e5,2024-09,South Wales Police,South Wales Police,-3.837364,51.661226,On or near Park Street,W01000912,Neath Port Talbot 010A,Violence and sexual offences,Unable to prosecute suspect,
c12b92744803a067513bbacebee8ffbb77c8d68c1b4231f3b4e4735a628ee2a2,2024-09,South Wales Police,South Wales Police,-3.840728,51.659312,On or near Tabernacle Street,W01000913,Neath Port Talbot 010B,Possession of weapons,Unable to prosecute suspect,
061d0f3407128a4480fb7ba9f35074e5249fcce3ae756add0f210e03f929e07a,2024-09,South Wales Police,South Wales Police,-3.844569,51.660259,On or near Stanley Road,W01000913,Neath Port Talbot 010B,Vehicle crime,Investigation complete; no suspect identified,
38655afd7cca38caa430292d217bb037222573e253be34796cee4593d17a01f5,2024-09,South Wales Police,South Wales Police,-3.844569,51.660259,On or near Stanley Road,W01000913,Neath Port Talbot 010B,Vehicle crime,Investigation complete; no suspect identified,
7827b1076f819455c7b59c89e8cb199856927e628e5fe64cd68a36b661996cdb,2024-09,South Wales Police,South Wales Police,-3.841472,51.656998,On or near Talbot Road,W01000913,Neath Port Talbot 010B,Violence and sexual offences,Under investigation,
e787b67592c4a6696a72262e777da50b7a811f52c47c07fa12107348621a641c,2024-09,South Wales Police,South Wales Police,-3.843883,51.651925,On or near Bay View Close,W01000914,Neath Port Talbot 010C,Criminal damage and arson,Investigation complete; no suspect identified,
c608f02cc7aa64e79327ee4695dd269cafd36f8b0055b1a69bdff10640dd18f2,2024-09,South Wales Police,South Wales Police,-3.847174,51.653231,On or near Teg Fan,W01000914,Neath Port Talbot 010C,Public order,Unable to prosecute suspect,
1cc0aff99fec6d5f5059f59c9a09d6097aaee77a56f0082d67b07adf9210dc5c,2024-09,South Wales Police,South Wales Police,-3.850620,51.656198,On or near Pen-Yr-Alley Avenue,W01000914,Neath Port Talbot 010C,Violence and sexual offences,Awaiting court outcome,
,2024-09,South Wales Police,South Wales Police,-3.851390,51.663380,On or near Ormes Road,W01000915,Neath Port Talbot 010D,Anti-social behaviour,,
,2024-09,South Wales Police,South Wales Police,-3.851390,51.663380,On or near Ormes Road,W01000915,Neath Port Talbot 010D,Anti-social behaviour,,
,2024-09,South Wales Police,South Wales Police,-3.851390,51.663380,On or near Ormes Road,W01000915,Neath Port Talbot 010D,Anti-social behaviour,,
,2024-09,South Wales Police,South Wales Police,-3.845639,51.663479,On or near Oak Hill Park,W01000915,Neath Port Talbot 010D,Anti-social behaviour,,
49afe6b4b5d4b007ba7a579711d28b5e149a5f6b69fcf564d69c0c0e19fab570,2024-09,South Wales Police,South Wales Police,-3.840567,51.663918,On or near Cwrt-Y-Clafdy,W01000915,Neath Port Talbot 010D,Criminal damage and arson,Under investigation,
dc417add93adfb339cae51138784ab50f00925ee97122a70395d597b0be639bb,2024-09,South Wales Police,South Wales Police,-3.847072,51.661739,On or near Woodland Close,W01000915,Neath Port Talbot 010D,Public order,Unable to prosecute suspect,
6091be20ecb5dc94a0f8174172fdc8637dd03b3bf1fa3964c4723e28c80a9227,2024-09,South Wales Police,South Wales Police,-3.851390,51.663380,On or near Ormes Road,W01000915,Neath Port Talbot 010D,Public order,Unable to prosecute suspect,
90f27f69c1f8f1a061d96cb66a86fe0b45a46a8ccc10fc72fef340d791b5845a,2024-09,South Wales Police,South Wales Police,-3.847072,51.661739,On or near Woodland Close,W01000915,Neath Port Talbot 010D,Public order,Unable to prosecute suspect,
2505ac784abfb6ecdd10bd0e64367891af0c46b79b1aa8f3963aef16c9a0c524,2024-09,South Wales Police,South Wales Police,-3.838897,51.662668,On or near Jubilee Crescent,W01000915,Neath Port Talbot 010D,Violence and sexual offences,Unable to prosecute suspect,
12062db272510c597760b84e7fb2ee8461e8050c3202d707d744d35c53b33b6f,2024-09,South Wales Police,South Wales Police,-3.845639,51.663479,On or near Oak Hill Park,W01000915,Neath Port Talbot 010D,Violence and sexual offences,Unable to prosecute suspect,
e886a5be9234dba4abe4781bc0ac8ba6d6940c4533b33d7da8e4484932fea4cf,2024-09,South Wales Police,South Wales Police,-3.838897,51.662668,On or near Jubilee Crescent,W01000915,Neath Port Talbot 010D,Violence and sexual offences,Awaiting court outcome,
48c695fd7947fd5ec745174d42af8ab9b39e6bbbc5b5cad52e048cb4526dbb60,2024-09,South Wales Police,South Wales Police,-3.840567,51.663918,On or near Cwrt-Y-Clafdy,W01000915,Neath Port Talbot 010D,Other crime,Unable to prosecute suspect,
d09eab7f213a4e6551e883675772591508483cbb7a636e74de7c6d0d5d689693,2024-09,South Wales Police,South Wales Police,-3.838112,51.663993,On or near Sunnyland Crescent,W01000915,Neath Port Talbot 010D,Other crime,Unable to prosecute suspect,
6b66a3f570cc77fd4c789fe908b8a0cbafc362542bb78de49e05b3b817764858,2024-09,South Wales Police,South Wales Police,-3.868974,51.659189,On or near B4291,W01000916,Neath Port Talbot 010E,Possession of weapons,Under investigation,
c4bb018eff03f0a19b8171152e821fadfb0efd408bec4f99dc0263b39396815e,2024-09,South Wales Police,South Wales Police,-3.868974,51.659189,On or near B4291,W01000916,Neath Port Talbot 010E,Public order,Under investigation,
1b59610adde60cb314d2f8501440da7246a349d412d12c73bd90b7c9b3f0183b,2024-09,South Wales Police,South Wales Police,-3.856443,51.660350,On or near Lucy Road,W01000916,Neath Port Talbot 010E,Vehicle crime,Investigation complete; no suspect identified,
71d5c19b99827dedb3d3ee8226ad15ab5a2c7f580ef9262a24dd9e614ac75a17,2024-09,South Wales Police,South Wales Police,-3.868974,51.659189,On or near B4291,W01000916,Neath Port Talbot 010E,Vehicle crime,Investigation complete; no suspect identified,
4101d49fc63fc043693c3ec3b8801fc982cb8eb1eafd087a0c638caee69d65b6,2024-09,South Wales Police,South Wales Police,-3.868974,51.659189,On or near B4291,W01000916,Neath Port Talbot 010E,Violence and sexual offences,Investigation complete; no suspect identified,
142929ab4206ec3cd7b01902c6f4b52e333af3b416d8ce40612e7a4a5190c81f,2024-09,South Wales Police,South Wales Police,-3.856443,51.660350,On or near Lucy Road,W01000916,Neath Port Talbot 010E,Violence and sexual offences,Unable to prosecute suspect,
83c7b39d655930d44245ce96339a60484603814f364257ec6933b1efd90c2930,2024-09,South Wales Police,South Wales Police,-3.852819,51.660470,On or near Dynevor Place,W01000916,Neath Port Talbot 010E,Violence and sexual offences,Under investigation,
f11684a067b0ccc0b2c799ace08e1342de02d9d4895592d4202906ddf0710569,2024-09,South Wales Police,South Wales Police,-3.856443,51.660350,On or near Lucy Road,W01000916,Neath Port Talbot 010E,Violence and sexual offences,Awaiting court outcome,
,2024-09,South Wales Police,South Wales Police,-3.847387,51.658461,On or near Wern Road,W01001987,Neath Port Talbot 010G,Anti-social behaviour,,
e6245ec8e97fd3a49c7a6c7ff66dffcaef5a4c165596623e897a31bf562f48ae,2024-09,South Wales Police,South Wales Police,-3.849232,51.659034,On or near Heol Winifred,W01001987,Neath Port Talbot 010G,Burglary,Investigation complete; no suspect identified,
ad6ab0a1bc7747c88cfec2bcebbdf1870886303b097ce80b3546e2a4c9fe924f,2024-09,South Wales Police,South Wales Police,-3.847387,51.658461,On or near Wern Road,W01001987,Neath Port Talbot 010G,Criminal damage and arson,Investigation complete; no suspect identified,
6f7b92cd1b61ccd1ae377cb2d9eb4a2384841a332720a203957998750afb0f51,2024-09,South Wales Police,South Wales Police,-3.851022,51.659303,On or near Y Waun,W01001987,Neath Port Talbot 010G,Criminal damage and arson,Investigation complete; no suspect identified,
004197b2bc2e2cd0c63cc61ab51923bec9481b96300d90a221286e18d3b58a3d,2024-09,South Wales Police,South Wales Police,-3.849441,51.659912,On or near Winifred Road,W01001987,Neath Port Talbot 010G,Drugs,Under investigation,
c85b7669bd47bb498271a05c7c96dedd530f22c2e900439b52538f0200ce98ad,2024-09,South Wales Police,South Wales Police,-3.847387,51.658461,On or near Wern Road,W01001987,Neath Port Talbot 010G,Public order,Under investigation,
bcb47d01c9cd114aa3e0e2bb4279e653d7ea9e65a3a4018f2ab5269db356bffb,2024-09,South Wales Police,South Wales Police,-3.847364,51.660017,On or near Evelyn Road,W01001987,Neath Port Talbot 010G,Public order,Unable to prosecute suspect,
d53b6010f3341c40163498a625363c93786c9ee821624fa244948e23cba12c9c,2024-09,South Wales Police,South Wales Police,-3.862092,51.656718,On or near Cae Morfa,W01001987,Neath Port Talbot 010G,Violence and sexual offences,Unable to prosecute suspect,
901a4e4abad0288463b3ee9a463d0f1bb59f4abf60571672f72e4c04d003e370,2024-09,South Wales Police,South Wales Police,-3.847387,51.658461,On or near Wern Road,W01001987,Neath Port Talbot 010G,Violence and sexual offences,Investigation complete; no suspect identified,
7ba5ca0ea5d7d32147dfbf98cfb1b83ab9931755df2b0a9b258126844dac87a4,2024-09,South Wales Police,South Wales Police,-3.864088,51.629970,On or near Heol Yr Ysgol,W01001988,Neath Port Talbot 010H,Public order,Investigation complete; no suspect identified,
37e665fbc5e1d200f0b20371e9ffe00caaa93124480add5a9ffa78e6f7a21dde,2024-09,South Wales Police,South Wales Police,-3.854164,51.644551,On or near Glan Y Waun,W01001988,Neath Port Talbot 010H,Violence and sexual offences,Under investigation,
4775d3fb3f8ce3acd6d6f870b411f3e94e34e7744f1d7c70532c1412e5fed435,2024-09,South Wales Police,South Wales Police,-3.886500,51.620961,On or near Baldwin'S Crescent,W01001989,Neath Port Talbot 010I,Burglary,Unable to prosecute suspect,
964b60aa15b1304b303920749912c1e9718c7f52025321b2b4dfcc7efd9fb301,2024-09,South Wales Police,South Wales Police,-3.861449,51.628330,On or near Ashleigh Terrace,W01001989,Neath Port Talbot 010I,Other theft,Awaiting court outcome,
d59ece05537b5b25880a47701ee6d1fbebf64b962fb10f81c251a07502689d83,2024-09,South Wales Police,South Wales Police,-3.886500,51.620961,On or near Baldwin'S Crescent,W01001989,Neath Port Talbot 010I,Possession of weapons,Awaiting court outcome,
f1ee757534d23c33da41886ae3408e8318bc1e163ed333c4c6fcb9424013052a,2024-09,South Wales Police,South Wales Police,-3.861449,51.628330,On or near Ashleigh Terrace,W01001989,Neath Port Talbot 010I,Public order,Investigation complete; no suspect identified,
187324ff583f1f2bd51d888bac9ff81fe24f99cfc9b6b5409a05cc98c566f664,2024-09,South Wales Police,South Wales Police,-3.878054,51.621070,On or near Elba Crescent,W01001989,Neath Port Talbot 010I,Public order,Under investigation,
fececa04e5d4f559acfdfdec00a9f37ab55359129e35c06783b2326f8b4d71c7,2024-09,South Wales Police,South Wales Police,-3.878054,51.621070,On or near Elba Crescent,W01001989,Neath Port Talbot 010I,Violence and sexual offences,Under investigation,
403eafa337462ce756e5a545d2b58ebb978fd7a09bc2a3ab685f6f7edf2994d8,2024-09,South Wales Police,South Wales Police,-3.857855,51.629125,On or near Golwg Y Mor,W01001989,Neath Port Talbot 010I,Violence and sexual offences,Unable to prosecute suspect,
78056e0e2f10a0e40b87a1c8fcd54dca8031a062b17f03b0245125824f6ae9e4,2024-09,South Wales Police,South Wales Police,-3.854693,51.645469,On or near Glamorgan Green,W01001989,Neath Port Talbot 010I,Violence and sexual offences,Under investigation,
2a0ac13255cdf64f4e8663427a279ca5734a45f168e3c4e5aa0efdfab64a41d0,2024-09,South Wales Police,South Wales Police,-3.882786,51.620229,On or near Parking Area,W01001989,Neath Port Talbot 010I,Violence and sexual offences,Unable to prosecute suspect,
,2024-09,South Wales Police,South Wales Police,-3.809221,51.650908,On or near Meadow Road,W01000936,Neath Port Talbot 012A,Anti-social behaviour,,
,2024-09,South Wales Police,South Wales Police,-3.809221,51.650908,On or near Meadow Road,W01000936,Neath Port Talbot 012A,Anti-social behaviour,,
,2024-09,South Wales Police,South Wales Police,-3.806378,51.651411,On or near Foundry Road,W01000936,Neath Port Talbot 012A,Anti-social behaviour,,
932ae0ad0e9f228f058c706480a31351109370ac51de3b42128b5d6c120f5b89,2024-09,South Wales Police,South Wales Police,-3.810119,51.653142,On or near St Catherines Close,W01000936,Neath Port Talbot 012A,Criminal damage and arson,Investigation complete; no suspect identified,
041a4c9b965f4f4e1afc1e3c5fa68cbc3ed5dab414bca582686c195288827168,2024-09,South Wales Police,South Wales Police,-3.806378,51.651411,On or near Foundry Road,W01000936,Neath Port Talbot 012A,Criminal damage and arson,Unable to prosecute suspect,
06ff3a0ab6525a6e5d233dfea329fda6207a86c37f59debc8349f28537bb2e38,2024-09,South Wales Police,South Wales Police,-3.806378,51.651411,On or near Foundry Road,W01000936,Neath Port Talbot 012A,Other theft,Investigation complete; no suspect identified,
c35a9333ebd7d70401d086eda299eadc9fbc7465173a20491a76e3c1f8afc811,2024-09,South Wales Police,South Wales Police,-3.812503,51.648753,On or near Greenwood Road,W01000936,Neath Port Talbot 012A,Public order,Unable to prosecute suspect,
9d6cde0082fbc285e8f0803a6e9c12005ee2161faad44d612d764560ee2aa3da,2024-09,South Wales Police,South Wales Police,-3.810427,51.646717,On or near Clos Warren,W01000936,Neath Port Talbot 012A,Violence and sexual offences,Under investigation,
3e7d2d9578490ff826c31f4e184e0da6b3151009c0a86e66b8c89fcc2432edd3,2024-09,South Wales Police,South Wales Police,-3.812960,51.647901,On or near Chamberlain Road,W01000936,Neath Port Talbot 012A,Violence and sexual offences,Unable to prosecute suspect,
f5e169bfcfadae8688f519b2fa89ac6faf84395f6df042bb93545e6555290b5a,2024-09,South Wales Police,South Wales Police,-3.812960,51.647901,On or near Chamberlain Road,W01000936,Neath Port Talbot 012A,Violence and sexual offences,Awaiting court outcome,
a8e0c106140aab135059dcb46c4da0bd57d8b37d10db2d8de8ff5f67ca3e4d0f,2024-09,South Wales Police,South Wales Police,-3.812960,51.647901,On or near Chamberlain Road,W01000936,Neath Port Talbot 012A,Violence and sexual offences,Awaiting court outcome,
ed939c96de6b5a3ad86ff842ab60b203e0dcb8c3b0f07c2d93db4c6236919bab,2024-09,South Wales Police,South Wales Police,-3.798283,51.655429,On or near Highbury Court,W01000941,Neath Port Talbot 012B,Burglary,Under investigation,
945874960b5a39e5202bfcbdb3ee72a126cb07af7a133682dcf814334e7ec578,2024-09,South Wales Police,South Wales Police,-3.802354,51.654170,On or near Bowden Road,W01000941,Neath Port Talbot 012B,Criminal damage and arson,Investigation complete; no suspect identified,
ea6dfb2f3f9a61d00387cf766793d508949e5d0c67ac5bcfe378da39a77cf1e8,2024-09,South Wales Police,South Wales Police,-3.803682,51.653763,On or near Wallace Road,W01000941,Neath Port Talbot 012B,Criminal damage and arson,Under investigation,
e77660a20847417516b6e46fb1f13e608050e8aec22ebbb14420316a1b12872d,2024-09,South Wales Police,South Wales Police,-3.802354,51.654170,On or near Bowden Road,W01000941,Neath Port Talbot 012B,Criminal damage and arson,Unable to prosecute suspect,
4c029c4418741daf93176e061387ce4464dc7f60c17749d0b204b48e32103cf3,2024-09,South Wales Police,South Wales Police,-3.803682,51.653763,On or near Wallace Road,W01000941,Neath Port Talbot 012B,Theft from the person,Investigation complete; no suspect identified,
6643465b4b62fd3f9e932f9891aca7770e47e0c57513ab970c4ef4bf2fc1d394,2024-09,South Wales Police,South Wales Police,-3.802354,51.654170,On or near Bowden Road,W01000941,Neath Port Talbot 012B,Violence and sexual offences,Awaiting court outcome,
90bc66a5021de25fa499261f43b712e75f332d731051e2a864090095489c3a58,2024-09,South Wales Police,South Wales Police,-3.802354,51.654170,On or near Bowden Road,W01000941,Neath Port Talbot 012B,Violence and sexual offences,Unable to prosecute suspect,
0082ef376503e2b4ff0142e71bab7f62bd3cf14b279fddf429ad28e2fd41ddff,2024-09,South Wales Police,South Wales Police,-3.802354,51.654170,On or near Bowden Road,W01000941,Neath Port Talbot 012B,Violence and sexual offences,Under investigation,
07ecdd24e3339f520b593111b7e0ef517e6d74203db31fd04a857eb2222de543,2024-09,South Wales Police,South Wales Police,-3.802354,51.654170,On or near Bowden Road,W01000941,Neath Port Talbot 012B,Violence and sexual offences,Investigation complete; no suspect identified,
813bf4f6811653cfd4c9c343efb03a369ccbf080495f2454dc13fcd0803d1436,2024-09,South Wales Police,South Wales Police,-3.802354,51.654170,On or near Bowden Road,W01000941,Neath Port Talbot 012B,Violence and sexual offences,Investigation complete; no suspect identified,
7e6d0b2a80aff2a019fcb133a359e5a9744ba524865eafb7b4bdb4afbee4664f,2024-09,South Wales Police,South Wales Police,-3.798750,51.658443,On or near Theatre/Concert Hall,W01000941,Neath Port Talbot 012B,Violence and sexual offences,Under investigation,
,2024-09,South Wales Police,South Wales Police,-3.791712,51.649378,On or near Beacons View,W01000942,Neath Port Talbot 012C,Anti-social behaviour,,
,2024-09,South Wales Police,South Wales Police,-3.789407,51.647741,On or near Bwlch Crescent,W01000942,Neath Port Talbot 012C,Anti-social behaviour,,
fb9a1b9bf6926c730808249b1a18973966ba9a2d293c5f24352f0211ef25e44d,2024-09,South Wales Police,South Wales Police,-3.786689,51.650282,On or near Lime Grove,W01000942,Neath Port Talbot 012C,Drugs,Unable to prosecute suspect,
766703a13d08bdfcd6fcd97ffd5ae942aaff3e09319c9fa81b8a4a99139529fd,2024-09,South Wales Police,South Wales Police,-3.791712,51.649378,On or near Beacons View,W01000942,Neath Port Talbot 012C,Public order,Unable to prosecute suspect,
753fad705ea3faac65d83571a09dea9ba546f86948952320c8fedc6361194780,2024-09,South Wales Police,South Wales Police,-3.791712,51.649378,On or near Beacons View,W01000942,Neath Port Talbot 012C,Public order,Unable to prosecute suspect,
19f6ca849881127185f68a4af26b334d7ebe29487f7c9ffc8c8e6dd0bfe9b900,2024-09,South Wales Police,South Wales Police,-3.794893,51.651938,On or near Bryn Awel,W01000942,Neath Port Talbot 012C,Public order,Unable to prosecute suspect,
4ee5ca0da5f862abf0dfe47d7f38acdb77a884783d915e54d3658c073b1f53a8,2024-09,South Wales Police,South Wales Police,-3.794893,51.651938,On or near Bryn Awel,W01000942,Neath Port Talbot 012C,Violence and sexual offences,Unable to prosecute suspect,
c773c67ac153dfa7aadc12478650ea7166e516fd77a87dec699dbb6b63ead0ed,2024-09,South Wales Police,South Wales Police,-3.789407,51.647741,On or near Bwlch Crescent,W01000942,Neath Port Talbot 012C,Violence and sexual offences,Under investigation,
2911ff2d9e6b9de72579f3b4975eb670717b01b4f8cb658a7c62997520c4eaa7,2024-09,South Wales Police,South Wales Police,-3.786689,51.650282,On or near Lime Grove,W01000942,Neath Port Talbot 012C,Violence and sexual offences,Unable to prosecute suspect,
d566d13740feba12308d71121f10d8437f58a8eb44c6e77f3212b26725631303,2024-09,South Wales Police,South Wales Police,-3.786689,51.650282,On or near Lime Grove,W01000942,Neath Port Talbot 012C,Violence and sexual offences,Unable to prosecute suspect,
90fe910bff89f6f6ba9cab6308a5b0a001ca0c17df9e2a4edbc188a73b6dc14e,2024-09,South Wales Police,South Wales Police,-3.791712,51.649378,On or near Beacons View,W01000942,Neath Port Talbot 012C,Other crime,Under investigation,
e69ddffe3344e0f1d06486988ea414480673b5942883112382c64376b4ed25a8,2024-09,South Wales Police,South Wales Police,-3.791678,51.652247,On or near Supermarket,W01000943,Neath Port Talbot 012D,Shoplifting,Investigation complete; no suspect identified,
f123cc1ee24625d3acd9123ab99f8f73bbb57ea6a10471fe4f399621f87cdae2,2024-09,South Wales Police,South Wales Police,-3.791678,51.652247,On or near Supermarket,W01000943,Neath Port Talbot 012D,Shoplifting,Investigation complete; no suspect identified,
1971c2ab99948985c5eb4553c03dbe6244711108b8dc48ffb1b081868341b100,2024-09,South Wales Police,South Wales Police,-3.791678,51.652247,On or near Supermarket,W01000943,Neath Port Talbot 012D,Shoplifting,Investigation complete; no suspect identified,
,2024-09,South Wales Police,South Wales Police,-3.818373,51.639769,On or near Alexander Road,W01000894,Neath Port Talbot 013A,Anti-social behaviour,,
d1f8ed7afcbc2e8875f759c0fd3cca0389c51ea7e8c8af8824311724184d6482,2024-09,South Wales Police,South Wales Police,-3.808963,51.640445,On or near Manor Way,W01000894,Neath Port Talbot 013A,Burglary,Investigation complete; no suspect identified,
dc5b61b2097a63544074cebf1442bac87d4bca555162400f9652aa0d47057252,2024-09,South Wales Police,South Wales Police,-3.818198,51.643693,On or near Farm Road,W01000894,Neath Port Talbot 013A,Criminal damage and arson,Unable to prosecute suspect,
5e0206e36cfab217136819a9359d834081210a0ac9c243c072b1a3e575fb3e24,2024-09,South Wales Police,South Wales Police,-3.818671,51.643964,On or near Morgan'S Terrace,W01000894,Neath Port Talbot 013A,Criminal damage and arson,Investigation complete; no suspect identified,
a00596b2bdb89f0e507353ebdcf8eb4497c122a71f7b925263448ce7a700e868,2024-09,South Wales Police,South Wales Police,-3.817833,51.642529,On or near Station Road,W01000894,Neath Port Talbot 013A,Violence and sexual offences,Unable to prosecute suspect,
e82bfde13f858703ea1ee493b7c565a1ea26f62452a9fd96bc0de624f3a8748d,2024-09,South Wales Police,South Wales Police,-3.818198,51.643693,On or near Farm Road,W01000894,Neath Port Talbot 013A,Violence and sexual offences,Under investigation,
b49b36cd0ca323b2684233eb45632d7d41f9dce47e43df0713c57d96b0bdddc0,2024-09,South Wales Police,South Wales Police,-3.818198,51.643693,On or near Farm Road,W01000894,Neath Port Talbot 013A,Violence and sexual offences,Awaiting court outcome,
5f093e6857dfcaf219f4997a23607be5899aa4bd32d86d606a652ad5d32b3982,2024-09,South Wales Police,South Wales Police,-3.818373,51.639769,On or near Alexander Road,W01000894,Neath Port Talbot 013A,Violence and sexual offences,Further investigation is not in the public interest,
f64c44b7c3baf0bbf0dd8fdcec33a0f22b2eeaa1b1c6dd3a7f0f11a7e7f59295,2024-09,South Wales Police,South Wales Police,-3.818249,51.640985,On or near Tucker Street,W01000894,Neath Port Talbot 013A,Violence and sexual offences,Unable to prosecute suspect,
7a59433789a04d4e3d757efb073a84572b7195732b27cff02fe04e737f1eeb3c,2024-09,South Wales Police,South Wales Police,-3.815502,51.639064,On or near Sports/Recreation Area,W01000894,Neath Port Talbot 013A,Violence and sexual offences,Investigation complete; no suspect identified,
,2024-09,South Wales Police,South Wales Police,-3.819019,51.632781,On or near Thomas Street,W01000895,Neath Port Talbot 013B,Anti-social behaviour,,
4ec60ed8cf5c6b163a3185979d8bda8aa7793c0ce9ae790425840d37f684e0f8,2024-09,South Wales Police,South Wales Police,-3.820035,51.631471,On or near Parking Area,W01000895,Neath Port Talbot 013B,Criminal damage and arson,Investigation complete; no suspect identified,
6d74228a7e48e2def1e1b74efd736c7498e13885ee7cbd03d7a64b02196c4e09,2024-09,South Wales Police,South Wales Police,-3.819299,51.634378,On or near Stryd Caroline,W01000895,Neath Port Talbot 013B,Public order,Unable to prosecute suspect,
2bfe77023eb8efe13ef11ecc392730c95d6c4d92eb411c8497e26be76f2f475e,2024-09,South Wales Police,South Wales Police,-3.818088,51.636977,On or near Stryd Hoo,W01000895,Neath Port Talbot 013B,Public order,Unable to prosecute suspect,
24bd43a318723d587452682eb0759ad61ca95305c386515b6b0f0adb78dd6cb0,2024-09,South Wales Police,South Wales Police,-3.819351,51.638549,On or near Parking Area,W01000895,Neath Port Talbot 013B,Public order,Investigation complete; no suspect identified,
817ff42c40d0d84e14f8dbe0749c7784f1a34c80fb366dccc33acfaf8b12550a,2024-09,South Wales Police,South Wales Police,-3.818088,51.636977,On or near Stryd Hoo,W01000895,Neath Port Talbot 013B,Shoplifting,Awaiting court outcome,
f3bbddd166c5b6bc62b4d7c4fd3d578179b5556820846e88fb4a5d476a0a92e3,2024-09,South Wales Police,South Wales Police,-3.819699,51.633184,On or near Stryd Hunter,W01000895,Neath Port Talbot 013B,Vehicle crime,Investigation complete; no suspect identified,
4cc8996d60cd990bc13a8dcd1f0147320b3738c136d5c3308358b2e82d96c857,2024-09,South Wales Police,South Wales Police,-3.817459,51.632814,On or near Craig Road,W01000895,Neath Port Talbot 013B,Violence and sexual offences,Under investigation,
6e945d4b4ac8bcb68f0e4bb14b04ba476cd42738ca882ea5214a0d2506694cb8,2024-09,South Wales Police,South Wales Police,-3.817908,51.637519,On or near Stryd Osterley,W01000895,Neath Port Talbot 013B,Violence and sexual offences,Unable to prosecute suspect,
54d2a875c2812d440d835415c0703e7a065fa820df988c11678c0a4822cd861b,2024-09,South Wales Police,South Wales Police,-3.817459,51.632814,On or near Craig Road,W01000895,Neath Port Talbot 013B,Violence and sexual offences,Awaiting court outcome,
,2024-09,South Wales Police,South Wales Police,-3.826120,51.643363,On or near Parc Newydd,W01000896,Neath Port Talbot 013C,Anti-social behaviour,,
a3858ce140203f1610ce0f68983d836b625a0cc20361ea0a0d3187d7131ad01e,2024-09,South Wales Police,South Wales Police,-3.826120,51.643363,On or near Parc Newydd,W01000896,Neath Port Talbot 013C,Possession of weapons,Awaiting court outcome,
2ab90f7cd28f45e92b7ce69e501cf9b1af2b9caaf932c2cdd2d9948f7d289e0a,2024-09,South Wales Police,South Wales Police,-3.821926,51.640425,On or near Carlyle Street,W01000896,Neath Port Talbot 013C,Vehicle crime,Investigation complete; no suspect identified,
b8ebfd553c4fac8d4668dec006177a956fc3eebde08e6cdbdd614f67327c637d,2024-09,South Wales Police,South Wales Police,-3.823176,51.639893,On or near Ruskin Street,W01000896,Neath Port Talbot 013C,Vehicle crime,Investigation complete; no suspect identified,
a8dcc5e3d23a98f1b20470c9555a4acd073eac07117c857e7c96eb40b12925d8,2024-09,South Wales Police,South Wales Police,-3.823176,51.639893,On or near Ruskin Street,W01000896,Neath Port Talbot 013C,Vehicle crime,Investigation complete; no suspect identified,
0eac3d6c757adc4fea9e9ba55c691046403d8ab674d1b794e336a55def2b5417,2024-09,South Wales Police,South Wales Police,-3.823176,51.639893,On or near Ruskin Street,W01000896,Neath Port Talbot 013C,Vehicle crime,Investigation complete; no suspect identified,
79fbafd0ce74d7ce874fd86201fb972f8914000b533494ffbbd647a88a12b00c,2024-09,South Wales Police,South Wales Police,-3.826073,51.643283,On or near Fairlawns,W01000896,Neath Port Talbot 013C,Violence and sexual offences,Unable to prosecute suspect,
ad8f3816ef99e8136623b4a213575aec6e1cdd22588e6abe030324d65b5bbd00,2024-09,South Wales Police,South Wales Police,-3.821926,51.640425,On or near Carlyle Street,W01000896,Neath Port Talbot 013C,Violence and sexual offences,Local resolution,
e6ee2f631db32b53cacee5d112ae76afd53779fc3447c8344c8bf3b3b97f9002,2024-09,South Wales Police,South Wales Police,-3.826073,51.643283,On or near Fairlawns,W01000896,Neath Port Talbot 013C,Violence and sexual offences,Unable to prosecute suspect,
a3e0167dca77828dda9a5e2644a043abe35b5c150397ac55237d542d3d992d3f,2024-09,South Wales Police,South Wales Police,-3.823703,51.643293,On or near Cilgant Llansawel,W01000896,Neath Port Talbot 013C,Violence and sexual offences,Awaiting court outcome,
bee8b94eab0a773ec17343b2f6c8edd664e16735943299ce295b8373f01fb628,2024-09,South Wales Police,South Wales Police,-3.823974,51.638154,On or near Stryd Gethin,W01000896,Neath Port Talbot 013C,Violence and sexual offences,Unable to prosecute suspect,
8dc2af324a12659be2b93a94af8fe030b0d41ccbfdea92e6bb122024d9eadf59,2024-09,South Wales Police,South Wales Police,-3.825015,51.639972,On or near Glanymor Street,W01000896,Neath Port Talbot 013C,Violence and sexual offences,Further investigation is not in the public interest,
,2024-09,South Wales Police,South Wales Police,-3.828303,51.631882,On or near Warren Hill,W01000897,Neath Port Talbot 013D,Anti-social behaviour,,
,2024-09,South Wales Police,South Wales Police,-3.821801,51.633341,On or near Regent Street West,W01000897,Neath Port Talbot 013D,Anti-social behaviour,,
,2024-09,South Wales Police,South Wales Police,-3.825430,51.636989,On or near Wern Bank,W01000897,Neath Port Talbot 013D,Anti-social behaviour,,
0dc5bb6a016944fbe7d6e9811454bfcbc12e38a3091cccc494eb856422842ff8,2024-09,South Wales Police,South Wales Police,-3.826513,51.633375,On or near Margaret'S Close,W01000897,Neath Port Talbot 013D,Criminal damage and arson,Investigation complete; no suspect identified,
c97ae29c1fa9006bdc32b111b7ccef3026b809d4cabbb23c92c91a1c21f81c38,2024-09,South Wales Police,South Wales Police,-3.823347,51.634054,On or near Victoria Street,W01000897,Neath Port Talbot 013D,Public order,Further investigation is not in the public interest,
a526495e94e2032ba4944b6d1cd067f81f740290c573091ff0e9d440ad6f3bcb,2024-09,South Wales Police,South Wales Police,-3.823347,51.634054,On or near Victoria Street,W01000897,Neath Port Talbot 013D,Violence and sexual offences,Unable to prosecute suspect,
21bebf7b0ce83c11aef410979e45091d4011f94375a790e83773ac757e965fc2,2024-09,South Wales Police,South Wales Police,-3.824159,51.631613,On or near Kennel Row,W01000897,Neath Port Talbot 013D,Violence and sexual offences,Unable to prosecute suspect,
beba8d0919a7c31301056a3783e8982a58dc001d8d44ac344e57ecf3e6b087ce,2024-09,South Wales Police,South Wales Police,-3.825003,51.632823,On or near Vernon Place,W01000897,Neath Port Talbot 013D,Violence and sexual offences,Under investigation,
3d4f5ed14d0dd7f8178ab012f6f6c134d8be6cbbd1398cae97354b4a2b442dfe,2024-09,South Wales Police,South Wales Police,-3.822784,51.636230,On or near Shelone Road,W01000897,Neath Port Talbot 013D,Violence and sexual offences,Under investigation,
3fd33d269cac31777110ae32c5eeedc7ec7c79a1568083ed0a42e7df757b8771,2024-09,South Wales Police,South Wales Police,-3.823347,51.634054,On or near Victoria Street,W01000897,Neath Port Talbot 013D,Violence and sexual offences,Unable to prosecute suspect,
001e540121f33051a698f8a6bfa7d43252694f5953534c05ef63d8a1bf239f74,2024-09,South Wales Police,South Wales Police,-3.823019,51.638501,On or near Brynhyfryd Road,W01000897,Neath Port Talbot 013D,Violence and sexual offences,Unable to prosecute suspect,
67d079ff034cf6cdbbfacaa8dd671fb094e16aca063af87f52b3dd89f8f019e3,2024-09,South Wales Police,South Wales Police,-3.826513,51.633375,On or near Margaret'S Close,W01000897,Neath Port Talbot 013D,Violence and sexual offences,Under investigation,
,2024-09,South Wales Police,South Wales Police,-3.812672,51.656250,On or near Parking Area,W01000937,Neath Port Talbot 013E,Anti-social behaviour,,
,2024-09,South Wales Police,South Wales Police,-3.816560,51.650094,On or near Grove Lane,W01000937,Neath Port Talbot 013E,Anti-social behaviour,,
,2024-09,South Wales Police,South Wales Police,-3.815051,51.645225,On or near Geraint Jeremiah Close,W01000937,Neath Port Talbot 013E,Anti-social behaviour,,
,2024-09,South Wales Police,South Wales Police,-3.816560,51.650094,On or near Grove Lane,W01000937,Neath Port Talbot 013E,Anti-social behaviour,,
,2024-09,South Wales Police,South Wales Police,-3.812672,51.656250,On or near Parking Area,W01000937,Neath Port Talbot 013E,Anti-social behaviour,,
06d92fac30d8f25dbbfc44d716a575410b535e7749b1993b038273b7fd2af21c,2024-09,South Wales Police,South Wales Police,-3.815385,51.649608,On or near Morgans Road,W01000937,Neath Port Talbot 013E,Criminal damage and arson,Investigation complete; no suspect identified,
68dfe627f4c6d7d3ea752fa9c747e52e21dab6fbf54014f54067dc8281e37cfc,2024-09,South Wales Police,South Wales Police,-3.814809,51.648223,On or near Lansdown Court,W01000937,Neath Port Talbot 013E,Criminal damage and arson,Under investigation,
231245643962d5389d4b1df78c013a64ae929c18a6aab1e00fb3d7198c42cc32,2024-09,South Wales Police,South Wales Police,-3.813954,51.652287,On or near Petrol Station,W01000937,Neath Port Talbot 013E,Other theft,Investigation complete; no suspect identified,
d0283a834cc657dffb9c4110e068045bc441ba939d652aa1b87ce1621b7abe2c,2024-09,South Wales Police,South Wales Police,-3.811332,51.652386,On or near School Road,W01000937,Neath Port Talbot 013E,Public order,Investigation complete; no suspect identified,
dec5a3f1673a43755176addffa66c9d96bca8f2482fc0f81bdadb41b381501d4,2024-09,South Wales Police,South Wales Police,-3.813222,51.651926,On or near Walters Road,W01000937,Neath Port Talbot 013E,Public order,Unable to prosecute suspect,
dcda10acad518bede84be52f5c0b46c7e8a4534be5089afa95d2aedb8335a953,2024-09,South Wales Police,South Wales Police,-3.813092,51.650849,On or near Heol Evans,W01000937,Neath Port Talbot 013E,Public order,Unable to prosecute suspect,
307210c20150a20bf8bb9b4b0375f0e30be76b694049a283a1a7f0f4d8a69c37,2024-09,South Wales Police,South Wales Police,-3.817441,51.650053,On or near Furnace Terrace,W01000937,Neath Port Talbot 013E,Vehicle crime,Investigation complete; no suspect identified,
2885bd8bc2e2b027fc930ad617b297d602bdcf775a9b70a5b2dfeaab4f594ae9,2024-09,South Wales Police,South Wales Police,-3.812672,51.656250,On or near Parking Area,W01000937,Neath Port Talbot 013E,Vehicle crime,Investigation complete; no suspect identified,
b8237bfcb3867498b417411e61377f969a6cb88e4c57bbf87e3258a5c34c31ca,2024-09,South Wales Police,South Wales Police,-3.811332,51.652386,On or near School Road,W01000937,Neath Port Talbot 013E,Violence and sexual offences,Investigation complete; no suspect identified,
ea9a791e347ea0bbc47a762d8cd0c1c57fca4cb107d2414446cb16e7a135dc6d,2024-09,South Wales Police,South Wales Police,-3.813092,51.650849,On or near Heol Evans,W01000937,Neath Port Talbot 013E,Violence and sexual offences,Unable to prosecute suspect,
392d9ce4439bc1bb0daa32dae762dce2b304f864356349ed139f1ac1b5f8d557,2024-09,South Wales Police,South Wales Police,-3.816715,51.644570,On or near Clos Havard Jones,W01000937,Neath Port Talbot 013E,Violence and sexual offences,Unable to prosecute suspect,
b2439874ce44786793031b8dbeb588b25869b684a212a32e5be2a859c6831bfb,2024-09,South Wales Police,South Wales Police,-3.811332,51.652386,On or near School Road,W01000937,Neath Port Talbot 013E,Violence and sexual offences,Under investigation,
534913b7ca53d02a4b45b024e15fcf1162139286367389b3197bc402e88d6aae,2024-09,South Wales Police,South Wales Police,-3.814809,51.648223,On or near Lansdown Court,W01000937,Neath Port Talbot 013E,Violence and sexual offences,Unable to prosecute suspect,
f6f49eeef63876f24c34d588faa574bc02ddcd78acc52ba85ec4b6806d68ce21,2024-09,South Wales Police,South Wales Police,-3.816560,51.650094,On or near Grove Lane,W01000937,Neath Port Talbot 013E,Violence and sexual offences,Unable to prosecute suspect,
23e483173e479bd1e7c0b1bb2d8673c0a2639ff8495aa8af00dc7f7359aef3d6,2024-09,South Wales Police,South Wales Police,-3.818637,51.645277,On or near Llys-Y-Nant,W01000937,Neath Port Talbot 013E,Violence and sexual offences,Unable to prosecute suspect,
388ed718f3c50b56d2492ee338039634a2160e90e4343c8f751208013def5700,2024-09,South Wales Police,South Wales Police,-3.815516,51.649993,On or near Melyn Close,W01000937,Neath Port Talbot 013E,Violence and sexual offences,Unable to prosecute suspect,
5226520ed002e0973f7f0a0b2344475780db11e8812a462b6fe8acfd8012cfe3,2024-09,South Wales Police,South Wales Police,-3.818637,51.645277,On or near Llys-Y-Nant,W01000937,Neath Port Talbot 013E,Violence and sexual offences,Unable to prosecute suspect,
0bf97a74bedd77ace5af4bc6beb7065c28767474d122f4988be61c50b67d7785,2024-09,South Wales Police,South Wales Police,-3.816560,51.650094,On or near Grove Lane,W01000937,Neath Port Talbot 013E,Violence and sexual offences,Unable to prosecute suspect,
a633dd95bdc8e68fc803dc67e5f233c413ec0e877d82e51b067d4a41e70f79d7,2024-09,South Wales Police,South Wales Police,-3.816560,51.650094,On or near Grove Lane,W01000937,Neath Port Talbot 013E,Violence and sexual offences,Unable to prosecute suspect,
9a36894b5700b617cbb43f38c5bf7d9465d533af6ee6f1ec9dd2a0dc118e41c2,2024-09,South Wales Police,South Wales Police,-3.816560,51.650094,On or near Grove Lane,W01000937,Neath Port Talbot 013E,Violence and sexual offences,Unable to prosecute suspect,
aa6eb6ccf9aec1562f8d16382690f14c84da2b7fdaaae184a30f6b4ac06577c9,2024-09,South Wales Police,South Wales Police,-3.813222,51.651926,On or near Walters Road,W01000937,Neath Port Talbot 013E,Violence and sexual offences,Unable to prosecute suspect,
01fdb8e40debba465231c4bc6b6fa769d07e8e6ba364adbb3a530ea0459be356,2024-09,South Wales Police,South Wales Police,-3.816560,51.650094,On or near Grove Lane,W01000937,Neath Port Talbot 013E,Violence and sexual offences,Unable to prosecute suspect,
20b569bbc21f3a27afd683ef89850d52a152feb1307987a5d7f81a7a288d7f47,2024-09,South Wales Police,South Wales Police,-3.708642,51.614064,On or near Galltcwm Terrace,W01000898,Neath Port Talbot 014A,Other theft,Investigation complete; no suspect identified,
526fee3195a0d8986c00e64191b2cd0bf60c1ca0612f6045229193b2e0016c00,2024-09,South Wales Police,South Wales Police,-3.714357,51.617406,On or near Welfare Avenue,W01000898,Neath Port Talbot 014A,Public order,Unable to prosecute suspect,
fdd6f8c6fb8332cda723c8b2255d013df0ef1ef802545f477878ad66821215c7,2024-09,South Wales Police,South Wales Police,-3.717429,51.616138,On or near Baldwin Street,W01000898,Neath Port Talbot 014A,Public order,Unable to prosecute suspect,
569b5b6548dda92f7690bb1878ba220b200ac897101c4979e2da4f400ff59ca5,2024-09,South Wales Police,South Wales Police,-3.746509,51.623362,On or near Twyn-Yr-Ynys,W01000898,Neath Port Talbot 014A,Violence and sexual offences,Under investigation,
49d21ee9ef38f62de05c449ed34ed7e8fe35074b2d20654033a168d6e3d3ccc1,2024-09,South Wales Police,South Wales Police,-3.714357,51.617406,On or near Welfare Avenue,W01000898,Neath Port Talbot 014A,Violence and sexual offences,Unable to prosecute suspect,
,2024-09,South Wales Police,South Wales Police,-3.768142,51.615727,On or near Ffordd Dinas,W01000899,Neath Port Talbot 014B,Anti-social behaviour,,
,2024-09,South Wales Police,South Wales Police,-3.767733,51.617451,On or near Brynbryddan,W01000899,Neath Port Talbot 014B,Anti-social behaviour,,
,2024-09,South Wales Police,South Wales Police,-3.767733,51.617451,On or near Brynbryddan,W01000899,Neath Port Talbot 014B,Anti-social behaviour,,
e12bc35bbae080982136c536a3979ff2f34d776a598784fc45fa2e68d2bf0fce,2024-09,South Wales Police,South Wales Police,-3.759790,51.616752,On or near Maes-Y-Parc,W01000899,Neath Port Talbot 014B,Violence and sexual offences,Unable to prosecute suspect,
fd69e79d1ab8b9d73b22078022f9de5bed9b2e59e486914880a1a0881dc2198a,2024-09,South Wales Police,South Wales Police,-3.767733,51.617451,On or near Brynbryddan,W01000899,Neath Port Talbot 014B,Violence and sexual offences,Unable to prosecute suspect,
a631229d8b641aece6a448fb9eb421ebbc36838fb0fe3869c8a83ed32fd6d6f8,2024-09,South Wales Police,South Wales Police,-3.761339,51.614597,On or near Depot Road,W01000899,Neath Port Talbot 014B,Violence and sexual offences,Unable to prosecute suspect,
aa574782019396ffdd5681bb72e883173e822721ab57c570ee7407e7d779f002,2024-09,South Wales Police,South Wales Police,-3.759790,51.616752,On or near Maes-Y-Parc,W01000899,Neath Port Talbot 014B,Violence and sexual offences,Under investigation,
e2034598306619524a664ca8ab192f446cab44b94c1a82beb96bddeea67bd8ff,2024-09,South Wales Police,South Wales Police,-3.765524,51.616009,On or near Heol-Y-Parc,W01000899,Neath Port Talbot 014B,Other crime,Investigation complete; no suspect identified,
7ee396386a6b98659425edee529bde47f6134da8c79abe0bfce4e7ef2789350d,2024-09,South Wales Police,South Wales Police,-3.759425,51.618142,On or near Heol-Jiwbili,W01000900,Neath Port Talbot 014C,Public order,Awaiting court outcome,
435ee61cddf0c06e55b4ab558b5988dc16b27a30de882a19eb4e5712e74ff879,2024-09,South Wales Police,South Wales Police,-3.759425,51.618142,On or near Heol-Jiwbili,W01000900,Neath Port Talbot 014C,Violence and sexual offences,Awaiting court outcome,
ee83601995a4373045ba691a5a1eadabe0c5963db125a12696821f045e29ca6a,2024-09,South Wales Police,South Wales Police,-3.761777,51.616596,On or near Penllyn,W01000900,Neath Port Talbot 014C,Violence and sexual offences,Awaiting court outcome,
9dca52baaeb34b93b2d68cdd96de0487d5fbf801898c5f3d44d74370c39835df,2024-09,South Wales Police,South Wales Police,-3.757290,51.617473,On or near Supermarket,W01000900,Neath Port Talbot 014C,Violence and sexual offences,Unable to prosecute suspect,
01575547e3721fa00a1e7545539f61caa9e36a89308f0a3d3bad791d7e14bc6e,2024-09,South Wales Police,South Wales Police,-3.756245,51.618837,On or near Waun Wen,W01000900,Neath Port Talbot 014C,Violence and sexual offences,Unable to prosecute suspect,
7afd0fdeedfb7ff1cb38ba2a653ee0734550fb9f16896c10dc2fe53bcf020e38,2024-09,South Wales Police,South Wales Police,-3.759425,51.618142,On or near Heol-Jiwbili,W01000900,Neath Port Talbot 014C,Violence and sexual offences,Under investigation,
2b87d7c33c90e3a082aa3536b4a8defe93c6e142280de1c40432e68b004c4090,2024-09,South Wales Police,South Wales Police,-3.761777,51.616596,On or near Penllyn,W01000900,Neath Port Talbot 014C,Violence and sexual offences,Awaiting court outcome,
d08b78179fefc729d903e87ce5975692457432e71b33b77bffd92273497fb72f,2024-09,South Wales Police,South Wales Police,-3.761777,51.616596,On or near Penllyn,W01000900,Neath Port Talbot 014C,Violence and sexual offences,Awaiting court outcome,
e5e045089e1cf015c3f5b019171e0983db4a43ae979e205fc1883e540e54773e,2024-09,South Wales Police,South Wales Police,-3.759425,51.618142,On or near Heol-Jiwbili,W01000900,Neath Port Talbot 014C,Violence and sexual offences,Awaiting court outcome,
0f94c36624455d4e406e44776f0c6bc593e727369c741d79aad3bdff6bd05c0f,2024-09,South Wales Police,South Wales Police,-3.759425,51.618142,On or near Heol-Jiwbili,W01000900,Neath Port Talbot 014C,Violence and sexual offences,Awaiting court outcome,
abff49ca001f47dfe13fa612beadf4263d4b07d97bc78859e9648a10432cd886,2024-09,South Wales Police,South Wales Police,-3.759425,51.618142,On or near Heol-Jiwbili,W01000900,Neath Port Talbot 014C,Violence and sexual offences,Under investigation,
,2024-09,South Wales Police,South Wales Police,-3.772874,51.616321,On or near Cefncoed Road,W01000901,Neath Port Talbot 014D,Anti-social behaviour,,
,2024-09,South Wales Police,South Wales Police,-3.751419,51.621067,On or near Heol Taliesin,W01000901,Neath Port Talbot 014D,Anti-social behaviour,,
,2024-09,South Wales Police,South Wales Police,-3.762595,51.619066,On or near Heol Mabon,W01000901,Neath Port Talbot 014D,Anti-social behaviour,,
2820fc4a472becb6288a7dfd6d1ecf8f8bb3beb66973a6f058fa34e2ce910c68,2024-09,South Wales Police,South Wales Police,-3.746644,51.636659,On or near Main Road,W01000945,Neath Port Talbot 014E,Burglary,Investigation complete; no suspect identified,
e0f412f529f417a4b2afb35d545f370337a4ad003b7f5118f07de2b30c22bc07,2024-09,South Wales Police,South Wales Police,-3.741282,51.633619,On or near Station Road,W01000945,Neath Port Talbot 014E,Burglary,Investigation complete; no suspect identified,
7121bdc20ba141b85443aaa7c3c23c4be426218c6da1c477966bb4c4c3bb6cb9,2024-09,South Wales Police,South Wales Police,-3.752695,51.645552,On or near Ton-Mawr Road,W01000945,Neath Port Talbot 014E,Criminal damage and arson,Investigation complete; no suspect identified,
036dff9ba6e6339b6f95b880416cd8a7183d2fbf5159999ef948bc94527350c3,2024-09,South Wales Police,South Wales Police,-3.741282,51.633619,On or near Station Road,W01000945,Neath Port Talbot 014E,Criminal damage and arson,Investigation complete; no suspect identified,
9fa7fe38f42fc6bc7561384f5c184a470ce8f67c10b963451efbfae461139e88,2024-09,South Wales Police,South Wales Police,-3.741282,51.633619,On or near Station Road,W01000945,Neath Port Talbot 014E,Other theft,Investigation complete; no suspect identified,
00e6c8087b0614621a1d70cf6fc708d5f48082ce8c0fab1f14995f30d1e9985b,2024-09,South Wales Police,South Wales Police,-3.753131,51.644485,On or near Curwen Close,W01000945,Neath Port Talbot 014E,Violence and sexual offences,Unable to prosecute suspect,
627feb7e5ee5220794c3c06f99ba1fb93ba4f8da079e58fd6741e5fdac342537,2024-09,South Wales Police,South Wales Police,-3.806755,51.614357,On or near The Dell,W01000889,Neath Port Talbot 015A,Criminal damage and arson,Under investigation,
67d062eae159443b985a426edd95a8c3e6bbf8f2225c39597314457833eee128,2024-09,South Wales Police,South Wales Police,-3.790025,51.600297,On or near Pentyla-Baglan Road,W01000889,Neath Port Talbot 015A,Criminal damage and arson,Unable to prosecute suspect,
70d27e7242f69183dff1bfc8cc9f5f6481b8ffc3cd159e3a413310d3e6d7042a,2024-09,South Wales Police,South Wales Police,-3.806755,51.614357,On or near The Dell,W01000889,Neath Port Talbot 015A,Violence and sexual offences,Awaiting court outcome,
717df0feeccbc18a186a1b4f4c6b3fbc2524fe485190a0926d5636b98e196174,2024-09,South Wales Police,South Wales Police,-3.806755,51.614357,On or near The Dell,W01000889,Neath Port Talbot 015A,Violence and sexual offences,Awaiting court outcome,
c4b6f281defc9a6524d5601c760b5401a48eb5501aa2b826810f4df7fb86f7c4,2024-09,South Wales Police,South Wales Police,-3.806101,51.614250,On or near Brookside Close,W01000889,Neath Port Talbot 015A,Violence and sexual offences,Unable to prosecute suspect,
fba4dd90d4dbe5dfece3d703c0a632d412d86c7f75f1311a27d33a8495fef312,2024-09,South Wales Police,South Wales Police,-3.802881,51.616457,On or near Wells Road,W01000890,Neath Port Talbot 015B,Other theft,Investigation complete; no suspect identified,
df6e56c7d52801e19db2a94cce6f5c0f1eb759f8cb93d1dd3f1366d7c50fddb9,2024-09,South Wales Police,South Wales Police,-3.799692,51.618368,On or near Hilltop Close,W01000890,Neath Port Talbot 015B,Violence and sexual offences,Unable to prosecute suspect,
,2024-09,South Wales Police,South Wales Police,-3.806366,51.621646,On or near Llys Mamets,W01000891,Neath Port Talbot 015C,Anti-social behaviour,,
0fa003979cb5b64bc7ad15c70b9c83f8b5ba5fa3fc81bc26de14a066b4806cb7,2024-09,South Wales Police,South Wales Police,-3.806376,51.620810,On or near Parking Area,W01000891,Neath Port Talbot 015C,Public order,Investigation complete; no suspect identified,
9c061a6a1e1b7a2299bc112e2b87371063d6114c8f3fe5fec388c1eda797f006,2024-09,South Wales Police,South Wales Police,-3.818931,51.624465,On or near Swan Street,W01000891,Neath Port Talbot 015C,Violence and sexual offences,Unable to prosecute suspect,
97d94682be6311df4c5bcaedc92f4c5abdb9bb8fe7684b715b44071fcba42157,2024-09,South Wales Police,South Wales Police,-3.809136,51.622647,On or near Birch Road,W01000891,Neath Port Talbot 015C,Violence and sexual offences,Under investigation,
,2024-09,South Wales Police,South Wales Police,-3.820095,51.615266,On or near Helios Drive,W01000892,Neath Port Talbot 015D,Anti-social behaviour,,
927885242e7080cbeabd22372ae5e650834cfe33174d651be4153cbed9a92539,2024-09,South Wales Police,South Wales Police,-3.817789,51.622999,On or near Swan Road,W01000892,Neath Port Talbot 015D,Criminal damage and arson,Unable to prosecute suspect,
e78de87c2683403dda1a39087ce8e87a089939ff61b6afc3403984dbdd60d642,2024-09,South Wales Police,South Wales Police,-3.814282,51.622001,On or near Albion Road Approach,W01000892,Neath Port Talbot 015D,Other theft,Investigation complete; no suspect identified,
ff20943c3b3063aded81c4f8a2b165dd74fa5db1011b969b11451cfd7f2ac38c,2024-09,South Wales Police,South Wales Police,-3.812286,51.605252,On or near Chalice Court,W01000883,Neath Port Talbot 016A,Other theft,Investigation complete; no suspect identified,
ffa152f8ae44ff145dda5572cf6cfc2824df8aec5dece5e5f745aefc66c0d69b,2024-09,South Wales Police,South Wales Police,-3.812286,51.605252,On or near Chalice Court,W01000883,Neath Port Talbot 016A,Other theft,Investigation complete; no suspect identified,
4959a09d8464a451a1c66f600d6b4d24e33ea7bb745b5f66f0633dda05be9b7a,2024-09,South Wales Police,South Wales Police,-3.812286,51.605252,On or near Chalice Court,W01000883,Neath Port Talbot 016A,Other theft,Investigation complete; no suspect identified,
fbcdfbce780a880661a1a95396ef2b7a3197ec6955734ece5958cd8d69f50968,2024-09,South Wales Police,South Wales Police,-3.803749,51.607029,On or near Ffordd Baglan,W01000883,Neath Port Talbot 016A,Other theft,Investigation complete; no suspect identified,
163602f1780d507e76429d745fd9c93d40d6566b4b04de49e3e19b4bfe5bfe7c,2024-09,South Wales Police,South Wales Police,-3.812286,51.605252,On or near Chalice Court,W01000883,Neath Port Talbot 016A,Shoplifting,Unable to prosecute suspect,
54e1e38569831f8dc97ed25271338cf86eecf533ae71c98448b8be162460f6d4,2024-09,South Wales Police,South Wales Police,-3.812286,51.605252,On or near Chalice Court,W01000883,Neath Port Talbot 016A,Shoplifting,Investigation complete; no suspect identified,
2d7bac0ec8947cb0e915c8c1fcb775d9f93a3ac3360445c47bfc0f1f2d51b2ce,2024-09,South Wales Police,South Wales Police,-3.814536,51.608814,On or near Village Gardens,W01000883,Neath Port Talbot 016A,Violence and sexual offences,Unable to prosecute suspect,
35108a9f9fc0a577a16400d8ed78dade069cd537ba1cadd7d110c2463bf72462,2024-09,South Wales Police,South Wales Police,-3.814536,51.608814,On or near Village Gardens,W01000883,Neath Port Talbot 016A,Violence and sexual offences,Under investigation,
,2024-09,South Wales Police,South Wales Police,-3.809846,51.598006,On or near Morrison Crescent,W01000958,Neath Port Talbot 016B,Anti-social behaviour,,
c32ebcbcf84f1d51e645495480994991ceca165d26815308b14ddbce0fb84882,2024-09,South Wales Police,South Wales Police,-3.809888,51.599075,On or near Morrison Court,W01000958,Neath Port Talbot 016B,Criminal damage and arson,Investigation complete; no suspect identified,
78e6e8a1378ca92cd9af44c2b11c812b62d0f89b9145dc13b529ef449aeef2f2,2024-09,South Wales Police,South Wales Police,-3.808144,51.599876,On or near Rhodfa Lingfield,W01000958,Neath Port Talbot 016B,Criminal damage and arson,Investigation complete; no suspect identified,
0107ae3bb42bec91ffed293b81e909ee0975a3ab7aab351f31f983076d3ac7ca,2024-09,South Wales Police,South Wales Police,-3.809846,51.598006,On or near Morrison Crescent,W01000958,Neath Port Talbot 016B,Criminal damage and arson,Under investigation,
d6661152aadc0d8fda18dddcd8c4624572f59b7a7cbb5da2bf74f508010601a5,2024-09,South Wales Police,South Wales Police,-3.809888,51.599075,On or near Morrison Court,W01000958,Neath Port Talbot 016B,Public order,Unable to prosecute suspect,
726b35fe3cd29a4e0309c85f3d3d90cf9229794089a415c1bad034841e17fc87,2024-09,South Wales Police,South Wales Police,-3.808144,51.599876,On or near Rhodfa Lingfield,W01000958,Neath Port Talbot 016B,Robbery,Awaiting court outcome,
fe2aae7e094a19e921ffb26043a8feddf4a52a46f90f49b6793d20152baa8de6,2024-09,South Wales Police,South Wales Police,-3.809888,51.599075,On or near Morrison Court,W01000958,Neath Port Talbot 016B,Violence and sexual offences,Unable to prosecute suspect,
b0b0407835229ff2b226204c3c314f094ed01fc39ea681bbd813b5d1c7b328e7,2024-09,South Wales Police,South Wales Police,-3.809846,51.598006,On or near Morrison Crescent,W01000958,Neath Port Talbot 016B,Violence and sexual offences,Unable to prosecute suspect,
c491ef8f5c0e0f2ae99057b3dbb0620bdced25dfabf55206d43b9b420a28adcc,2024-09,South Wales Police,South Wales Police,-3.809846,51.598006,On or near Morrison Crescent,W01000958,Neath Port Talbot 016B,Violence and sexual offences,Unable to prosecute suspect,
5d5044e7c138a4f85ab139cd49a73389ad29649aaa46ded3e5049b1234b981d3,2024-09,South Wales Police,South Wales Police,-3.813456,51.595118,On or near Sandy Close,W01000958,Neath Port Talbot 016B,Violence and sexual offences,Under investigation,
44ca83742048218b8077e7a44e97b9596f386d854ea18667289d07dfa9bb0768,2024-09,South Wales Police,South Wales Police,-3.809888,51.599075,On or near Morrison Court,W01000958,Neath Port Talbot 016B,Violence and sexual offences,Unable to prosecute suspect,
dc767556e29f679769553be212a66c14598ab4ec65dc7046a69e8cd41b6a1371,2024-09,South Wales Police,South Wales Police,-3.809846,51.598006,On or near Morrison Crescent,W01000958,Neath Port Talbot 016B,Violence and sexual offences,Unable to prosecute suspect,
,2024-09,South Wales Police,South Wales Police,-3.820711,51.604321,On or near Lupin Close,W01000961,Neath Port Talbot 016C,Anti-social behaviour,,
1669103b12394ee9c573ca3270b2fbb2a033d735884176b87ed04720e086f33f,2024-09,South Wales Police,South Wales Police,-3.818383,51.605338,On or near Poppy Close,W01000961,Neath Port Talbot 016C,Burglary,Investigation complete; no suspect identified,
7794a69fd7c749e8d95b62857c168b2be3431387ea074c86b7de01b4365b9aa7,2024-09,South Wales Police,South Wales Police,-3.818385,51.602496,On or near Timbre Place,W01000961,Neath Port Talbot 016C,Public order,Unable to prosecute suspect,
c8c5abe19169f8968c35ddb5f55a967ebb5193e02cce6ee7d9bb16cc630ed014,2024-09,South Wales Police,South Wales Police,-3.818202,51.608398,On or near Afandale,W01000961,Neath Port Talbot 016C,Violence and sexual offences,Unable to prosecute suspect,
4257358931c71b9d8f4728ee51929d08a200bb252941d59b8f947034f26836d3,2024-09,South Wales Police,South Wales Police,-3.818383,51.605338,On or near Poppy Close,W01000961,Neath Port Talbot 016C,Violence and sexual offences,Under investigation,
389137dc74892f31c9eda9996d321cfae3462efbcefd1a8a3b7556686a3e874a,2024-09,South Wales Police,South Wales Police,-3.818202,51.608398,On or near Afandale,W01000961,Neath Port Talbot 016C,Violence and sexual offences,Under investigation,
ed556423b73927f361cba0fdbcd735f943a49dbdedb87891e9cbc654852aacd3,2024-09,South Wales Police,South Wales Police,-3.818202,51.608398,On or near Afandale,W01000961,Neath Port Talbot 016C,Violence and sexual offences,Unable to prosecute suspect,
264f82c8c020a90988e7ce056811303990d517646b828d64f2ba0a678439bd8b,2024-09,South Wales Police,South Wales Police,-3.823277,51.606368,On or near Heol Chopin,W01000961,Neath Port Talbot 016C,Violence and sexual offences,Unable to prosecute suspect,
3d844918d7e35bbc17d521cbb7bb7c6a6e86e50befa949ddb949282fa2588860,2024-09,South Wales Police,South Wales Police,-3.821499,51.603077,On or near Amber Close,W01000961,Neath Port Talbot 016C,Violence and sexual offences,Unable to prosecute suspect,
3968d3aa71d401a310058acf8e247b9f5aa596f3a2d31afa8505662e17e5d915,2024-09,South Wales Police,South Wales Police,-3.817347,51.604697,On or near Border Road,W01000961,Neath Port Talbot 016C,Violence and sexual offences,Unable to prosecute suspect,
bbeeebc47be49b947a1a6bc7f4f78bd86bafa0b89bc83428012f43ce02c336e5,2024-09,South Wales Police,South Wales Police,-3.821041,51.604991,On or near Russet Close,W01000961,Neath Port Talbot 016C,Violence and sexual offences,Under investigation,
45ecbbe00d8d9d5e23fd27b2d090323a6011829182631918f362fe50c877f7d3,2024-09,South Wales Police,South Wales Police,-3.818507,51.602656,On or near Rhodfa Gwifr,W01000961,Neath Port Talbot 016C,Violence and sexual offences,Investigation complete; no suspect identified,
7db5ddd40123f394f6bdbfa88df65ee1647fc8fb404c3d850998ec5c9888e169,2024-09,South Wales Police,South Wales Police,-3.820850,51.605623,On or near White Close,W01000961,Neath Port Talbot 016C,Violence and sexual offences,Unable to prosecute suspect,
e2fac3d435be9939f1c8a27ef6ee4fb0fe88ffaf478fd9d5e358c5ed1b442717,2024-09,South Wales Police,South Wales Police,-3.821499,51.603077,On or near Amber Close,W01000961,Neath Port Talbot 016C,Violence and sexual offences,Unable to prosecute suspect,
55c9f9c7200dcfbd05d8ce1fa47bb3661fd8f3dc2050b3f76c5b4a86028aad67,2024-09,South Wales Police,South Wales Police,-3.818385,51.602496,On or near Timbre Place,W01000961,Neath Port Talbot 016C,Violence and sexual offences,Investigation complete; no suspect identified,
7292c78005066ddb4a6bd6321348c64e4427755ad64e1981b94918dea2a99b52,2024-09,South Wales Police,South Wales Police,-3.818383,51.605338,On or near Poppy Close,W01000961,Neath Port Talbot 016C,Violence and sexual offences,Unable to prosecute suspect,
,2024-09,South Wales Police,South Wales Police,-3.815939,51.603073,On or near Southville Road,W01000962,Neath Port Talbot 016D,Anti-social behaviour,,
,2024-09,South Wales Police,South Wales Police,-3.813537,51.601861,On or near Trinity Court,W01000962,Neath Port Talbot 016D,Anti-social behaviour,,
114213375826d86764cc509454f26c305cdc84c622f6a7f05c11609792da74d7,2024-09,South Wales Police,South Wales Police,-3.815934,51.601500,On or near Ffordd Deg,W01000962,Neath Port Talbot 016D,Criminal damage and arson,Awaiting court outcome,
eff9294e584c89594eaa723e1c01a23e4f05e01e4994b07c4a0547d522a02e29,2024-09,South Wales Police,South Wales Police,-3.815939,51.603073,On or near Southville Road,W01000962,Neath Port Talbot 016D,Other theft,Investigation complete; no suspect identified,
2c658c3f151be793cc293ef72ec738ea38c889cff95c29f0b6455cab9eb86e58,2024-09,South Wales Police,South Wales Police,-3.815442,51.600761,On or near Heol Southdown,W01000962,Neath Port Talbot 016D,Public order,Unable to prosecute suspect,
65a4e2f3c37df8a6f0eeb384147ccac5a14666ad872660edb703e53633506b88,2024-09,South Wales Police,South Wales Police,-3.812595,51.602945,On or near Bus/Coach Station,W01000962,Neath Port Talbot 016D,Shoplifting,Investigation complete; no suspect identified,
93f51315aa02ca7c522d728323a36427a9fecee6358946a26c48a62b7cdcfc74,2024-09,South Wales Police,South Wales Police,-3.815792,51.604820,On or near Iris Close,W01000962,Neath Port Talbot 016D,Vehicle crime,Investigation complete; no suspect identified,
fdddd152c5e449de6f51bd019807ed3d397692b6b50f1393e3a33cf0bf394a3b,2024-09,South Wales Police,South Wales Police,-3.819095,51.600749,On or near Gordon Road,W01000962,Neath Port Talbot 016D,Violence and sexual offences,Unable to prosecute suspect,
691147e594ec1938fedb8bbe23b2e5c5d8751827444c3fb8ce833431dbe0da16,2024-09,South Wales Police,South Wales Police,-3.819095,51.600749,On or near Gordon Road,W01000962,Neath Port Talbot 016D,Violence and sexual offences,Unable to prosecute suspect,
9833de29c6b5df65f618e19500a352d92c160bfc98892a8f4acab76f753a6a54,2024-09,South Wales Police,South Wales Police,-3.813748,51.601003,On or near Maes Y Drindod,W01000962,Neath Port Talbot 016D,Violence and sexual offences,Under investigation,
d10934668f8744196bfc02fa856dbfd8b1d066db1607b81b8710e8abf37776e3,2024-09,South Wales Police,South Wales Police,-3.813748,51.601003,On or near Maes Y Drindod,W01000962,Neath Port Talbot 016D,Violence and sexual offences,Under investigation,
60302406bde72b68791a627999e7baaa2617357e723c1f74930b26554c2aeff3,2024-09,South Wales Police,South Wales Police,-3.819095,51.600749,On or near Gordon Road,W01000962,Neath Port Talbot 016D,Violence and sexual offences,Unable to prosecute suspect,
074f16785629922e74fbb3ddc417f69bbffbf35aa70b1026c09fb7698a52bd48,2024-09,South Wales Police,South Wales Police,-3.813748,51.601003,On or near Maes Y Drindod,W01000962,Neath Port Talbot 016D,Violence and sexual offences,Unable to prosecute suspect,
ccfd2a0eefb4eb4b5b83cf3bf927f7b55605b52da6d2267329a529157bb09187,2024-09,South Wales Police,South Wales Police,-3.816959,51.600045,On or near South Cross Way,W01000962,Neath Port Talbot 016D,Other crime,Under investigation,
,2024-09,South Wales Police,South Wales Police,-3.814354,51.599537,On or near Heol Y Gwlith,W01000963,Neath Port Talbot 016E,Anti-social behaviour,,
,2024-09,South Wales Police,South Wales Police,-3.820979,51.596952,On or near Parking Area,W01000963,Neath Port Talbot 016E,Anti-social behaviour,,
,2024-09,South Wales Police,South Wales Police,-3.818709,51.598310,On or near Briar Road,W01000963,Neath Port Talbot 016E,Anti-social behaviour,,
4b847a5e40e4906481f2b4940f3b809c7d65830c757ae8d0ccdb673f00be2a0c,2024-09,South Wales Police,South Wales Police,-3.818709,51.598310,On or near Briar Road,W01000963,Neath Port Talbot 016E,Criminal damage and arson,Investigation complete; no suspect identified,
be0c05f719494b695162e69ce6abe768762acb923090e8f6401b7e495c06a81e,2024-09,South Wales Police,South Wales Police,-3.823028,51.601228,On or near Sepia Close,W01000963,Neath Port Talbot 016E,Drugs,Unable to prosecute suspect,
12b45ab64c8018b65fddfc0548820a15c55d70cba94b5ac04e3dccd6af8f1b42,2024-09,South Wales Police,South Wales Police,-3.817782,51.599673,On or near Gordon Crescent,W01000963,Neath Port Talbot 016E,Public order,Unable to prosecute suspect,
7d4f966d187367e6516265070d8d8d50f48fe1e87c8312974828cb052250306b,2024-09,South Wales Police,South Wales Police,-3.820490,51.601690,On or near St Asaph Drive,W01000963,Neath Port Talbot 016E,Shoplifting,Investigation complete; no suspect identified,
2108b45bb11cbe0cd500792fa4287aa9bd9680184a792d461ae020eb446191b6,2024-09,South Wales Police,South Wales Police,-3.820490,51.601690,On or near St Asaph Drive,W01000963,Neath Port Talbot 016E,Shoplifting,Investigation complete; no suspect identified,
bda0390452b4a25f4f1c859f03ce335d5fa4bb2fce3989879d537db97e9189ae,2024-09,South Wales Police,South Wales Police,-3.820490,51.601690,On or near St Asaph Drive,W01000963,Neath Port Talbot 016E,Shoplifting,Awaiting court outcome,
c161b993b7996196ae20ab1ecb76e96e9bfe4f01329be8fe1b95082a1a7ea385,2024-09,South Wales Police,South Wales Police,-3.820490,51.601690,On or near St Asaph Drive,W01000963,Neath Port Talbot 016E,Shoplifting,Investigation complete; no suspect identified,
162694a6074842853a618b7ca79de56da013a8a71f489c8fbe2da0f0efe68af9,2024-09,South Wales Police,South Wales Police,-3.823900,51.598849,On or near Tir Morfa Road,W01000963,Neath Port Talbot 016E,Violence and sexual offences,Unable to prosecute suspect,
5e381d661739b6975b5824adab19eda13dd84d7410c3354b0f7db7bcee7d98e2,2024-09,South Wales Police,South Wales Police,-3.818127,51.596745,On or near Promenade View,W01000963,Neath Port Talbot 016E,Violence and sexual offences,Investigation complete; no suspect identified,
,2024-09,South Wales Police,South Wales Police,-3.823567,51.603881,On or near Silver Close,W01000964,Neath Port Talbot 016F,Anti-social behaviour,,
,2024-09,South Wales Police,South Wales Police,-3.823567,51.603881,On or near Silver Close,W01000964,Neath Port Talbot 016F,Anti-social behaviour,,
,2024-09,South Wales Police,South Wales Police,-3.823567,51.603881,On or near Silver Close,W01000964,Neath Port Talbot 016F,Anti-social behaviour,,
,2024-09,South Wales Police,South Wales Police,-3.823567,51.603881,On or near Silver Close,W01000964,Neath Port Talbot 016F,Anti-social behaviour,,
,2024-09,South Wales Police,South Wales Police,-3.824558,51.607346,On or near Handel Avenue,W01000964,Neath Port Talbot 016F,Anti-social behaviour,,
,2024-09,South Wales Police,South Wales Police,-3.823567,51.603881,On or near Silver Close,W01000964,Neath Port Talbot 016F,Anti-social behaviour,,
,2024-09,South Wales Police,South Wales Police,-3.823567,51.603881,On or near Silver Close,W01000964,Neath Port Talbot 016F,Anti-social behaviour,,
,2024-09,South Wales Police,South Wales Police,-3.823567,51.603881,On or near Silver Close,W01000964,Neath Port Talbot 016F,Anti-social behaviour,,
,2024-09,South Wales Police,South Wales Police,-3.823567,51.603881,On or near Silver Close,W01000964,Neath Port Talbot 016F,Anti-social behaviour,,
,2024-09,South Wales Police,South Wales Police,-3.825633,51.604263,On or near Seaforth Close,W01000964,Neath Port Talbot 016F,Anti-social behaviour,,
,2024-09,South Wales Police,South Wales Police,-3.823567,51.603881,On or near Silver Close,W01000964,Neath Port Talbot 016F,Anti-social behaviour,,
,2024-09,South Wales Police,South Wales Police,-3.823567,51.603881,On or near Silver Close,W01000964,Neath Port Talbot 016F,Anti-social behaviour,,
,2024-09,South Wales Police,South Wales Police,-3.823567,51.603881,On or near Silver Close,W01000964,Neath Port Talbot 016F,Anti-social behaviour,,
d6569650cdf2f80b9b6338a36f104374c462fa33afb9a0893f5ccb3fc94a3fc6,2024-09,South Wales Police,South Wales Police,-3.816861,51.594336,On or near Petrol Station,W01000964,Neath Port Talbot 016F,Drugs,Local resolution,
1420cd9e68a3734d1ed71cf07184d4c376904c9bbd1b2b80633ff0400c960470,2024-09,South Wales Police,South Wales Police,-3.825633,51.604263,On or near Seaforth Close,W01000964,Neath Port Talbot 016F,Public order,Unable to prosecute suspect,
bcd3b6f6e5e7fda6ac0487be4ddd20bcea9ea0393bc91657bec03d0eaa2c35b0,2024-09,South Wales Police,South Wales Police,-3.830114,51.601846,On or near Parking Area,W01000964,Neath Port Talbot 016F,Public order,Unable to prosecute suspect,
f355db9c47ff61dd7c974601cb64032331502e4549bfabd4b24d078efe8b1a18,2024-09,South Wales Police,South Wales Police,-3.827908,51.601593,On or near Auburn Avenue,W01000964,Neath Port Talbot 016F,Public order,Unable to prosecute suspect,
294cc76ac08d54df2838ece09965262fe018a99780105124a149961a5aed4ba2,2024-09,South Wales Police,South Wales Police,-3.830114,51.601846,On or near Parking Area,W01000964,Neath Port Talbot 016F,Public order,Unable to prosecute suspect,
a604a23403a6cbc41f680e8e847a92449ead5bfb2105649d65973c541bf9a320,2024-09,South Wales Police,South Wales Police,-3.816861,51.594336,On or near Petrol Station,W01000964,Neath Port Talbot 016F,Violence and sexual offences,Awaiting court outcome,
65d54bbe7f85c5f97dd48ac0679d091c3bd4b544199c193270e8b767b7cf89d9,2024-09,South Wales Police,South Wales Police,-3.826490,51.601876,On or near Crimson Close,W01000964,Neath Port Talbot 016F,Violence and sexual offences,Under investigation,
c84540c3c9fc02b8f1dc026e0338a07caf5d081182ea40bda0f31e438cc58c32,2024-09,South Wales Police,South Wales Police,-3.827908,51.601593,On or near Auburn Avenue,W01000964,Neath Port Talbot 016F,Violence and sexual offences,Unable to prosecute suspect,
2f58a4921f9b53a6d23f2b5de68cd3ad3225054b1b2fec7020f4dd4f81cd7fd7,2024-09,South Wales Police,South Wales Police,-3.828571,51.604064,On or near Traethmelyn,W01000964,Neath Port Talbot 016F,Violence and sexual offences,Under investigation,
7099195c38f335fcf0f290f121b53c954e8c339cc7ca6659b662d248c461d3be,2024-09,South Wales Police,South Wales Police,-3.817915,51.595058,On or near Parking Area,W01000964,Neath Port Talbot 016F,Violence and sexual offences,Under investigation,
546779c5b08b3c801b18dbd9b12cdc449780444959a13fb6833275657e31f8cf,2024-09,South Wales Police,South Wales Police,-3.825633,51.604263,On or near Seaforth Close,W01000964,Neath Port Talbot 016F,Violence and sexual offences,Under investigation,
376c5245bc37e8c2177b2cc400f1b0a8eebb4c965dbccf6b40d813ba90885738,2024-09,South Wales Police,South Wales Police,-3.825633,51.604263,On or near Seaforth Close,W01000964,Neath Port Talbot 016F,Violence and sexual offences,Unable to prosecute suspect,
1c90978b7c061d97137ab7cad5c3351596ccfe439cca2666a443d59fc4526d7e,2024-09,South Wales Police,South Wales Police,-3.816861,51.594336,On or near Petrol Station,W01000964,Neath Port Talbot 016F,Violence and sexual offences,Unable to prosecute suspect,
0a7abde32b80a908f747a58bee821f88ded233150c5ec8da763f46f8214b45d0,2024-09,South Wales Police,South Wales Police,-3.829442,51.601677,On or near Scarlet Avenue,W01000964,Neath Port Talbot 016F,Violence and sexual offences,Unable to prosecute suspect,
f80a04b8287d6d35d3f97ddcc6121d3e80251e24f7eaa2a2f17621145a7e7756,2024-09,South Wales Police,South Wales Police,-3.825908,51.605706,On or near Stuart Close,W01000964,Neath Port Talbot 016F,Violence and sexual offences,Investigation complete; no suspect identified,
4aa9e382894d163c3a4344d293f7708d9d0370339f0b702ed3d37ab73f5e8d2b,2024-09,South Wales Police,South Wales Police,-3.824558,51.607346,On or near Handel Avenue,W01000964,Neath Port Talbot 016F,Violence and sexual offences,Unable to prosecute suspect,
,2024-09,South Wales Police,South Wales Police,-3.792147,51.597729,On or near Vivian Terrace,W01000884,Neath Port Talbot 017A,Anti-social behaviour,,
,2024-09,South Wales Police,South Wales Police,-3.784625,51.596639,On or near Shopping Area,W01000884,Neath Port Talbot 017A,Anti-social behaviour,,
44bbd0fc804c29677e552df9441a926a42d1fd94ba6ecba7e46350e9c809cc75,2024-09,South Wales Police,South Wales Police,-3.785702,51.596469,On or near Shopping Area,W01000884,Neath Port Talbot 017A,Other theft,Investigation complete; no suspect identified,
5e9df1651e30409075249b9745b41c1284ea966f86810c9362c2bc60fff51789,2024-09,South Wales Police,South Wales Police,-3.792674,51.598989,On or near Hopkin Street,W01000884,Neath Port Talbot 017A,Possession of weapons,Unable to prosecute suspect,
7161ef6c2d64aaf265d5fec99e8aebef9593b0fa33e4232c1e0cdeb6fdf25c93,2024-09,South Wales Police,South Wales Police,-3.784092,51.597753,On or near Theatre/Concert Hall,W01000884,Neath Port Talbot 017A,Public order,Unable to prosecute suspect,
7831e126cb717fdd45a900134f727bd90c45fdcea110d4a899e6478727a9115e,2024-09,South Wales Police,South Wales Police,-3.784625,51.596639,On or near Shopping Area,W01000884,Neath Port Talbot 017A,Public order,Unable to prosecute suspect,
d602068ddc509a4b48a78a9fd6b889eb340f14ebbafd285a371a4bddbb9d3cfc,2024-09,South Wales Police,South Wales Police,-3.784092,51.597753,On or near Theatre/Concert Hall,W01000884,Neath Port Talbot 017A,Public order,Unable to prosecute suspect,
d7c1c1107a039821e4e39de856c337b49491915610e3fe0acc024d7934a3b697,2024-09,South Wales Police,South Wales Police,-3.793954,51.598861,On or near Newton Avenue,W01000884,Neath Port Talbot 017A,Public order,Unable to prosecute suspect,
6e3badcde35869becb02cf086430be153aec64146c2d79fed0a9b94838ab7645,2024-09,South Wales Police,South Wales Police,-3.785702,51.596469,On or near Shopping Area,W01000884,Neath Port Talbot 017A,Shoplifting,Under investigation,
8672b4e54855a583920bf36e3c64a32fa2f4b881e5ad0143b9ea723a7498c80a,2024-09,South Wales Police,South Wales Police,-3.785702,51.596469,On or near Shopping Area,W01000884,Neath Port Talbot 017A,Shoplifting,Investigation complete; no suspect identified,
09fa92163d6d07389dbe3673e355ee0b47d149f9c404d84e3deffcc793daab3e,2024-09,South Wales Police,South Wales Police,-3.784625,51.596639,On or near Shopping Area,W01000884,Neath Port Talbot 017A,Shoplifting,Awaiting court outcome,
6ee82dad6f2c8800af62ef74c8d91f7558e0f0c30296b726c292398d13452154,2024-09,South Wales Police,South Wales Police,-3.784625,51.596639,On or near Shopping Area,W01000884,Neath Port Talbot 017A,Shoplifting,Unable to prosecute suspect,
9e0d8d7eddd2b5c23902c87a1f46cebc4061c09926bff3ba6c523d03abb733ef,2024-09,South Wales Police,South Wales Police,-3.785702,51.596469,On or near Shopping Area,W01000884,Neath Port Talbot 017A,Violence and sexual offences,Unable to prosecute suspect,
d7006ad864d8c90e39f38269a79a5884607332a6b5c124a939aa1f455cb893e0,2024-09,South Wales Police,South Wales Police,-3.784092,51.597753,On or near Theatre/Concert Hall,W01000884,Neath Port Talbot 017A,Violence and sexual offences,Under investigation,
062148c8f45fd8c5e694bc38407328de351d503c7131dae8280cc7b23758fc29,2024-09,South Wales Police,South Wales Police,-3.789949,51.599480,On or near Llewellyn Street,W01000884,Neath Port Talbot 017A,Violence and sexual offences,Unable to prosecute suspect,
73f6a68239683b5432a0dd9340915e2d683e80b8df75647ca0b657cd8de9b11e,2024-09,South Wales Police,South Wales Police,-3.790410,51.597962,On or near John Street,W01000884,Neath Port Talbot 017A,Violence and sexual offences,Under investigation,
9f7de3df2449b085c9ca1bc9a2d77975bbab4f0c9e0b26674a16ad55d93980f9,2024-09,South Wales Police,South Wales Police,-3.789949,51.599480,On or near Llewellyn Street,W01000884,Neath Port Talbot 017A,Violence and sexual offences,Unable to prosecute suspect,
3f61511cce8272da6302cd4f9c10d21a6bcdc4252c79212c52aaac6fc2d420d1,2024-09,South Wales Police,South Wales Police,-3.793954,51.598861,On or near Newton Avenue,W01000884,Neath Port Talbot 017A,Violence and sexual offences,Investigation complete; no suspect identified,
edd6750cce7aed0df5b7cd15354297cb8cb578c0456786248e7316d130d33121,2024-09,South Wales Police,South Wales Police,-3.789949,51.599480,On or near Llewellyn Street,W01000884,Neath Port Talbot 017A,Violence and sexual offences,Investigation complete; no suspect identified,
9927a20d28192ab6de283b401ab38e87c3d3fc03428c6c8200b3e854b0dace0f,2024-09,South Wales Police,South Wales Police,-3.789949,51.599480,On or near Llewellyn Street,W01000884,Neath Port Talbot 017A,Violence and sexual offences,Unable to prosecute suspect,
edc6cca5616c3b90aa8c8bc24b14b222743cab5da88ca805c45f3486d3f2b6c0,2024-09,South Wales Police,South Wales Police,-3.793954,51.598861,On or near Newton Avenue,W01000884,Neath Port Talbot 017A,Other crime,Under investigation,
66ee0d312a9268f96c334cee2e612ece3257da1d0ef1e24630633c6e8f02bfbc,2024-09,South Wales Police,South Wales Police,-3.790410,51.597962,On or near John Street,W01000884,Neath Port Talbot 017A,Other crime,Further investigation is not in the public interest,
ffd521cabc25d6b1461196a1630ff7f03deaa126211945596e7890e27fa41618,2024-09,South Wales Police,South Wales Police,-3.793954,51.598861,On or near Newton Avenue,W01000884,Neath Port Talbot 017A,Other crime,Further investigation is not in the public interest,
8975d6a5aa99041bcf215983c2461fc63e902c37466dcf25b4aacff3e4c3fe4d,2024-09,South Wales Police,South Wales Police,-3.793954,51.598861,On or near Newton Avenue,W01000884,Neath Port Talbot 017A,Other crime,Further investigation is not in the public interest,
750afeb45dd60f94734437130d17a5ebe101f56c88f621f088d6d35e8bd51972,2024-09,South Wales Police,South Wales Police,-3.784625,51.596639,On or near Shopping Area,W01000884,Neath Port Talbot 017A,Other crime,Unable to prosecute suspect,
3b91f338edc99b6b0cee08c7cccc8d7bd0519cb253dd00555409e1edd1a6e0d7,2024-09,South Wales Police,South Wales Police,-3.800781,51.602821,On or near Rhos Yr Abad,W01000885,Neath Port Talbot 017B,Criminal damage and arson,Investigation complete; no suspect identified,
56ce1f7a1dd873d09aafd8ed806be4a6e4f8e30e0bf5dd845f545c5bf76d0555,2024-09,South Wales Police,South Wales Police,-3.793845,51.597928,On or near Lister Avenue,W01000885,Neath Port Talbot 017B,Criminal damage and arson,Investigation complete; no suspect identified,
de4966ae124457c6fed927eca960981cfba39c54d6d2eed466ddd813f684b327,2024-09,South Wales Police,South Wales Police,-3.800247,51.599916,On or near Hospital,W01000885,Neath Port Talbot 017B,Public order,Unable to prosecute suspect,
40166c77ce49dd001f7798aa2d6190a048795bfb7a06b7846bd9b5065947bf05,2024-09,South Wales Police,South Wales Police,-3.800247,51.599916,On or near Hospital,W01000885,Neath Port Talbot 017B,Public order,Unable to prosecute suspect,
9471f02e6f76903e6f493b816337fd9db1648a410b698e23c39f7330138e0b90,2024-09,South Wales Police,South Wales Police,-3.800247,51.599916,On or near Hospital,W01000885,Neath Port Talbot 017B,Violence and sexual offences,Under investigation,
7ffe0094e0a93421208e8973e2b34dfc416673f90ec57ef64ce426ee27c5cd2b,2024-09,South Wales Police,South Wales Police,-3.800247,51.599916,On or near Hospital,W01000885,Neath Port Talbot 017B,Violence and sexual offences,Investigation complete; no suspect identified,
0eee8abf1ba02d1a0ebbf89cf4d0f199be349b4d9df3e4707d403589d109564f,2024-09,South Wales Police,South Wales Police,-3.795142,51.597135,On or near Fairfield,W01000885,Neath Port Talbot 017B,Violence and sexual offences,Under investigation,
7562c0c4a3826671e2f7372e57ed85661fa05cdcbb1d7cadb07cbc3a4b3a9de2,2024-09,South Wales Police,South Wales Police,-3.799391,51.600900,On or near St Josephs Park,W01000885,Neath Port Talbot 017B,Violence and sexual offences,Unable to prosecute suspect,
a159101b7800e55d34f677484c8093c9993d66b78f1b0005f284c01ba22c1178,2024-09,South Wales Police,South Wales Police,-3.805265,51.599003,On or near Afan Way,W01000885,Neath Port Talbot 017B,Violence and sexual offences,Awaiting court outcome,
1763c34866601580c12a282b8ac70e50cab58bc8fc5c8e864d8f3ac1ef8a1b2f,2024-09,South Wales Police,South Wales Police,-3.800247,51.599916,On or near Hospital,W01000885,Neath Port Talbot 017B,Violence and sexual offences,Unable to prosecute suspect,
c71917b23e6e933e2645f1dc81543c92147b58f970271fdb3abdd25d8e3d0e40,2024-09,South Wales Police,South Wales Police,-3.800749,51.596177,On or near Catherine Street,W01000885,Neath Port Talbot 017B,Violence and sexual offences,Investigation complete; no suspect identified,
0d190dd611569d64f258a7e08cf91733643d08ded943be83eb3a5713c8e1eb5f,2024-09,South Wales Police,South Wales Police,-3.800247,51.599916,On or near Hospital,W01000885,Neath Port Talbot 017B,Violence and sexual offences,Awaiting court outcome,
a25f7af37c1da83247004b580b77b8f5d63def081255d554044f4eb3fc31fcbb,2024-09,South Wales Police,South Wales Police,-3.800247,51.599916,On or near Hospital,W01000885,Neath Port Talbot 017B,Violence and sexual offences,Awaiting court outcome,
4d3db701a85dc1b883c16abefcef58f359f083b856e997484238bcb5ba81d0df,2024-09,South Wales Police,South Wales Police,-3.800247,51.599916,On or near Hospital,W01000885,Neath Port Talbot 017B,Violence and sexual offences,Investigation complete; no suspect identified,
a0f5f6485059e7cae7050d530b34d2aee3c884af96a26b5c7cb86772d9743f5b,2024-09,South Wales Police,South Wales Police,-3.800247,51.599916,On or near Hospital,W01000885,Neath Port Talbot 017B,Other crime,Unable to prosecute suspect,
,2024-09,South Wales Police,South Wales Police,-3.796105,51.593002,On or near Glenavon Street,W01000886,Neath Port Talbot 017C,Anti-social behaviour,,
,2024-09,South Wales Police,South Wales Police,-3.793147,51.595250,On or near Marsh Street,W01000886,Neath Port Talbot 017C,Anti-social behaviour,,
,2024-09,South Wales Police,South Wales Police,-3.790787,51.593622,On or near Llys Rupert Hallowes,W01000886,Neath Port Talbot 017C,Anti-social behaviour,,
,2024-09,South Wales Police,South Wales Police,-3.794601,51.593663,On or near Enfield Street,W01000886,Neath Port Talbot 017C,Anti-social behaviour,,
,2024-09,South Wales Police,South Wales Police,-3.790787,51.593622,On or near Llys Rupert Hallowes,W01000886,Neath Port Talbot 017C,Anti-social behaviour,,
,2024-09,South Wales Police,South Wales Police,-3.793614,51.594281,On or near Pembroke Terrace,W01000886,Neath Port Talbot 017C,Anti-social behaviour,,
,2024-09,South Wales Police,South Wales Police,-3.790787,51.593622,On or near Llys Rupert Hallowes,W01000886,Neath Port Talbot 017C,Anti-social behaviour,,
,2024-09,South Wales Police,South Wales Police,-3.793614,51.594281,On or near Pembroke Terrace,W01000886,Neath Port Talbot 017C,Anti-social behaviour,,
64bf09c2c66303cc53c35054a9b4fcafa6b12862b5f558615e8a352dae0f52b5,2024-09,South Wales Police,South Wales Police,-3.790787,51.593622,On or near Llys Rupert Hallowes,W01000886,Neath Port Talbot 017C,Criminal damage and arson,Investigation complete; no suspect identified,
9ff7c2c8a3c7895e50a54e6eb73f381064a8012bf039d63a5bd647ca1856455e,2024-09,South Wales Police,South Wales Police,-3.790253,51.594341,On or near Water Street,W01000886,Neath Port Talbot 017C,Criminal damage and arson,Investigation complete; no suspect identified,
0ef0912d897cb3787b98febc2aef4d35b79e1b15681531c1059d9be542bd7910,2024-09,South Wales Police,South Wales Police,-3.790787,51.593622,On or near Llys Rupert Hallowes,W01000886,Neath Port Talbot 017C,Criminal damage and arson,Unable to prosecute suspect,
2113eb9b7ffac875f6c49eaffcb43c407ff39cc02eb832a22826acbe9b51ee91,2024-09,South Wales Police,South Wales Police,-3.791598,51.596236,On or near Olive Street,W01000886,Neath Port Talbot 017C,Drugs,Under investigation,
519f2500ed90f8cce8c4df9fa28ba33289ca166d69754261bf36bf858dbb1eb5,2024-09,South Wales Police,South Wales Police,-3.790763,51.594837,On or near Gwyn Terrace,W01000886,Neath Port Talbot 017C,Drugs,Under investigation,
d3487e7fde8f05690e3f464a96465f9fa3102a1b726dbe43d34a38684c82d3fd,2024-09,South Wales Police,South Wales Police,-3.795747,51.594554,On or near Bevan Street,W01000886,Neath Port Talbot 017C,Drugs,Awaiting court outcome,
83b6dad5c24a4bd96109a0da49fc79f34a6a31590e94ce2adfaf4d3d55368420,2024-09,South Wales Police,South Wales Police,-3.793614,51.594281,On or near Pembroke Terrace,W01000886,Neath Port Talbot 017C,Drugs,Awaiting court outcome,
22f6dc2bf2f09f740016c2a09b2185fae60e834980c359c676c023692cd4fed4,2024-09,South Wales Police,South Wales Police,-3.795747,51.594554,On or near Bevan Street,W01000886,Neath Port Talbot 017C,Other theft,Unable to prosecute suspect,
14c63492d2b97dc7f7fe38ddec8b1e8cfa69e87b06ddd1a6b3a85c3837ebcb38,2024-09,South Wales Police,South Wales Police,-3.796105,51.593002,On or near Glenavon Street,W01000886,Neath Port Talbot 017C,Other theft,Investigation complete; no suspect identified,
b29623ebff17767d1ea78dbdb7a35a057e6d33ec66a8accb83afcf71c415bd9a,2024-09,South Wales Police,South Wales Police,-3.799361,51.595389,On or near Stair Street,W01000886,Neath Port Talbot 017C,Other theft,Unable to prosecute suspect,
c9acd45dcf768b183d383813f40be6c19ce91d4117b34c9892c2f6b9bfaced08,2024-09,South Wales Police,South Wales Police,-3.795747,51.594554,On or near Bevan Street,W01000886,Neath Port Talbot 017C,Possession of weapons,Under investigation,
055efbf8e41c826c1836b7103e1c72ec0b12a3fbc59eef34bdc505c5ddc9b491,2024-09,South Wales Police,South Wales Police,-3.796803,51.593494,On or near Glyn Street,W01000886,Neath Port Talbot 017C,Public order,Investigation complete; no suspect identified,
7bedd97f61e2ce35da91425f8c175fcb21df039f1c3d286905f8f0e12a06433e,2024-09,South Wales Police,South Wales Police,-3.796105,51.593002,On or near Glenavon Street,W01000886,Neath Port Talbot 017C,Public order,Unable to prosecute suspect,
f15cb67bdd3146fc67290ce4b19aaf5ed5f1eb7da8a618efb8050ce5f3d4f50f,2024-09,South Wales Police,South Wales Police,-3.790787,51.593622,On or near Llys Rupert Hallowes,W01000886,Neath Port Talbot 017C,Public order,Unable to prosecute suspect,
5933576d6d531e15e841b296723889fb0de848b90018af3b6e70cd75f7a80eed,2024-09,South Wales Police,South Wales Police,-3.793614,51.594281,On or near Pembroke Terrace,W01000886,Neath Port Talbot 017C,Public order,Awaiting court outcome,
879c5d7b51a0326e68320761117e3f565b27a5ded02373d7ff84e9733d74fdce,2024-09,South Wales Police,South Wales Police,-3.796105,51.593002,On or near Glenavon Street,W01000886,Neath Port Talbot 017C,Public order,Unable to prosecute suspect,
569495a880c61b44196fa389625e2f1c7ae7bf45cfdca4994f97732359c663d7,2024-09,South Wales Police,South Wales Police,-3.791550,51.595014,On or near Corporation Road,W01000886,Neath Port Talbot 017C,Public order,Unable to prosecute suspect,
ab508ad53906f87a948fbfaf6ee747cb58c98d13896fde51429a8c5094208f31,2024-09,South Wales Police,South Wales Police,-3.790545,51.595910,On or near Norman Street,W01000886,Neath Port Talbot 017C,Vehicle crime,Unable to prosecute suspect,
d65fcde2b12effe33c92aacdce6f8ad2ceb5a7a633a34699df29d2539ec35253,2024-09,South Wales Police,South Wales Police,-3.799361,51.595389,On or near Stair Street,W01000886,Neath Port Talbot 017C,Violence and sexual offences,Unable to prosecute suspect,
d2d9f76f1f8d65873f54e02639f50837c3a89e17c139d2a0f687ae16046e783a,2024-09,South Wales Police,South Wales Police,-3.790787,51.593622,On or near Llys Rupert Hallowes,W01000886,Neath Port Talbot 017C,Violence and sexual offences,Under investigation,
6bf6fd0562823ff75c69d60527ffa96608353d471619846ae8849292f1a5005f,2024-09,South Wales Police,South Wales Police,-3.796105,51.593002,On or near Glenavon Street,W01000886,Neath Port Talbot 017C,Violence and sexual offences,Investigation complete; no suspect identified,
927ea9e98823f32ce65c655ff90df48bdd6f9eb9ed9a6dbabdb1ef0395db05c7,2024-09,South Wales Police,South Wales Police,-3.799361,51.595389,On or near Stair Street,W01000886,Neath Port Talbot 017C,Violence and sexual offences,Unable to prosecute suspect,
57bcb2fe3da54fceac45fe008a79dd50cb8df14d9e7aef9a2099ada47ab46903,2024-09,South Wales Police,South Wales Police,-3.797558,51.595794,On or near Lilian Street,W01000886,Neath Port Talbot 017C,Violence and sexual offences,Under investigation,
29d571462a6bc5873c4d72e577f150d758ccb594cada538e4aafe8538ba83d10,2024-09,South Wales Police,South Wales Police,-3.791617,51.596721,On or near Arthur Street,W01000886,Neath Port Talbot 017C,Violence and sexual offences,Unable to prosecute suspect,
7426e68bab1e1cf92ad63e03ab7fabc6f82587c5de5d9fb767f3f79ec7d9ae92,2024-09,South Wales Police,South Wales Police,-3.795747,51.594554,On or near Bevan Street,W01000886,Neath Port Talbot 017C,Violence and sexual offences,Unable to prosecute suspect,
729bba68a8f45fae2d674f84d70941eea6c03ed7a4d4d3b404881d4614b4030e,2024-09,South Wales Police,South Wales Police,-3.791550,51.595014,On or near Corporation Road,W01000886,Neath Port Talbot 017C,Violence and sexual offences,Unable to prosecute suspect,
c618cb10511efbe4da0a0e931a95e7d846b360308641eeb39f154b7891b7eb6b,2024-09,South Wales Police,South Wales Police,-3.791550,51.595014,On or near Corporation Road,W01000886,Neath Port Talbot 017C,Violence and sexual offences,Unable to prosecute suspect,
b4cb43542559ca28c270306fb181bc7806ea9cfcdc977b54edbb4a9ffefb88d1,2024-09,South Wales Police,South Wales Police,-3.796105,51.593002,On or near Glenavon Street,W01000886,Neath Port Talbot 017C,Violence and sexual offences,Investigation complete; no suspect identified,
43d0ebcabaefbb82ebc50ad219aeff2176a87e8934739b92f3b76b1b819c5934,2024-09,South Wales Police,South Wales Police,-3.794615,51.594769,On or near Beach Street,W01000886,Neath Port Talbot 017C,Other crime,Unable to prosecute suspect,
,2024-09,South Wales Police,South Wales Police,-3.807190,51.593299,On or near Moorland Road,W01000957,Neath Port Talbot 017D,Anti-social behaviour,,
,2024-09,South Wales Police,South Wales Police,-3.813667,51.592803,On or near Sports/Recreation Area,W01000957,Neath Port Talbot 017D,Anti-social behaviour,,
4d00d129b2bc1250bc2dca8d091701cfbc38c73664dd6701c51e336a7a845e7e,2024-09,South Wales Police,South Wales Police,-3.813724,51.593513,On or near Gol Wg-Y-Mor,W01000957,Neath Port Talbot 017D,Other theft,Investigation complete; no suspect identified,
3051ffa3a2103f2e810f5ee7768de7af1c08ec08288ba20055b21cbe781186c1,2024-09,South Wales Police,South Wales Police,-3.809012,51.593370,On or near Berrylands,W01000957,Neath Port Talbot 017D,Other theft,Investigation complete; no suspect identified,
30be4dbc696afd59c45649d9ae7c0103bf6d10af1578418bb04159b58131b0cd,2024-09,South Wales Police,South Wales Police,-3.811537,51.594788,On or near Dalton Close,W01000957,Neath Port Talbot 017D,Other theft,Unable to prosecute suspect,
40ce72c2b121a080f0bcf34654af1acea31586d96e64c206e55df97191b31859,2024-09,South Wales Police,South Wales Police,-3.809652,51.596031,On or near Abbeyville Court,W01000957,Neath Port Talbot 017D,Public order,Unable to prosecute suspect,
ea531afee6c3762aab9ca957f8aa2361e39a78a1d8b7e2197583a73ba2b73969,2024-09,South Wales Police,South Wales Police,-3.809012,51.593370,On or near Berrylands,W01000957,Neath Port Talbot 017D,Vehicle crime,Investigation complete; no suspect identified,
ca363a8e5b2bb602cc055b3b0d46015e90048eed8883107622c2930b657fc736,2024-09,South Wales Police,South Wales Police,-3.811378,51.595878,On or near Cwrt Morfa Afan,W01000957,Neath Port Talbot 017D,Violence and sexual offences,Unable to prosecute suspect,
6637867b002f7a975c93bcd69d1194478f257d409f0be4eda0a361a9f4203e83,2024-09,South Wales Police,South Wales Police,-3.801613,51.595750,On or near Heol Y Bronwen,W01000957,Neath Port Talbot 017D,Violence and sexual offences,Unable to prosecute suspect,
5f6f961af52fc70aabe662b1aa797c2cabde23e65eb7ec913c240883fc05fb2d,2024-09,South Wales Police,South Wales Police,-3.811378,51.595878,On or near Cwrt Morfa Afan,W01000957,Neath Port Talbot 017D,Violence and sexual offences,Unable to prosecute suspect,
81c6e4803fa96ed665b9f00b3aef39a5369b7b78d364f12bcc3d6bd13f059b8a,2024-09,South Wales Police,South Wales Police,-3.805294,51.597555,On or near Poplars,W01000957,Neath Port Talbot 017D,Violence and sexual offences,Unable to prosecute suspect,
519180f79bc2e851d83552faa13c012fa91f17465528d7f352a9405d7da70251,2024-09,South Wales Police,South Wales Police,-3.812338,51.593157,On or near Heol Bevin,W01000957,Neath Port Talbot 017D,Violence and sexual offences,Awaiting court outcome,
0c976bde824c50f4b7b50e92a3d7b7128ea24e5ea228dd8bbf66596693a75e9d,2024-09,South Wales Police,South Wales Police,-3.807190,51.593299,On or near Moorland Road,W01000957,Neath Port Talbot 017D,Violence and sexual offences,Unable to prosecute suspect,
,2024-09,South Wales Police,South Wales Police,-3.806256,51.587954,On or near Elfed Avenue,W01000959,Neath Port Talbot 017E,Anti-social behaviour,,
bf287be3b771ca290425f691c245d606f6ded3656f0e5f7f1c9f5108b415ac52,2024-09,South Wales Police,South Wales Police,-3.806491,51.592060,On or near Sunny Road,W01000959,Neath Port Talbot 017E,Criminal damage and arson,Investigation complete; no suspect identified,
5b83b3df7ecccee2571af92a0106ffe642915652788ff5356235b2e7c8db78fc,2024-09,South Wales Police,South Wales Police,-3.815109,51.594220,On or near Parking Area,W01000959,Neath Port Talbot 017E,Criminal damage and arson,Under investigation,
7cc67cb4744349fd65cc5e8d088a6e6743f019446caf9525cca1d85cec55dd75,2024-09,South Wales Police,South Wales Police,-3.815109,51.594220,On or near Parking Area,W01000959,Neath Port Talbot 017E,Criminal damage and arson,Under investigation,
011886a961ada70181e9d52e6cec752215ea6599c9ad2dd40f1e43904022ad28,2024-09,South Wales Police,South Wales Police,-3.808918,51.588093,On or near Jersey Quay,W01000959,Neath Port Talbot 017E,Drugs,Local resolution,
6b7f263eddfed8e5475f4a9342729755098ba7e60900dbe71992fc8e07705f4b,2024-09,South Wales Police,South Wales Police,-3.803320,51.587451,On or near Sitwell Way,W01000959,Neath Port Talbot 017E,Public order,Under investigation,
a24b55e41d5b0e13b345322e3761af366b5c2f75bb9bb9e968a239a3be2769db,2024-09,South Wales Police,South Wales Police,-3.808918,51.588093,On or near Jersey Quay,W01000959,Neath Port Talbot 017E,Robbery,Unable to prosecute suspect,
429d98dc94254f11086f3ac1a8be87f35862f9a59039f9e00b4d6e75fdb6f434,2024-09,South Wales Police,South Wales Police,-3.815109,51.594220,On or near Parking Area,W01000959,Neath Port Talbot 017E,Shoplifting,Investigation complete; no suspect identified,
747e15356a95b96e6ebd2463126f8cb6face0e27f4aa8e8442616e5b815d2933,2024-09,South Wales Police,South Wales Police,-3.815109,51.594220,On or near Parking Area,W01000959,Neath Port Talbot 017E,Shoplifting,Investigation complete; no suspect identified,
741a6da59152a49704ed6769a8cefba03dd87daecb83bbf05fb7c36ed3aa6597,2024-09,South Wales Police,South Wales Police,-3.815109,51.594220,On or near Parking Area,W01000959,Neath Port Talbot 017E,Shoplifting,Under investigation,
0504a2bb92ae900a482aaa6d15e034259e78b42b33991092323083d7ac87ea3f,2024-09,South Wales Police,South Wales Police,-3.815109,51.594220,On or near Parking Area,W01000959,Neath Port Talbot 017E,Shoplifting,Awaiting court outcome,
52b27c8cc5728b2346982109322fb420e7917de0ab9e852469efe61c0a61023d,2024-09,South Wales Police,South Wales Police,-3.808918,51.588093,On or near Jersey Quay,W01000959,Neath Port Talbot 017E,Vehicle crime,Under investigation,
5663cd63490f2cc9d5cfaaff69322001197f0ab9b539d3e2344840426f4bbadf,2024-09,South Wales Police,South Wales Police,-3.806181,51.586804,On or near Mariners Quay,W01000959,Neath Port Talbot 017E,Violence and sexual offences,Unable to prosecute suspect,
93173900393a87066f4b02af247cbc0ba3ba9b99d4f4432be5c168b219a5859a,2024-09,South Wales Police,South Wales Police,-3.802057,51.587263,On or near Cresawnt Dylan,W01000959,Neath Port Talbot 017E,Violence and sexual offences,Under investigation,
fca459e4caf4aa7d498c978f6047466bb0f6bba82a05ae80d8e316fbc68a006a,2024-09,South Wales Police,South Wales Police,-3.808918,51.588093,On or near Jersey Quay,W01000959,Neath Port Talbot 017E,Violence and sexual offences,Unable to prosecute suspect,
df3627c3f1706c838500658a1cb4966c667ec7a2e5cd84a57e9b1333ff7f0d2c,2024-09,South Wales Police,South Wales Police,-3.802786,51.591110,On or near Victoria Road,W01000959,Neath Port Talbot 017E,Violence and sexual offences,Unable to prosecute suspect,
,2024-09,South Wales Police,South Wales Police,-3.803504,51.589534,On or near Burns Road,W01000960,Neath Port Talbot 017F,Anti-social behaviour,,
,2024-09,South Wales Police,South Wales Police,-3.799565,51.590691,On or near Newbridge Road,W01000960,Neath Port Talbot 017F,Anti-social behaviour,,
,2024-09,South Wales Police,South Wales Police,-3.803504,51.589534,On or near Burns Road,W01000960,Neath Port Talbot 017F,Anti-social behaviour,,
,2024-09,South Wales Police,South Wales Police,-3.799565,51.590691,On or near Newbridge Road,W01000960,Neath Port Talbot 017F,Anti-social behaviour,,
8ab9f8146d908b4662839f5c2274f3b538925c41fdb2eb59e3a58700b3d65b5e,2024-09,South Wales Police,South Wales Police,-3.798875,51.593678,On or near Addison Place,W01000960,Neath Port Talbot 017F,Criminal damage and arson,Investigation complete; no suspect identified,
865ca76f6f883640992f82f84898df2291818ee80baccac053aa64e6bcec99cc,2024-09,South Wales Police,South Wales Police,-3.803504,51.589534,On or near Burns Road,W01000960,Neath Port Talbot 017F,Possession of weapons,Under investigation,
fcffdbaa7dcb97b22a3e18c68dec8fbc42a403d66a577745dfd77d687e92c20c,2024-09,South Wales Police,South Wales Police,-3.798875,51.593678,On or near Addison Place,W01000960,Neath Port Talbot 017F,Shoplifting,Investigation complete; no suspect identified,
ebda652bbcc2ae3577434e57d64f870e44ca018fc05cfe430bd3925104c37134,2024-09,South Wales Police,South Wales Police,-3.804525,51.593448,On or near Seabrook Place,W01000960,Neath Port Talbot 017F,Violence and sexual offences,Under investigation,
e87cf997cc4ce3876c4c6cb525842237553c63a62f2f15379e7c7a580d9d8c91,2024-09,South Wales Police,South Wales Police,-3.801747,51.588913,On or near Lake Road,W01000960,Neath Port Talbot 017F,Violence and sexual offences,Further investigation is not in the public interest,
4502b73f3d5e3a95ecba53a59fd8eb493a7b2de406d050497e361dc35fecbdf8,2024-09,South Wales Police,South Wales Police,-3.800641,51.590522,On or near Ruskin Avenue,W01000960,Neath Port Talbot 017F,Violence and sexual offences,Unable to prosecute suspect,
33aa54b1990d17d72fccf8a4021e3915e08d4edc9e636e63bb9d17487974c6d4,2024-09,South Wales Police,South Wales Police,-3.799565,51.590691,On or near Newbridge Road,W01000960,Neath Port Talbot 017F,Violence and sexual offences,Unable to prosecute suspect,
06a21c5fcf4254f9f819ac8d9c71ea8f378480eb44aad87c9070cab650b39eb4,2024-09,South Wales Police,South Wales Police,-3.772465,51.593946,On or near Pen-Y-Cae Road,W01000949,Neath Port Talbot 018A,Vehicle crime,Awaiting court outcome,
e751ac2f6a406aa3ca8dd5f31911bbf95fda58a0c3def501523f1a9da708194e,2024-09,South Wales Police,South Wales Police,-3.771478,51.603456,On or near Danyffynon,W01000949,Neath Port Talbot 018A,Vehicle crime,Investigation complete; no suspect identified,
bb120b5733a252bd65326c33a98ec408a304f886a50ea419f246be7c1b43e05b,2024-09,South Wales Police,South Wales Police,-3.775453,51.598765,On or near Margaret Street,W01000949,Neath Port Talbot 018A,Violence and sexual offences,Unable to prosecute suspect,
,2024-09,South Wales Police,South Wales Police,-3.782986,51.596448,On or near Supermarket,W01000950,Neath Port Talbot 018B,Anti-social behaviour,,
d4d826d88e18ad8a2eef9408cbea607d2a9ca241b26ce39407faeb3297b9d091,2024-09,South Wales Police,South Wales Police,-3.782986,51.596448,On or near Supermarket,W01000950,Neath Port Talbot 018B,Criminal damage and arson,Investigation complete; no suspect identified,
4c58a86eb8d03dd76558257944402cfa04ce3969f6843f6fbd3fbf8e71395829,2024-09,South Wales Police,South Wales Police,-3.779661,51.596705,On or near Bath Street,W01000950,Neath Port Talbot 018B,Criminal damage and arson,Investigation complete; no suspect identified,
431ed4043a8800ba19b753ed4abffe4245a0f44649e41734a2c99b91425ad028,2024-09,South Wales Police,South Wales Police,-3.777818,51.600537,On or near Velindre Street,W01000950,Neath Port Talbot 018B,Criminal damage and arson,Investigation complete; no suspect identified,
0aae8f1e221af5fc2b092c7c3b8a41465f9f5384127fa7c1bd622b2bf2957af0,2024-09,South Wales Police,South Wales Police,-3.777818,51.600537,On or near Velindre Street,W01000950,Neath Port Talbot 018B,Criminal damage and arson,Investigation complete; no suspect identified,
1082512b99bf18b0ce9c3869a17a65c341ffe2cbd15baab7b58bc27e38a6a701,2024-09,South Wales Police,South Wales Police,-3.782986,51.596448,On or near Supermarket,W01000950,Neath Port Talbot 018B,Other theft,Investigation complete; no suspect identified,
c8830c9577e7d5bea85f528534282d41b88654f00a098f15f64acc26663c544b,2024-09,South Wales Police,South Wales Police,-3.782986,51.596448,On or near Supermarket,W01000950,Neath Port Talbot 018B,Other theft,Investigation complete; no suspect identified,
cf870c36ff58c2e76bf03e853ef4fe6909a7a1521ecb761ea41029e18695331b,2024-09,South Wales Police,South Wales Police,-3.781722,51.597339,On or near Prior Street,W01000950,Neath Port Talbot 018B,Public order,Unable to prosecute suspect,
e02f16427890fd6ddf2bf5e789c289442719f0573606f77c80c57f1d6d3f3f76,2024-09,South Wales Police,South Wales Police,-3.777238,51.598235,On or near Reginald Street,W01000950,Neath Port Talbot 018B,Public order,Unable to prosecute suspect,
bad2b0e34c2069141d767870c773613143a03264a35bfba79e481001d3123aaa,2024-09,South Wales Police,South Wales Police,-3.779420,51.595342,On or near Mansel Street,W01000950,Neath Port Talbot 018B,Public order,Investigation complete; no suspect identified,
6ee6075e2ba37c85e9f9fd9ade0d13700e57bd15d3be747e66bd8f3c8808d601,2024-09,South Wales Police,South Wales Police,-3.782986,51.596448,On or near Supermarket,W01000950,Neath Port Talbot 018B,Shoplifting,Investigation complete; no suspect identified,
0ab3b78c4e8e52203269f46a58d796022e02e696895515fe0fd77e30374c453a,2024-09,South Wales Police,South Wales Police,-3.782986,51.596448,On or near Supermarket,W01000950,Neath Port Talbot 018B,Shoplifting,Investigation complete; no suspect identified,
7204b592d267325fdc6cab051f37236b7e94cc09d7b48a51866909589b9fd378,2024-09,South Wales Police,South Wales Police,-3.782986,51.596448,On or near Supermarket,W01000950,Neath Port Talbot 018B,Shoplifting,Awaiting court outcome,
c243ec9da1c4cdd7f619ef0ccd5bdd56aa4f4223c7833c87c6a37c235e55d716,2024-09,South Wales Police,South Wales Police,-3.782986,51.596448,On or near Supermarket,W01000950,Neath Port Talbot 018B,Shoplifting,Unable to prosecute suspect,
8dedf169e5000d6740ef7ec2971bac6b4b20d26e11959e3c21f91786a7282557,2024-09,South Wales Police,South Wales Police,-3.782986,51.596448,On or near Supermarket,W01000950,Neath Port Talbot 018B,Shoplifting,Investigation complete; no suspect identified,
ba7269d2fba32a073ed2c0f409bda0c6b05ac2388cc9fa6c2802e225e66f7ef6,2024-09,South Wales Police,South Wales Police,-3.782986,51.596448,On or near Supermarket,W01000950,Neath Port Talbot 018B,Shoplifting,Unable to prosecute suspect,
7cde3f7ca0c2664dd5e69961ca820ba03f595cbd5b042551db3d5875453cd36f,2024-09,South Wales Police,South Wales Police,-3.782986,51.596448,On or near Supermarket,W01000950,Neath Port Talbot 018B,Shoplifting,Under investigation,
67aa47e140efb2b934fdd094979be42e750d2b9d9169ece00011d1c752e26cd0,2024-09,South Wales Police,South Wales Police,-3.779429,51.599253,On or near Avan Street,W01000950,Neath Port Talbot 018B,Vehicle crime,Investigation complete; no suspect identified,
c16a1deed3905ba8a4150ec66979bd81e534ea8f6849669d07b93a6c608b790e,2024-09,South Wales Police,South Wales Police,-3.779614,51.597344,On or near Tudor Street,W01000950,Neath Port Talbot 018B,Vehicle crime,Investigation complete; no suspect identified,
2fac6cd5437f265484e8c6c615435e7b92e1862a024ba36612784838f22afb2c,2024-09,South Wales Police,South Wales Police,-3.776987,51.595523,On or near Oakwood Place,W01000950,Neath Port Talbot 018B,Violence and sexual offences,Under investigation,
f2e65b19790f8053019e04c4ade5e14d5e0196bd07b3af72c306c6557e38b6de,2024-09,South Wales Police,South Wales Police,-3.779614,51.597344,On or near Tudor Street,W01000950,Neath Port Talbot 018B,Violence and sexual offences,Under investigation,
2f42fa18bc96e801b020a2c5ea1bc0214bb925f9605fdfebc75c66f204ae5238,2024-09,South Wales Police,South Wales Police,-3.778266,51.595359,On or near Crown Street,W01000950,Neath Port Talbot 018B,Violence and sexual offences,Under investigation,
2a0349e19e743ec1c768660aea282adb2460658c2082bf2f795331070305b25e,2024-09,South Wales Police,South Wales Police,-3.780004,51.596250,On or near Forge Road,W01000950,Neath Port Talbot 018B,Violence and sexual offences,Unable to prosecute suspect,
917a9907b6889a82fb0b8a06c512ba691b30767854aab388dcf32d77424447bd,2024-09,South Wales Police,South Wales Police,-3.779614,51.597344,On or near Tudor Street,W01000950,Neath Port Talbot 018B,Violence and sexual offences,Unable to prosecute suspect,
ae0f37e754c6e347ce7ae7f935bd7ca91c093e6e02d853db5c0e50fa7e48d6ec,2024-09,South Wales Police,South Wales Police,-3.778266,51.595359,On or near Crown Street,W01000950,Neath Port Talbot 018B,Violence and sexual offences,Unable to prosecute suspect,
e04ac3cf738656d7dfce3f8e518b149b3d2cd96f38933cc88b302eaee178967a,2024-09,South Wales Police,South Wales Police,-3.779661,51.596705,On or near Bath Street,W01000950,Neath Port Talbot 018B,Violence and sexual offences,Unable to prosecute suspect,
,2024-09,South Wales Police,South Wales Police,-3.781302,51.593254,On or near Nightclub,W01000951,Neath Port Talbot 018C,Anti-social behaviour,,
,2024-09,South Wales Police,South Wales Police,-3.779552,51.591320,On or near Petrol Station,W01000951,Neath Port Talbot 018C,Anti-social behaviour,,
ad783b8bc2514f7414846d219f4711afed27bd93765fd4096533b6255b6a51c1,2024-09,South Wales Police,South Wales Police,-3.780495,51.593653,On or near Courtland Buildings,W01000951,Neath Port Talbot 018C,Burglary,Investigation complete; no suspect identified,
fbe06e10f278403de1e6b124b3cb74bf0abc2675a62f0f5e6a45a2f49466adc7,2024-09,South Wales Police,South Wales Police,-3.781314,51.595034,On or near Glan Afan,W01000951,Neath Port Talbot 018C,Burglary,Unable to prosecute suspect,
2597baca5c2ebee9b8e04afaa22501ccdefce7a0861d25fb1ade2b647985d604,2024-09,South Wales Police,South Wales Police,-3.779093,51.592128,On or near Eagle Mews,W01000951,Neath Port Talbot 018C,Criminal damage and arson,Unable to prosecute suspect,
77fb555f2a296b4463f258c133b06156f051fc724315abd13f6e4a4fd453bfc8,2024-09,South Wales Police,South Wales Police,-3.779093,51.592128,On or near Eagle Mews,W01000951,Neath Port Talbot 018C,Criminal damage and arson,Unable to prosecute suspect,
d126ff194eb0122db41c763260144334b079220c631fef8ac54980d90d367863,2024-09,South Wales Police,South Wales Police,-3.779552,51.591320,On or near Petrol Station,W01000951,Neath Port Talbot 018C,Criminal damage and arson,Investigation complete; no suspect identified,
df1d3db7e9979cd1ab4a684e59e93700938bfa96cad86ed2bbec580718fcd5d7,2024-09,South Wales Police,South Wales Police,-3.781314,51.595034,On or near Glan Afan,W01000951,Neath Port Talbot 018C,Criminal damage and arson,Investigation complete; no suspect identified,
a51542ae473021d14bd0799fc383202be30d2bc516e53647af988b7dbdbc468a,2024-09,South Wales Police,South Wales Police,-3.776034,51.589971,On or near Devonshire Place,W01000951,Neath Port Talbot 018C,Other theft,Unable to prosecute suspect,
b0b0a1769824feefab94dd9c8fbeda3be4a11f216454a35f4e5d2435e2dcc211,2024-09,South Wales Police,South Wales Police,-3.778583,51.592028,On or near Eagle Street,W01000951,Neath Port Talbot 018C,Other theft,Investigation complete; no suspect identified,
fd6986ab05ec4fab60e264f23b36f416c208748d4cf3d06cfcbd93164a1e3c58,2024-09,South Wales Police,South Wales Police,-3.780681,51.592149,On or near Port Talbot Parkway,W01000951,Neath Port Talbot 018C,Public order,Investigation complete; no suspect identified,
e9a1cd59fe20fb8d97719f0ca995d85cba955bf357444d88890867c288d74fd2,2024-09,South Wales Police,South Wales Police,-3.779552,51.591320,On or near Petrol Station,W01000951,Neath Port Talbot 018C,Public order,Unable to prosecute suspect,
c110f0303690b57f30ea3a56692226ae1156eaae37c8e76bc3c8c23dd96edc30,2024-09,South Wales Police,South Wales Police,-3.780738,51.592475,On or near Bus/Coach Station,W01000951,Neath Port Talbot 018C,Public order,Unable to prosecute suspect,
6778aa47d4a76458500f59883d4a8aa5f59fdfda5eabd2554e899d074685a759,2024-09,South Wales Police,South Wales Police,-3.780495,51.593653,On or near Courtland Buildings,W01000951,Neath Port Talbot 018C,Shoplifting,Awaiting court outcome,
b86fbabdbb612a52c54a72dd8011d86d36e11cf0e47ff1711dbeac65610e972f,2024-09,South Wales Police,South Wales Police,-3.779552,51.591320,On or near Petrol Station,W01000951,Neath Port Talbot 018C,Shoplifting,Unable to prosecute suspect,
b8525b772e0eb33846191b471954647509d43b19992017c1f3fb8214cbda4c80,2024-09,South Wales Police,South Wales Police,-3.781314,51.595034,On or near Glan Afan,W01000951,Neath Port Talbot 018C,Shoplifting,Unable to prosecute suspect,
75e9a0cd01f727c720cdb3bf8bc52edaf033ce3ce2c738d4c1894960ba34d261,2024-09,South Wales Police,South Wales Police,-3.779552,51.591320,On or near Petrol Station,W01000951,Neath Port Talbot 018C,Shoplifting,Unable to prosecute suspect,
d320302461f95f17bf15aec3e222dc29c2be1bcdd9967fea04e6de3d440536d2,2024-09,South Wales Police,South Wales Police,-3.781314,51.595034,On or near Glan Afan,W01000951,Neath Port Talbot 018C,Shoplifting,Investigation complete; no suspect identified,
deadcf822956688e0274b16ad3cbfc849fa687c096737ee86b6ae284969f0a61,2024-09,South Wales Police,South Wales Police,-3.779552,51.591320,On or near Petrol Station,W01000951,Neath Port Talbot 018C,Shoplifting,Awaiting court outcome,
400a22dd0d0a6327aa8ea117f975b830caef528e02e03170dc939413dd8ffa0a,2024-09,South Wales Police,South Wales Police,-3.780681,51.592149,On or near Port Talbot Parkway,W01000951,Neath Port Talbot 018C,Vehicle crime,Investigation complete; no suspect identified,
012b4fe3dff721033d957309e2f2f9c06983d7423f295000c770906c31d8efe1,2024-09,South Wales Police,South Wales Police,-3.781314,51.595034,On or near Glan Afan,W01000951,Neath Port Talbot 018C,Vehicle crime,Investigation complete; no suspect identified,
0407761fb594eb7a85d6b29975a7bbff0311191ed0e1fa9bc161e8888cacb934,2024-09,South Wales Police,South Wales Police,-3.780681,51.592149,On or near Port Talbot Parkway,W01000951,Neath Port Talbot 018C,Vehicle crime,Investigation complete; no suspect identified,
6c026b1abf3242986f05660ce65371f6af0b47d9ba097f9a4be7a8cbb13194f6,2024-09,South Wales Police,South Wales Police,-3.776034,51.589971,On or near Devonshire Place,W01000951,Neath Port Talbot 018C,Violence and sexual offences,Under investigation,
d439d49bca723a7bd1b49e8ef6c6d8df9fa8ec4d3e1e29318f7ffc8c541f84cd,2024-09,South Wales Police,South Wales Police,-3.776034,51.589971,On or near Devonshire Place,W01000951,Neath Port Talbot 018C,Violence and sexual offences,Under investigation,
55bcc7ced53afb8736680972d8c3f9b93ef3eb9ffd5dc462535531c51d24158b,2024-09,South Wales Police,South Wales Police,-3.780495,51.593653,On or near Courtland Buildings,W01000951,Neath Port Talbot 018C,Violence and sexual offences,Unable to prosecute suspect,
ef763a6563ccb932d6f04dfa0cfd9c1ba4cbff21474773eae25c4322a4508350,2024-09,South Wales Police,South Wales Police,-3.780392,51.591757,On or near Parking Area,W01000951,Neath Port Talbot 018C,Violence and sexual offences,Unable to prosecute suspect,
89ba2693853f97811c8c3788948c2abd3f2bcb14dc874294643e843b3bfca51e,2024-09,South Wales Police,South Wales Police,-3.773992,51.592025,On or near Tan-Y-Groes Street,W01000951,Neath Port Talbot 018C,Violence and sexual offences,Unable to prosecute suspect,
7070c5f0a50e9bb12cb4b9dff12d5b6e8aaf9ac7416c1a29bd92645bd4e075a6,2024-09,South Wales Police,South Wales Police,-3.781302,51.593254,On or near Nightclub,W01000951,Neath Port Talbot 018C,Violence and sexual offences,Investigation complete; no suspect identified,
c61f8d74e29d6573076378461c46327705aa55dc38590a23a58b6defa4fc008f,2024-09,South Wales Police,South Wales Police,-3.775841,51.589830,On or near Gower Street,W01000951,Neath Port Talbot 018C,Violence and sexual offences,Under investigation,
55b7fb9c6507c9c5af59527c45ba9671c46f8c35def98ad20bbe58f44c91241a,2024-09,South Wales Police,South Wales Police,-3.781458,51.594646,On or near Ty-Draw Place,W01000951,Neath Port Talbot 018C,Violence and sexual offences,Unable to prosecute suspect,
59834ed2d894f3129344da64362062a5aa1f5f14af7297d43e6ed0e2a42b0370,2024-09,South Wales Police,South Wales Police,-3.780681,51.592149,On or near Port Talbot Parkway,W01000951,Neath Port Talbot 018C,Violence and sexual offences,Unable to prosecute suspect,
6a9b3e33511c604dd2d568376213e588e344aa19e735bbe8109f0b356248e16a,2024-09,South Wales Police,South Wales Police,-3.780681,51.592149,On or near Port Talbot Parkway,W01000951,Neath Port Talbot 018C,Violence and sexual offences,Unable to prosecute suspect,
1339e759af1c286ce8c65df2ba2a01e76ecc2e47a67776bb288dcc1c80d85e08,2024-09,South Wales Police,South Wales Police,-3.780681,51.592149,On or near Port Talbot Parkway,W01000951,Neath Port Talbot 018C,Violence and sexual offences,Investigation complete; no suspect identified,
e4a8fe4334355906565c884a0b2088e309c3c7bd59c2056dc8053e11941f4bd2,2024-09,South Wales Police,South Wales Police,-3.776034,51.589971,On or near Devonshire Place,W01000951,Neath Port Talbot 018C,Violence and sexual offences,Under investigation,
d0e9886d37ed8e0c5260d36093a275d29729ca34fc342a60330c01e3aedbcb71,2024-09,South Wales Police,South Wales Police,-3.780681,51.592149,On or near Port Talbot Parkway,W01000951,Neath Port Talbot 018C,Violence and sexual offences,Investigation complete; no suspect identified,
a338fe28c8a930f72a19987e8838123e490b059b71e6efb8c841c1d32a155a0e,2024-09,South Wales Police,South Wales Police,-3.780681,51.593992,On or near Courtland Place,W01000951,Neath Port Talbot 018C,Violence and sexual offences,Investigation complete; no suspect identified,
,2024-09,South Wales Police,South Wales Police,-3.773265,51.588925,On or near Theodore Road,W01000952,Neath Port Talbot 018D,Anti-social behaviour,,
ddfcfb44baf2d542895f4749d6a0cdd59bbc337535b4afedce04b6462e8edc6d,2024-09,South Wales Police,South Wales Police,-3.774573,51.587673,On or near A48,W01000952,Neath Port Talbot 018D,Public order,Under investigation,
ef5d1a4b2c1e55c8ccf106f8306f4245699ad7a0f51585c7dc7276161b4d2147,2024-09,South Wales Police,South Wales Police,-3.774573,51.587673,On or near A48,W01000952,Neath Port Talbot 018D,Violence and sexual offences,Unable to prosecute suspect,
ffc9e4a3cee82986915c90bdd5c5c6bc7a997d94dca36e936342726bf578f6b8,2024-09,South Wales Police,South Wales Police,-3.770713,51.590843,On or near Mayfield Street,W01000952,Neath Port Talbot 018D,Violence and sexual offences,Unable to prosecute suspect,
ae24a903b64ae4c3ce68ea22e42de518c820bc95cced97a0cc976dbb0a006d62,2024-09,South Wales Police,South Wales Police,-3.774573,51.587673,On or near A48,W01000952,Neath Port Talbot 018D,Violence and sexual offences,Unable to prosecute suspect,
,2024-09,South Wales Police,South Wales Police,-3.766875,51.583842,On or near Constant Road,W01000966,Neath Port Talbot 018E,Anti-social behaviour,,
,2024-09,South Wales Police,South Wales Police,-3.766417,51.585809,On or near Inkerman Row,W01000966,Neath Port Talbot 018E,Anti-social behaviour,,
1f14169f5dccd5a9905add8dc94d9bc7fd8a2f80c3774ad43ce46765129a6f29,2024-09,South Wales Police,South Wales Police,-3.770193,51.585653,On or near Rhes Scutari,W01000966,Neath Port Talbot 018E,Burglary,Unable to prosecute suspect,
3adcbf66f63ada78579bd56dd1b9143bc9912bb701e7a3c3169b79674808bde2,2024-09,South Wales Police,South Wales Police,-3.770193,51.585653,On or near Rhes Scutari,W01000966,Neath Port Talbot 018E,Public order,Unable to prosecute suspect,
a89c2404dc14ac90c4cf7b8a42323f0023991976b03f5fcfc835b13973f89582,2024-09,South Wales Police,South Wales Police,-3.766944,51.591196,On or near Field Terrace,W01000966,Neath Port Talbot 018E,Vehicle crime,Under investigation,
956dfa063e29059d770daf83809a08767d64d7a47e95f6716483023540b98429,2024-09,South Wales Police,South Wales Police,-3.768168,51.584065,On or near Somerset Street,W01000966,Neath Port Talbot 018E,Vehicle crime,Under investigation,
67d99098fa82b6640e9aaa18e31dc174d132fb5ed44d4bd0409dd9180d4aca77,2024-09,South Wales Police,South Wales Police,-3.768168,51.584065,On or near Somerset Street,W01000966,Neath Port Talbot 018E,Vehicle crime,Investigation complete; no suspect identified,
7bfcc5c2e2871a2484888386334bdd5644bb16549b2934a15a0acf5d9ada9646,2024-09,South Wales Police,South Wales Police,-3.768168,51.584065,On or near Somerset Street,W01000966,Neath Port Talbot 018E,Vehicle crime,Under investigation,
08b8fc68b4d6776e42ba929e2a459e69aef9ce7e36637958ea162433c7efd243,2024-09,South Wales Police,South Wales Police,-3.770193,51.585653,On or near Rhes Scutari,W01000966,Neath Port Talbot 018E,Violence and sexual offences,Under investigation,
e7e204c8c3d9d8600b990824a799b35fe52c29f3d656c6dd574054fc91896fe9,2024-09,South Wales Police,South Wales Police,-3.754138,51.592297,On or near Goytre Road,W01000966,Neath Port Talbot 018E,Violence and sexual offences,Unable to prosecute suspect,
c478ca19f9183e23f53204fc05244fd85f68fed6111585e6b9417020ab08f594,2024-09,South Wales Police,South Wales Police,-3.765508,51.592135,On or near Wildbrook,W01000966,Neath Port Talbot 018E,Violence and sexual offences,Unable to prosecute suspect,
e4ffa2804a55622447950b209a4953ebdb34319ff178b63ef002792e6a8ce732,2024-09,South Wales Police,South Wales Police,-3.768168,51.584065,On or near Somerset Street,W01000966,Neath Port Talbot 018E,Other crime,Under investigation,
,2024-09,South Wales Police,South Wales Police,-3.790731,51.591825,On or near North Bank Road,W01000932,Neath Port Talbot 019A,Anti-social behaviour,,
,2024-09,South Wales Police,South Wales Police,-3.758670,51.570593,On or near Byass Street,W01000932,Neath Port Talbot 019A,Anti-social behaviour,,
,2024-09,South Wales Police,South Wales Police,-3.758670,51.570593,On or near Byass Street,W01000932,Neath Port Talbot 019A,Anti-social behaviour,,
ac807417acb91e3bc1701294946076f6f60b975fc5855fe547bdda43d804ec26,2024-09,South Wales Police,South Wales Police,-3.782232,51.587512,On or near Llewellyn'S Road,W01000932,Neath Port Talbot 019A,Burglary,Investigation complete; no suspect identified,
de1f00acc3bbb12c4e68fbc7869388239c366ec3915deb294f50b8eab8a7cfd0,2024-09,South Wales Police,South Wales Police,-3.779732,51.588908,On or near Maritime Road,W01000932,Neath Port Talbot 019A,Burglary,Investigation complete; no suspect identified,
9d51eb4bb504bb81de38aac0644e32b098da670a4bd1c1e325a2c83aae76e950,2024-09,South Wales Police,South Wales Police,-3.758670,51.570593,On or near Byass Street,W01000932,Neath Port Talbot 019A,Criminal damage and arson,Under investigation,
65967dbcb64471449a1f903c53a83d90cb488f2c36f721614decf920e3065507,2024-09,South Wales Police,South Wales Police,-3.784580,51.591064,On or near Harbourside Road,W01000932,Neath Port Talbot 019A,Criminal damage and arson,Investigation complete; no suspect identified,
316e1180576c7bf1e87c4fd80962c15bf321167cbdbfa05741217397775eab0e,2024-09,South Wales Police,South Wales Police,-3.784580,51.591064,On or near Harbourside Road,W01000932,Neath Port Talbot 019A,Public order,Under investigation,
fef0c407b5ba0183d5b0e88ae6926214d0f8c5f22cdd6e351807a0ee7f139018,2024-09,South Wales Police,South Wales Police,-3.757215,51.570651,On or near Morfa Road,W01000932,Neath Port Talbot 019A,Violence and sexual offences,Unable to prosecute suspect,
c01417345801e0d3cc19526f14b3f3e94a0f2fa9f1f5690ae65a0a0e299c22a5,2024-09,South Wales Police,South Wales Police,-3.757693,51.571085,On or near Saltoun Street,W01000932,Neath Port Talbot 019A,Violence and sexual offences,Unable to prosecute suspect,
4c18a782b6d62492f094d04efc225ae282256d78346a23bc601c09ffbe889c64,2024-09,South Wales Police,South Wales Police,-3.753008,51.570067,On or near Cefn Ffynon,W01000933,Neath Port Talbot 019B,Other theft,Unable to prosecute suspect,
09a2cf239c0e99751a2bc33135c7b777ec386d0f2bcd9d917400aca478f2d69c,2024-09,South Wales Police,South Wales Police,-3.748361,51.572708,On or near Tudor Grove,W01000933,Neath Port Talbot 019B,Public order,Investigation complete; no suspect identified,
d671c49ef8f14ef3d41c07b4a13290d4fb73cf810769090a547a2fa9965bbc34,2024-09,South Wales Police,South Wales Police,-3.712765,51.552470,On or near Parking Area,W01000933,Neath Port Talbot 019B,Robbery,Unable to prosecute suspect,
8687413aba703e36896a5f9f41130e380fce0fcb81f473cf4b635380235477d9,2024-09,South Wales Police,South Wales Police,-3.742606,51.564853,On or near Parking Area,W01000933,Neath Port Talbot 019B,Theft from the person,Investigation complete; no suspect identified,
30f0dea9c282bb8f68b7fec9f7175bd8fac2db4527ac1144cc554dc1b3f1f9d9,2024-09,South Wales Police,South Wales Police,-3.753008,51.570067,On or near Cefn Ffynon,W01000933,Neath Port Talbot 019B,Vehicle crime,Investigation complete; no suspect identified,
7785b621ad9629f8d26add60b762854dd8378c73e54b8edc61bc4f5c4f5fc5ab,2024-09,South Wales Police,South Wales Police,-3.750697,51.571153,On or near College Green,W01000933,Neath Port Talbot 019B,Violence and sexual offences,Unable to prosecute suspect,
38c5d456945700d82bc72dea38aa9950f49a105186458c1ce8d7ec821236163b,2024-09,South Wales Police,South Wales Police,-3.749629,51.568516,On or near Abbott'S Close,W01000933,Neath Port Talbot 019B,Violence and sexual offences,Unable to prosecute suspect,
1e079c5b7b726fec67f7f98cb6a50030e9343101d5283ec9df7c4552aa114f16,2024-09,South Wales Police,South Wales Police,-3.748361,51.572708,On or near Tudor Grove,W01000933,Neath Port Talbot 019B,Violence and sexual offences,Unable to prosecute suspect,
c3abf2e828d79ff35be0b8025990fb6118dfa0ca8068a8a044ae28db82f6a6fa,2024-09,South Wales Police,South Wales Police,-3.712765,51.552470,On or near Parking Area,W01000933,Neath Port Talbot 019B,Violence and sexual offences,Investigation complete; no suspect identified,
8006ac7673c616d7c34466279cd08897ed4e0324d391d3619ead4788d26cbc9f,2024-09,South Wales Police,South Wales Police,-3.750697,51.571153,On or near College Green,W01000933,Neath Port Talbot 019B,Violence and sexual offences,Under investigation,
c3424401bd6b9d8832081412c58eed77f11a6fa8510276ae091a256a11793dea,2024-09,South Wales Police,South Wales Police,-3.754038,51.572461,On or near Bertha Road,W01000933,Neath Port Talbot 019B,Violence and sexual offences,Unable to prosecute suspect,
e37f15cf7682c5969c73d9ffe50866dc039024728b969aa81a1e8dfadf13f3eb,2024-09,South Wales Police,South Wales Police,-3.754038,51.572461,On or near Bertha Road,W01000933,Neath Port Talbot 019B,Other crime,Further investigation is not in the public interest,
,2024-09,South Wales Police,South Wales Police,-3.771874,51.585816,On or near Supermarket,W01000967,Neath Port Talbot 019C,Anti-social behaviour,,
,2024-09,South Wales Police,South Wales Police,-3.766898,51.582942,On or near Heol-Yr-Orsedd,W01000967,Neath Port Talbot 019C,Anti-social behaviour,,
aabb7f25cb42fc5f601b14da5f43dd4d901c437141bfb6299ef933e047c123e2,2024-09,South Wales Police,South Wales Police,-3.771438,51.586488,On or near Library Lane,W01000967,Neath Port Talbot 019C,Criminal damage and arson,Unable to prosecute suspect,
4c24e061a6d5ec7d148b8cbc413e1204dbf065113b6894b8b84752261bcb3f32,2024-09,South Wales Police,South Wales Police,-3.764497,51.579831,On or near Donnen Street,W01000967,Neath Port Talbot 019C,Criminal damage and arson,Unable to prosecute suspect,
80d3032d8088bcdd402fd55d1320b9a413c7d4ca6a7d28e5e72a324257f2f79e,2024-09,South Wales Police,South Wales Police,-3.765182,51.580387,On or near Brombil Street,W01000967,Neath Port Talbot 019C,Drugs,Awaiting court outcome,
b6d3f6f2992c47bdb858e1ed1f68c566678b1df9d19b0f60639cd09ac7f84f76,2024-09,South Wales Police,South Wales Police,-3.769571,51.586723,On or near Brook Street,W01000967,Neath Port Talbot 019C,Other theft,Unable to prosecute suspect,
34ae872db4d182763897fe8bfa1d6b06af1f67de3c1f40415b1c1b3458384188,2024-09,South Wales Police,South Wales Police,-3.765369,51.578882,On or near Pentre Wern,W01000967,Neath Port Talbot 019C,Public order,Unable to prosecute suspect,
db7ff04c272d8b6d499731ff065eaa1f622a604d7f65e11522151d011601e250,2024-09,South Wales Police,South Wales Police,-3.766212,51.582377,On or near Wood Street,W01000967,Neath Port Talbot 019C,Public order,Under investigation,
7526678dcaf7441e2f50dca5b1895a7849ac43a4c9755a53a222806014046653,2024-09,South Wales Police,South Wales Police,-3.771874,51.585816,On or near Supermarket,W01000967,Neath Port Talbot 019C,Shoplifting,Under investigation,
b8f0359b8e825abe0c089fe13db9642b6b1e71049c5e0ad51179f8954619f501,2024-09,South Wales Police,South Wales Police,-3.771874,51.585816,On or near Supermarket,W01000967,Neath Port Talbot 019C,Shoplifting,Investigation complete; no suspect identified,
c329d02552cb22a1dd6db1f33d6d905eed4099f963ce15ac601aa0c4815425f8,2024-09,South Wales Police,South Wales Police,-3.771874,51.585816,On or near Supermarket,W01000967,Neath Port Talbot 019C,Shoplifting,Investigation complete; no suspect identified,
14b58f52c96cd2472a86fa31bc09887fc2349ce6e58729c1d20cf500734d36f4,2024-09,South Wales Police,South Wales Police,-3.767229,51.581804,On or near Lady Charlotte Lane,W01000967,Neath Port Talbot 019C,Shoplifting,Awaiting court outcome,
892ffed2441df4efa3ba345e02d85a8d409fe81bd6b8f7dd9a13aff58c30ee6b,2024-09,South Wales Police,South Wales Police,-3.771874,51.585816,On or near Supermarket,W01000967,Neath Port Talbot 019C,Shoplifting,Awaiting court outcome,
020cf6a77b4616bec233421cee93cc544f020a5a208cfeafe691c122696bf66f,2024-09,South Wales Police,South Wales Police,-3.771874,51.585816,On or near Supermarket,W01000967,Neath Port Talbot 019C,Shoplifting,Investigation complete; no suspect identified,
9b4e4103801046668b822a50478af50e76d6987df761903cda3d57b7a60d4a75,2024-09,South Wales Police,South Wales Police,-3.771874,51.585816,On or near Supermarket,W01000967,Neath Port Talbot 019C,Shoplifting,Under investigation,
9e7a975bbf9454a10deef6f9427aaa2810fdb12c4ff15a47b204b5f585c94c65,2024-09,South Wales Police,South Wales Police,-3.771874,51.585816,On or near Supermarket,W01000967,Neath Port Talbot 019C,Shoplifting,Investigation complete; no suspect identified,
51dd45c860ffa75938f455bdd582612cca6dca365b3077ec77278dde3ab910c6,2024-09,South Wales Police,South Wales Police,-3.769728,51.584833,On or near Commercial Road,W01000967,Neath Port Talbot 019C,Vehicle crime,Investigation complete; no suspect identified,
3706482488fcef33b0606e18a9dd01cc145b935216150ae60cab4025c557261c,2024-09,South Wales Police,South Wales Police,-3.764138,51.580250,On or near Wilden Avenue,W01000967,Neath Port Talbot 019C,Vehicle crime,Investigation complete; no suspect identified,
d95bde7108d012171dba2425416badc5e8a9ba407464059d36aa321b43bc7a33,2024-09,South Wales Police,South Wales Police,-3.771874,51.585816,On or near Supermarket,W01000967,Neath Port Talbot 019C,Violence and sexual offences,Unable to prosecute suspect,
ca264cdf4b3dc1d981edde6ecffe1938373a88c2020831d5e8d018c523f4a997,2024-09,South Wales Police,South Wales Police,-3.764497,51.579831,On or near Donnen Street,W01000967,Neath Port Talbot 019C,Violence and sexual offences,Under investigation,
a2804c1c366b70ba22aea9e9363ddbac6aa944961ea0ae3ad1b3e5069b243f3d,2024-09,South Wales Police,South Wales Police,-3.764497,51.579831,On or near Donnen Street,W01000967,Neath Port Talbot 019C,Violence and sexual offences,Under investigation,
7714c56aa95530d16e9869f2a6766c9186d4fe7935a0ee14e0df37ca5a17927f,2024-09,South Wales Police,South Wales Police,-3.765182,51.580387,On or near Brombil Street,W01000967,Neath Port Talbot 019C,Violence and sexual offences,Under investigation,
c27f0409e2a614c8127f0a962d954d2d70dea657e7f5f8b61cd8c769688065f3,2024-09,South Wales Police,South Wales Police,-3.771438,51.586488,On or near Library Lane,W01000967,Neath Port Talbot 019C,Violence and sexual offences,Under investigation,
ac339be7be90277bfa0a7cbaadc32f795f4be068ffe46a16a5983a80ddbfb526,2024-09,South Wales Police,South Wales Police,-3.771438,51.586488,On or near Library Lane,W01000967,Neath Port Talbot 019C,Violence and sexual offences,Under investigation,
d223b7f93a556398fa3fc357ccd78e99ba72403a50bbfeada7c77b55090d86f9,2024-09,South Wales Police,South Wales Police,-3.764511,51.577583,On or near Tal-Y-Wern,W01000967,Neath Port Talbot 019C,Violence and sexual offences,Awaiting court outcome,
af7433369d2df25367a2a77a02db73abd895e41c9adb1b9706e0139b3f597165,2024-09,South Wales Police,South Wales Police,-3.766967,51.581376,On or near Duke Street,W01000967,Neath Port Talbot 019C,Violence and sexual offences,Unable to prosecute suspect,
140afd0c32dc754c1839d90934d76db590835500fa233bac00e6250bf84cd985,2024-09,South Wales Police,South Wales Police,-3.763767,51.581110,On or near Elba Avenue,W01000967,Neath Port Talbot 019C,Violence and sexual offences,Awaiting court outcome,
b48ccf8c3b3d0c4d0e36f13be89a2899cf4aaaee30060719693f375e59262bd5,2024-09,South Wales Police,South Wales Police,-3.771874,51.585816,On or near Supermarket,W01000967,Neath Port Talbot 019C,Violence and sexual offences,Unable to prosecute suspect,
d9864fa6397f64839dc25f00e3fba80490707de6cd6f7e46c052a49feb25a058,2024-09,South Wales Police,South Wales Police,-3.766898,51.582942,On or near Heol-Yr-Orsedd,W01000967,Neath Port Talbot 019C,Violence and sexual offences,Unable to prosecute suspect,
50ceea3b633328cb1d32fddcc199a360caec515f7e942ad5e604eea5fcaab193,2024-09,South Wales Police,South Wales Police,-3.766898,51.582942,On or near Heol-Yr-Orsedd,W01000967,Neath Port Talbot 019C,Violence and sexual offences,Unable to prosecute suspect,
de313ff607e1007281132c303a3aec7f526a95cb2ae7f149028c1452d4980721,2024-09,South Wales Police,South Wales Police,-3.769728,51.584833,On or near Commercial Road,W01000967,Neath Port Talbot 019C,Violence and sexual offences,Unable to prosecute suspect,
43cfd515869f779bef6352c938b5080e54ad33e443880e0bd5d28dc7731ca267,2024-09,South Wales Police,South Wales Police,-3.766898,51.582942,On or near Heol-Yr-Orsedd,W01000967,Neath Port Talbot 019C,Violence and sexual offences,Unable to prosecute suspect,
37a100ea7315b3071c3053f21c5321c0da3d31e697547998228cf7536d4f5893,2024-09,South Wales Police,South Wales Police,-3.765212,51.581520,On or near Brymbo Avenue,W01000967,Neath Port Talbot 019C,Violence and sexual offences,Unable to prosecute suspect,
,2024-09,South Wales Police,South Wales Police,-3.762003,51.577683,On or near Morfa Avenue,W01000968,Neath Port Talbot 019D,Anti-social behaviour,,
,2024-09,South Wales Police,South Wales Police,-3.762957,51.578829,On or near Rhanallt Street,W01000968,Neath Port Talbot 019D,Anti-social behaviour,,
581ae2684df8129df528b8ea0c8cea362ca5af8be319530ee7bfd507b1a1a110,2024-09,South Wales Police,South Wales Police,-3.762003,51.577683,On or near Morfa Avenue,W01000968,Neath Port Talbot 019D,Burglary,Investigation complete; no suspect identified,
87ee80869e8604e2570f43678348f44a69414b9a4ce8a5b516b1c7fe061252af,2024-09,South Wales Police,South Wales Police,-3.760182,51.578736,On or near Earl Road,W01000968,Neath Port Talbot 019D,Public order,Unable to prosecute suspect,
c81069e8f127372b045221c9e546b4d3d0fce497ae97bfc62f65e2b7809e985a,2024-09,South Wales Police,South Wales Police,-3.756054,51.574220,On or near Heol Tyfry,W01000968,Neath Port Talbot 019D,Public order,Unable to prosecute suspect,
419e76ab0fc6e31051e4d1863544eebcb18a5051a0d5b48d7606c9c981e79018,2024-09,South Wales Police,South Wales Police,-3.758246,51.574188,On or near Landore Avenue,W01000968,Neath Port Talbot 019D,Public order,Unable to prosecute suspect,
63f48dff12aa1506672d3980d8242b7cc7c4d86192505462acaf6f5442d8b07f,2024-09,South Wales Police,South Wales Police,-3.759588,51.578286,On or near Geifr Road,W01000968,Neath Port Talbot 019D,Public order,Unable to prosecute suspect,
19b301bb801d11195ffa5f553b1f4fa08d922b2c100402b5840fb0e5c0f99419,2024-09,South Wales Police,South Wales Police,-3.756436,51.576265,On or near Heol Rhedyn,W01000968,Neath Port Talbot 019D,Vehicle crime,Investigation complete; no suspect identified,
772d4513e8bf58c2c907d00eecfdbbe649f9a8d91c3819fd61a67299e6dfa17c,2024-09,South Wales Police,South Wales Police,-3.760955,51.576710,On or near Greenfield Avenue,W01000968,Neath Port Talbot 019D,Vehicle crime,Investigation complete; no suspect identified,
0d491e70b041b1a93f991fb8fc5dfa9bf3460077a6255a3d1e3e47e7a3488f78,2024-09,South Wales Police,South Wales Police,-3.759810,51.576565,On or near Graig Avenue,W01000968,Neath Port Talbot 019D,Violence and sexual offences,Unable to prosecute suspect,
94b1ef20424f8d324a1c29ab718b9a7f0cde6d40e2f25cb58c85872c94b346f6,2024-09,South Wales Police,South Wales Police,-3.760981,51.577366,On or near Woodland Avenue,W01000968,Neath Port Talbot 019D,Violence and sexual offences,Unable to prosecute suspect,
9f568aaf27e014dc2b10ec4edc1c981749715fc96ff6571aa3362c4672c756ec,2024-09,South Wales Police,South Wales Police,-3.759588,51.578286,On or near Geifr Road,W01000968,Neath Port Talbot 019D,Violence and sexual offences,Unable to prosecute suspect,
,2024-09,South Wales Police,South Wales Police,-3.821830,51.799003,On or near Parking Area,W01000919,Neath Port Talbot 020A,Anti-social behaviour,,
323c7060f1eb0f26593981124288cc4dbe47e86275651552a704c0610f45e4f9,2024-09,South Wales Police,South Wales Police,-3.821830,51.799003,On or near Parking Area,W01000919,Neath Port Talbot 020A,Public order,Unable to prosecute suspect,
4979dad203a65537b1183f82cad1379443c1d5d50d98be23d878dc6ad6b1061c,2024-09,South Wales Police,South Wales Police,-3.821830,51.799003,On or near Parking Area,W01000919,Neath Port Talbot 020A,Violence and sexual offences,Unable to prosecute suspect,
68f9ba3be592b48a212fac633ae7d55df5ffdf487746d579302b461eb1f2baf6,2024-09,South Wales Police,South Wales Police,-3.822666,51.799215,On or near Heol-Y-Coedcae,W01000919,Neath Port Talbot 020A,Violence and sexual offences,Under investigation,
fc49907e7c5ed52931f66b52d52039464b2070e78604b14de36f574d441d0cde,2024-09,South Wales Police,South Wales Police,-3.815970,51.781649,On or near Gorsto Road,W01000919,Neath Port Talbot 020A,Violence and sexual offences,Unable to prosecute suspect,
36f2718a4991b832a93a5b0bc8d9ac5688e79d52d604afb892658cafac6d2553,2024-09,South Wales Police,South Wales Police,-3.799799,51.749059,On or near Graig Y Fforest,W01000927,Neath Port Talbot 020B,Public order,Unable to prosecute suspect,
578148d87b14a4d4ecc8d3111ade0ac893e37eb6365bcedf0053af56e1767b1c,2024-09,South Wales Police,South Wales Police,-3.799799,51.749059,On or near Graig Y Fforest,W01000927,Neath Port Talbot 020B,Public order,Unable to prosecute suspect,
4f4816ce8e075115e8292c7c2131eb79911c9547e26ef2ad5fa888f71351f578,2024-09,South Wales Police,South Wales Police,-3.823666,51.740607,On or near Tanydarren,W01000927,Neath Port Talbot 020B,Public order,Unable to prosecute suspect,
f177b0fb3f375424f7615ee335b2527f6abc7752922e8a50f9351bb015aef649,2024-09,South Wales Police,South Wales Police,-3.826850,51.740557,On or near Pencwmdu,W01000927,Neath Port Talbot 020B,Violence and sexual offences,Under investigation,
703a2cd83751cd056ecde80697ccaa64eada24f2c3d0999ddc10a92889ff845a,2024-09,South Wales Police,South Wales Police,-3.798524,51.750526,On or near Crimea Court,W01000927,Neath Port Talbot 020B,Violence and sexual offences,Unable to prosecute suspect,
b77a43ed5e0e69790ed6fd67b54ba6a6416954a82e19c1aca35cb4f35d83d736,2024-09,South Wales Police,South Wales Police,-3.823666,51.740607,On or near Tanydarren,W01000927,Neath Port Talbot 020B,Violence and sexual offences,Unable to prosecute suspect,
a21db67cae875d811973f6793cb4b444aaa4349bddd8589d6c07ae8f3dfb623b,2024-09,South Wales Police,South Wales Police,-3.809032,51.744835,On or near Gnoll Road,W01000927,Neath Port Talbot 020B,Violence and sexual offences,Under investigation,
451848c3dc4d4b7feaa6e3a51e4c3c9bbce65ba771636cf58e007a135afec949,2024-09,South Wales Police,South Wales Police,-3.822344,51.741590,On or near Maesycoed Road,W01000927,Neath Port Talbot 020B,Violence and sexual offences,Awaiting court outcome,
ce49957c814f74559b74ad471e407627ff5e33f82514689a401be5887507b363,2024-09,South Wales Police,South Wales Police,-3.798524,51.750526,On or near Crimea Court,W01000927,Neath Port Talbot 020B,Violence and sexual offences,Unable to prosecute suspect,
9ddab7ea98d141c7758efd44f1e4e4ab1ca67cecd6e00452e26f1782f8e98bd9,2024-09,South Wales Police,South Wales Police,-3.884486,51.792098,On or near Quarry Place,W01000928,Neath Port Talbot 020C,Public order,Local resolution,
cc96865d710d4e70929802131e712bee7edf57bfd9a0514f2e6b7ad105767e81,2024-09,South Wales Police,South Wales Police,-3.882288,51.794691,On or near Sports/Recreation Area,W01000928,Neath Port Talbot 020C,Vehicle crime,Investigation complete; no suspect identified,
c9cce09110fcd5da1f5ebbe825bda9c0ddeb485ba2ea980137c8a6c44373fe2a,2024-09,South Wales Police,South Wales Police,-3.883267,51.799042,On or near Maes Gareth Edwards,W01000928,Neath Port Talbot 020C,Violence and sexual offences,Unable to prosecute suspect,
4244d0bff7e219f14de60246900e3107eb97e3b23ddd09e97b448b40902f318c,2024-09,South Wales Police,South Wales Police,-3.882288,51.794691,On or near Sports/Recreation Area,W01000928,Neath Port Talbot 020C,Violence and sexual offences,Under investigation,
338fd376e9c372e20d9a9e18f542c0eff8533e66c71a59dfdf592a02fc1b1cc8,2024-09,South Wales Police,South Wales Police,-3.883267,51.799042,On or near Maes Gareth Edwards,W01000928,Neath Port Talbot 020C,Violence and sexual offences,Under investigation,
e6f155ceda6b6cdc533168735135e9d1a5a331e031e25745ec5c30c7c142c7e8,2024-09,South Wales Police,South Wales Police,-3.883209,51.790356,On or near Gron Road,W01000928,Neath Port Talbot 020C,Violence and sexual offences,Under investigation,
7dc94fb174fa446faf47bf6c909eae1e9f76ba756b3f2f09403eff7970c54122,2024-09,South Wales Police,South Wales Police,-3.884486,51.792098,On or near Quarry Place,W01000928,Neath Port Talbot 020C,Violence and sexual offences,Unable to prosecute suspect,
559662668dc4a95906f10dea0e1e756973a62fe272855643f7519c0506c4d2c4,2024-09,South Wales Police,South Wales Police,-3.883267,51.799042,On or near Maes Gareth Edwards,W01000928,Neath Port Talbot 020C,Violence and sexual offences,Unable to prosecute suspect,
,2024-09,South Wales Police,South Wales Police,-3.877735,51.783529,On or near Pant Y Fedwen,W01000929,Neath Port Talbot 020D,Anti-social behaviour,,
a315c370bc27a3c9d90a0e653d8bbd46d6114736853b636e72257e6b92a704ec,2024-09,South Wales Police,South Wales Police,-3.878646,51.785223,On or near Derwydd Avenue,W01000929,Neath Port Talbot 020D,Criminal damage and arson,Under investigation,
73d9161b4bcbab01c6e3441fa7932289bb7bf52b92d184a1b2c8cf6155ab13da,2024-09,South Wales Police,South Wales Police,-3.880748,51.771971,On or near Llwyn-Nant,W01000929,Neath Port Talbot 020D,Public order,Investigation complete; no suspect identified,
e91342c80be551a55c12d7e95b7dd60fbe88f0ebd9c7a3f5b1b0621d753ac8b0,2024-09,South Wales Police,South Wales Police,-3.878646,51.785223,On or near Derwydd Avenue,W01000929,Neath Port Talbot 020D,Vehicle crime,Investigation complete; no suspect identified,
49c58eaaa6b8e40e950340e8d674208462d9c9149aada558ce980e10a47e8185,2024-09,South Wales Police,South Wales Police,-3.880748,51.771971,On or near Llwyn-Nant,W01000929,Neath Port Talbot 020D,Violence and sexual offences,Unable to prosecute suspect,
65ffdc027c664a1880a464eca74a736422200429c2de9a70b08ede922c7b5b6f,2024-09,South Wales Police,South Wales Police,-3.879092,51.783049,On or near Gors Lane,W01000929,Neath Port Talbot 020D,Violence and sexual offences,Under investigation,
67b1b51d41306495bada6b58491f34de85d5ab16c9d2bbeacc4696f7790eda88,2024-09,South Wales Police,South Wales Police,-3.877735,51.783529,On or near Pant Y Fedwen,W01000929,Neath Port Talbot 020D,Violence and sexual offences,Unable to prosecute suspect,
77729126e322bc1ad7d813c068e786ff6f3357b4bbf1a5c37ef5d189be9a9255,2024-09,South Wales Police,South Wales Police,-3.879092,51.783049,On or near Gors Lane,W01000929,Neath Port Talbot 020D,Violence and sexual offences,Under investigation,
,2024-09,South Wales Police,South Wales Police,-3.875456,51.806531,On or near Golwg Yr Ynys,W01000931,Neath Port Talbot 020E,Anti-social behaviour,,
,2024-09,South Wales Police,South Wales Police,-3.873176,51.805758,On or near Crud Yr Awel,W01000931,Neath Port Talbot 020E,Anti-social behaviour,,
,2024-09,South Wales Police,South Wales Police,-3.873176,51.805758,On or near Crud Yr Awel,W01000931,Neath Port Talbot 020E,Anti-social behaviour,,
,2024-09,South Wales Police,South Wales Police,-3.876318,51.804225,On or near Stryd Y Parc,W01000931,Neath Port Talbot 020E,Anti-social behaviour,,
,2024-09,South Wales Police,South Wales Police,-3.873176,51.805758,On or near Crud Yr Awel,W01000931,Neath Port Talbot 020E,Anti-social behaviour,,
,2024-09,South Wales Police,South Wales Police,-3.876138,51.804794,On or near School Street,W01000931,Neath Port Talbot 020E,Anti-social behaviour,,
,2024-09,South Wales Police,South Wales Police,-3.870606,51.806411,On or near Maes Crofte,W01000931,Neath Port Talbot 020E,Anti-social behaviour,,
,2024-09,South Wales Police,South Wales Police,-3.881304,51.799982,On or near Lon Brynneuadd,W01000931,Neath Port Talbot 020E,Anti-social behaviour,,
7a341cdc50c3809706b96083004afb1f0ad3a4bbd94774224640deb3a71b0f28,2024-09,South Wales Police,South Wales Police,-3.876318,51.804225,On or near Stryd Y Parc,W01000931,Neath Port Talbot 020E,Criminal damage and arson,Under investigation,
e03a04744f7c801353b8d1b0e3690c33e08ad09a7e70a2a5d74e4c7b565ecfc2,2024-09,South Wales Police,South Wales Police,-3.876318,51.804225,On or near Stryd Y Parc,W01000931,Neath Port Talbot 020E,Public order,Unable to prosecute suspect,
0137c8ec50decf3566a089ad906aa49b106b04b494db4f5456740ca6ad58ea4c,2024-09,South Wales Police,South Wales Police,-3.878275,51.805263,On or near Maes-Y-Glyn,W01000931,Neath Port Talbot 020E,Violence and sexual offences,Unable to prosecute suspect,
d50feaeff8a39946e01036ab92bfc227e5acd7c914353d3c3c875c43fb0bf759,2024-09,South Wales Police,South Wales Police,-3.878275,51.805263,On or near Maes-Y-Glyn,W01000931,Neath Port Talbot 020E,Violence and sexual offences,Under investigation,
46fd20d6d8a7ca2fcd264c0887a8b585e03501f6a84b1a90a4a9d1e81fe97bb5,2024-09,South Wales Police,South Wales Police,-3.857413,51.792457,On or near Harlech Street,W01000931,Neath Port Talbot 020E,Violence and sexual offences,Unable to prosecute suspect,
7a1b10b5a348f308a2da82f74c055a3429d3f8f9d882e3aa547cf32137015a35,2024-09,South Wales Police,South Wales Police,-3.870606,51.806411,On or near Maes Crofte,W01000931,Neath Port Talbot 020E,Violence and sexual offences,Under investigation,
aea7d4238ed6a9d8fde076746e93f26839020fb4cbad297847a8a3ac60ed23e5,2024-09,South Wales Police,South Wales Police,-3.857952,51.793240,On or near Lauderdale Road,W01000931,Neath Port Talbot 020E,Violence and sexual offences,Unable to prosecute suspect,
8bc7b341f7fcd87bab152d3eaaba51d9170194c1a78b41f9ee4159e3285d99e6,2024-09,South Wales Police,South Wales Police,-3.877731,51.804391,On or near Heol Godfrey,W01000931,Neath Port Talbot 020E,Violence and sexual offences,Unable to prosecute suspect,
,2024-09,South Wales Police,South Wales Police,-3.784143,51.762777,On or near Ffordd Glandwr,W01000973,Neath Port Talbot 020F,Anti-social behaviour,,
,2024-09,South Wales Police,South Wales Police,-3.778870,51.766885,On or near Glantwrch,W01000973,Neath Port Talbot 020F,Anti-social behaviour,,
a74fd10e07c398d002732fb9b5e4ffb314469c28f6681d7cd732c268136ecc4d,2024-09,South Wales Police,South Wales Police,-3.780315,51.766773,On or near Swan Lane,W01000973,Neath Port Talbot 020F,Burglary,Investigation complete; no suspect identified,
f285fcd54a56735a2206f949f6a12b0c5bfb7b4c512298286ccc9e552eb4b396,2024-09,South Wales Police,South Wales Police,-3.786149,51.766235,On or near Milborough Road,W01000973,Neath Port Talbot 020F,Criminal damage and arson,Investigation complete; no suspect identified,
60453da34d94ec2d5f2f41ef9127d952d7dc1a302f892418c62cb52b49e78941,2024-09,South Wales Police,South Wales Police,-3.787834,51.759735,On or near Glan Yr Afon,W01000973,Neath Port Talbot 020F,Public order,Unable to prosecute suspect,
116b1d8f286c584fee614abe28a4da00123ae122f35e0a01e82da64ac79b726d,2024-09,South Wales Police,South Wales Police,-3.787834,51.759735,On or near Glan Yr Afon,W01000973,Neath Port Talbot 020F,Violence and sexual offences,Unable to prosecute suspect,
901de671cef6a1b9ba2cdbee97f73561878a4ef5ad81eeac49c8daca2a9de8f6,2024-09,South Wales Police,South Wales Police,-3.784143,51.762777,On or near Ffordd Glandwr,W01000973,Neath Port Talbot 020F,Violence and sexual offences,Under investigation,
5b2d3ce934ae717e97f9d1f938ff144ca4fdf0a758f439357fd4ad24c5e3e21c,2024-09,South Wales Police,South Wales Police,-3.781899,51.765410,On or near Saint David'S Road,W01000973,Neath Port Talbot 020F,Violence and sexual offences,Unable to prosecute suspect,
116421d680260d9c39ee6d69dd67fc62639ca9603f9a51ca7833b35a43276047,2024-09,South Wales Police,South Wales Police,-3.779898,51.765755,On or near Glantwrch,W01000973,Neath Port Talbot 020F,Violence and sexual offences,Unable to prosecute suspect,
0767e5284e88f307e1d87a8a2175f35a8e5a6ce72b9453b19c75b54314ab6e05,2024-09,South Wales Police,South Wales Police,-3.784143,51.762777,On or near Ffordd Glandwr,W01000973,Neath Port Talbot 020F,Violence and sexual offences,Under investigation,
,2024-09,South Wales Police,South Wales Police,-3.793600,51.761527,On or near Vine Row,W01001900,Neath Port Talbot 020G,Anti-social behaviour,,
5c476157123c3252b4e73ed1fe27cc6c31ad294bd5afa6b5e8dce7aa3c6c3ef7,2024-09,South Wales Police,South Wales Police,-3.786094,51.767045,On or near Tanywern Lane,W01001900,Neath Port Talbot 020G,Public order,Unable to prosecute suspect,
e5d37cf189247035bd4d24320dc88e1b769f7e9ab1e980419813468778726786,2024-09,South Wales Police,South Wales Police,-3.695468,51.710452,On or near Railway Terrace,W01000954,Neath Port Talbot 021A,Public order,Unable to prosecute suspect,
6b3e2899c07f51dad19d7e71e6be0a205742c748c204c635e7adb0020edab8cd,2024-09,South Wales Police,South Wales Police,-3.705735,51.704441,On or near Lletty Dafydd,W01000954,Neath Port Talbot 021A,Violence and sexual offences,Unable to prosecute suspect,
e96dd55d1f954a8dacc94f497d21eca7ea7128de068831ae443616e10c4b74ed,2024-09,South Wales Police,South Wales Police,-3.695468,51.710452,On or near Railway Terrace,W01000954,Neath Port Talbot 021A,Other crime,Unable to prosecute suspect,
,2024-09,South Wales Police,South Wales Police,-3.692988,51.713420,On or near Resolven,W01000953,Neath Port Talbot 021B,Anti-social behaviour,,
6a270941b5ab705f6a6a13575c66de05a39b8d34dba1f62393cc4c6e64c2ab81,2024-09,South Wales Police,South Wales Police,-3.730783,51.694858,On or near Maes Pwll,W01000953,Neath Port Talbot 021B,Violence and sexual offences,Investigation complete; no suspect identified,
721104a358643c99d0035ca0a45ab6aad1804541ad45f45fd32fcfd579e77e23,2024-09,South Wales Police,South Wales Police,-3.692988,51.713420,On or near Resolven,W01000953,Neath Port Talbot 021B,Violence and sexual offences,Awaiting court outcome,
9c2d112649b256b1071327a181d3d1d2cb1b9cbe7b0534db13ad885156ba187a,2024-09,South Wales Police,South Wales Police,-3.692988,51.713420,On or near Resolven,W01000953,Neath Port Talbot 021B,Violence and sexual offences,Unable to prosecute suspect,
306bd29beb2e5b345bd9870f9581d2c8c169fc8584fc9dd2bf8d3bf346ac8803,2024-09,South Wales Police,South Wales Police,-3.693061,51.709957,On or near Lyon'S Place,W01000953,Neath Port Talbot 021B,Violence and sexual offences,Investigation complete; no suspect identified,
5b8d383a931e8a650163e26bc50a6d47622ed03a7a75781fd05c79254eb067fd,2024-09,South Wales Police,South Wales Police,-3.697126,51.712614,On or near Commercial Road,W01000953,Neath Port Talbot 021B,Other crime,Under investigation,
,2024-09,South Wales Police,South Wales Police,-3.781268,51.684931,On or near Cae'R Ysgol,W01000887,Neath Port Talbot 021C,Anti-social behaviour,,
9470116aca33a91c19afaf3b157d7af19624a2a36ad7afe9b82d2111a9a361e6,2024-09,South Wales Police,South Wales Police,-3.781268,51.684931,On or near Cae'R Ysgol,W01000887,Neath Port Talbot 021C,Public order,Awaiting court outcome,
b60b816377121fb34c75ab6b72d4bd28f8bcb7bf788bab934b034fc16be4f6c5,2024-09,South Wales Police,South Wales Police,-3.781268,51.684931,On or near Cae'R Ysgol,W01000887,Neath Port Talbot 021C,Public order,Unable to prosecute suspect,
613ef94f5b48b9e0c7a61956a6987f268d0d2ab6afef1fc9f969d24c20a877ec,2024-09,South Wales Police,South Wales Police,-3.780165,51.690379,On or near Maes-Y-Deri,W01000887,Neath Port Talbot 021C,Violence and sexual offences,Unable to prosecute suspect,
8bc6437920cea43d378bce40755e8f9b6c0d68c97133037cad3472d4cd271c5e,2024-09,South Wales Police,South Wales Police,-3.775107,51.685339,On or near Cefn-Yr-Allt,W01000887,Neath Port Talbot 021C,Violence and sexual offences,Unable to prosecute suspect,
3146da6260349d5368a32ad4d90f6fd7c0e14a5d3dcd338057c9496f8e2fddb2,2024-09,South Wales Police,South Wales Police,-3.776794,51.682238,On or near Llys Felin,W01000887,Neath Port Talbot 021C,Violence and sexual offences,Unable to prosecute suspect,
31a2155fee2ed327ccc3ef94f75a110cdb0255efa2322c4dddf80d4c414023d0,2024-09,South Wales Police,South Wales Police,-3.781268,51.684931,On or near Cae'R Ysgol,W01000887,Neath Port Talbot 021C,Violence and sexual offences,Unable to prosecute suspect,
ee0187915d0ad76935c73c2b6ed75f4a0b6c5a026b29173281ca54aaa34b7979,2024-09,South Wales Police,South Wales Police,-3.776794,51.682238,On or near Llys Felin,W01000887,Neath Port Talbot 021C,Violence and sexual offences,Unable to prosecute suspect,
e093eb56fafac53a329e33bfcb0d209fe1d971a1a93f6b390c068640ab3cd721,2024-09,South Wales Police,South Wales Police,-3.776794,51.682238,On or near Llys Felin,W01000887,Neath Port Talbot 021C,Violence and sexual offences,Unable to prosecute suspect,
146905645f19f13cbd5b2daeb2e9da082c459670799aef8e96b69f3d3ecc94ff,2024-09,South Wales Police,South Wales Police,-3.776794,51.682238,On or near Llys Felin,W01000887,Neath Port Talbot 021C,Violence and sexual offences,Unable to prosecute suspect,
0da73e45d525ff8f2e3a17a769d08ef395aecdf3067fa5b91d298e7ca0f36be7,2024-09,South Wales Police,South Wales Police,-3.776794,51.682238,On or near Llys Felin,W01000887,Neath Port Talbot 021C,Violence and sexual offences,Offender given a caution,
0f4fadea8bd448d3d66d7bbcdebb775a2f91ac6ec06c45a5f7f4496d4c974ad7,2024-09,South Wales Police,South Wales Police,-3.766842,51.677424,On or near Dan-Y-Bryn,W01000970,Neath Port Talbot 021D,Criminal damage and arson,Investigation complete; no suspect identified,
a061c55faf405c437f5e0f85ae4312a951aaa572187e039bb39fa5107b9eb148,2024-09,South Wales Police,South Wales Police,-3.767627,51.678267,On or near Heol Caredig,W01000970,Neath Port Talbot 021D,Violence and sexual offences,Unable to prosecute suspect,
789a9a4a0331fa7759507908310fcb1cfbf024431af4165725f0db990dacbecc,2024-09,South Wales Police,South Wales Police,-3.765961,51.678948,On or near Brynawelon,W01000970,Neath Port Talbot 021D,Violence and sexual offences,Unable to prosecute suspect,
,2024-09,South Wales Police,South Wales Police,-3.645536,51.656329,On or near Avondale Terrace,W01001990,Neath Port Talbot 021E,Anti-social behaviour,,
a4596d68c5eef29a19035a7ef448e4d819b81be335f656ca418a553cfbc736af,2024-09,South Wales Police,South Wales Police,-3.628940,51.678510,On or near Lle Canol,W01001990,Neath Port Talbot 021E,Criminal damage and arson,Investigation complete; no suspect identified,
2545521e81be0cc811490c3b36d44318ad9a89286e8a116f0972ae2f4e969105,2024-09,South Wales Police,South Wales Police,-3.627652,51.678906,On or near Dunraven Street,W01001990,Neath Port Talbot 021E,Criminal damage and arson,Unable to prosecute suspect,
83319179abdd58bb65f9965e62ec124efac5205895120ed77aa2012c33ab7d07,2024-09,South Wales Police,South Wales Police,-3.666935,51.656810,On or near Alban Terrace,W01001990,Neath Port Talbot 021E,Public order,Unable to prosecute suspect,
d68fafb74ae86a5139908c76fd33a4fa33cf13a31dc90dc462b5a7c299be26bd,2024-09,South Wales Police,South Wales Police,-3.645536,51.656329,On or near Avondale Terrace,W01001990,Neath Port Talbot 021E,Public order,Unable to prosecute suspect,
a14c860b00b4e0574f309b7da5b2de50ab2e8aa86d4a836cb5f7a4bd86ba46d2,2024-09,South Wales Police,South Wales Police,-3.627758,51.680253,On or near Commercial Street,W01001990,Neath Port Talbot 021E,Public order,Unable to prosecute suspect,
fad2d1a9bd89af37d7c485d929f0e3a59deff3376a9c46c7c725837252b47e52,2024-09,South Wales Police,South Wales Police,-3.643496,51.651088,On or near Lloyd'S Terrace,W01001990,Neath Port Talbot 021E,Shoplifting,Local resolution,
fb96cf2556db3c63523c9e8e4a296320c23de11948d0793d4c42a3b7f7694f48,2024-09,South Wales Police,South Wales Police,-3.627723,51.679669,On or near Bridge Street,W01001990,Neath Port Talbot 021E,Violence and sexual offences,Under investigation,
ad5e22735fd20026d895c8bda8d39569355b342e88f0835f1c1e10bae96cca4d,2024-09,South Wales Police,South Wales Police,-3.627115,51.679659,On or near Brick Street,W01001990,Neath Port Talbot 021E,Violence and sexual offences,Unable to prosecute suspect,
ffda16cd4b08fd7c2795b11b8d306625394a953d40dde37091ff3679d1f65198,2024-09,South Wales Police,South Wales Police,-3.645536,51.656329,On or near Avondale Terrace,W01001990,Neath Port Talbot 021E,Violence and sexual offences,Unable to prosecute suspect,
9377c5c732e34fe49e8edaff6909bbbf6f6932c5fea0efe950eb4267bed7350a,2024-09,South Wales Police,South Wales Police,-3.629273,51.678541,On or near Heol Yr Afon,W01001990,Neath Port Talbot 021E,Violence and sexual offences,Unable to prosecute suspect,
f0ef630c98b657c2d6ec8ffa6256651500bb8e96c0c2305d81f7f59a6f33d0fd,2024-09,South Wales Police,South Wales Police,-3.627115,51.679659,On or near Brick Street,W01001990,Neath Port Talbot 021E,Violence and sexual offences,Unable to prosecute suspect,
6b9420750b1e3c2846316c4e1baab244f0c1756a1ba71495611391c0bd258906,2024-09,South Wales Police,South Wales Police,-3.598583,51.655620,On or near Western Terrace,W01000930,Neath Port Talbot 021F,Criminal damage and arson,Investigation complete; no suspect identified,
2f2cce66d971e13d81c4e40bc46307cad93323b4cc91e189678dd85cf40acb64,2024-09,South Wales Police,South Wales Police,-3.604304,51.657152,On or near Middleton Street,W01000930,Neath Port Talbot 021F,Public order,Unable to prosecute suspect,
7e35010087cbcdcc7c930810dc4d3ef8df42edbd3049ed0abd71675b94277427,2024-09,South Wales Police,South Wales Police,-3.600420,51.655217,On or near Station Road,W01000930,Neath Port Talbot 021F,Violence and sexual offences,Investigation complete; no suspect identified,
8ba8f911d1e6cd960510b5968d296eae8f85f69753a8f379a7f7810c2d11b465,2024-09,South Wales Police,South Wales Police,-3.602377,51.653329,On or near Jenkins Terrace,W01000930,Neath Port Talbot 021F,Violence and sexual offences,Unable to prosecute suspect,
7fa1546f545805052774886626c7c5bb628be5fc2937a8c6555e4c2f3aa7574b,2024-09,South Wales Police,South Wales Police,-3.603173,51.656645,On or near Villiers Road,W01000930,Neath Port Talbot 021F,Violence and sexual offences,Unable to prosecute suspect,
750c36cc005138bf9c191508c04286dd5e12071946e93e9d7de3d83b783cc000,2024-09,South Wales Police,South Wales Police,-3.600420,51.655217,On or near Station Road,W01000930,Neath Port Talbot 021F,Violence and sexual offences,Investigation complete; no suspect identified,
,2024-09,South Wales Police,South Wales Police,-3.638886,51.647133,On or near Eastern Avenue,W01000921,Neath Port Talbot 021G,Anti-social behaviour,,
,2024-09,South Wales Police,South Wales Police,-3.634970,51.643933,On or near Church Street,W01000921,Neath Port Talbot 021G,Anti-social behaviour,,
,2024-09,South Wales Police,South Wales Police,-3.634970,51.643933,On or near Church Street,W01000921,Neath Port Talbot 021G,Anti-social behaviour,,
55e4a1361e34fb3f5750fc53af3aa3babca1482ee1d40364fd49fd3a681ae9b3,2024-09,South Wales Police,South Wales Police,-3.633698,51.644337,On or near Pen-Y-Wern,W01000921,Neath Port Talbot 021G,Burglary,Investigation complete; no suspect identified,
321be500af87a30b6aebb49f58265412360af98e72fd387ffa5b374ca60c810a,2024-09,South Wales Police,South Wales Police,-3.635429,51.647451,On or near Heol Y Draphont,W01000921,Neath Port Talbot 021G,Criminal damage and arson,Unable to prosecute suspect,
95529b8d9d7da4949c95b35b8194b6a39ce3fed9c7c84e4c4498314315c26448,2024-09,South Wales Police,South Wales Police,-3.634970,51.643933,On or near Church Street,W01000921,Neath Port Talbot 021G,Other theft,Investigation complete; no suspect identified,
212e3121ea56e1f84a71990935e0d9d9e0721960b25a4602fbbedc7ab8ab0362,2024-09,South Wales Police,South Wales Police,-3.638886,51.647133,On or near Eastern Avenue,W01000921,Neath Port Talbot 021G,Public order,Unable to prosecute suspect,
9f9c50cbe00f782713d4753d01aeb47700bfd832d1162a06c6c96ceb4ddde074,2024-09,South Wales Police,South Wales Police,-3.644196,51.644487,On or near Pen-Y-Bryn,W01000921,Neath Port Talbot 021G,Violence and sexual offences,Under investigation,
0c5f94e2a2bee89b598a550fb797f9afc47e2c406fdf2e8cc2a699c7285bf1a4,2024-09,South Wales Police,South Wales Police,-3.639611,51.643598,On or near Fairfield Road,W01000921,Neath Port Talbot 021G,Violence and sexual offences,Under investigation,
8b5b5311134710d16c6e6196f88f6002ada605ca68cc228057ace6afb924d873,2024-09,South Wales Police,South Wales Police,-3.638085,51.646155,On or near Sunny Crescent,W01000921,Neath Port Talbot 021G,Violence and sexual offences,Unable to prosecute suspect,
db951291c7be219cfe318e00a547994a91cd9aba70b1b12a0854b1d0c3bb78b9,2024-09,South Wales Police,South Wales Police,-3.638886,51.647133,On or near Eastern Avenue,W01000921,Neath Port Talbot 021G,Violence and sexual offences,Unable to prosecute suspect,
64ad0ed2be6c5c09e04232de4acc244ae7b4449d6dfc5889af5d1f0a0552f275,2024-09,South Wales Police,South Wales Police,-3.633698,51.644337,On or near Pen-Y-Wern,W01000921,Neath Port Talbot 021G,Violence and sexual offences,Unable to prosecute suspect,
dcdc4cadb1277fbcddf1aec6bdfdefdc64822bba0f5250b1d6a3564f99e05946,2024-09,South Wales Police,South Wales Police,-3.644196,51.644487,On or near Pen-Y-Bryn,W01000921,Neath Port Talbot 021G,Violence and sexual offences,Awaiting court outcome,
3ee9743c958d8296042787a3265dc9d33b0db1b31da830b765ceed252c51e4e7,2024-09,South Wales Police,South Wales Police,-3.068039,51.594253,On or near Michaelmas Close,W01001670,Newport 009B,Violence and sexual offences,Under investigation,
34d2dff88ad33d5dbe4eb457215231eb19a84ba81d6fb55dea20e3d3da49e340,2024-09,South Wales Police,South Wales Police,-2.937547,51.592104,On or near John Bull Close,W01001666,Newport 010B,Violence and sexual offences,Under investigation,
aba5ce60a6c04eab14f1874eb9fdfc65bcbf9ec8b0589b6448adcba9b2162372,2024-09,South Wales Police,South Wales Police,-3.444761,51.819736,On or near Parking Area,W01001897,Powys 020D,Vehicle crime,Investigation complete; no suspect identified,
0dd3e6330565e238fa960be4357b94b9e7201f51675959edfa81c9b39b29a06d,2024-09,South Wales Police,South Wales Police,-3.444761,51.819736,On or near Parking Area,W01001897,Powys 020D,Other crime,Awaiting court outcome,
,2024-09,South Wales Police,South Wales Police,-3.502056,51.739485,On or near Bryncynon,W01001186,Rhondda Cynon Taf 001A,Anti-social behaviour,,
cad4b96beae54e32b2edd19c7d1d0318e65afcb895363734591dac67cc52afbe,2024-09,South Wales Police,South Wales Police,-3.505316,51.738661,On or near Swansea Road,W01001186,Rhondda Cynon Taf 001A,Other theft,Investigation complete; no suspect identified,
da2e342c450dcc13be665ed5c991d53c34497affed73674f8b31eff357d4bcf2,2024-09,South Wales Police,South Wales Police,-3.508973,51.737571,On or near Tramway,W01001186,Rhondda Cynon Taf 001A,Shoplifting,Suspect charged as part of another case,
14c3831daf7d0520addd8855e36be98635f750d0fb0c79781a62ec6e0eeb58a0,2024-09,South Wales Police,South Wales Police,-3.494953,51.738443,On or near Moorland Close,W01001186,Rhondda Cynon Taf 001A,Violence and sexual offences,Local resolution,
52a969f7a5f1ac787aa33665cf1815c1a8579a99c8481ab5534f10ec9cd11f72,2024-09,South Wales Police,South Wales Police,-3.516537,51.740711,On or near Challis Row,W01001187,Rhondda Cynon Taf 001B,Criminal damage and arson,Unable to prosecute suspect,
2f7abfa2d3fcae00c95b2ba8bc49697bccf2d82f4ca774a02b37f93c434cd710,2024-09,South Wales Police,South Wales Police,-3.516758,51.743432,On or near Fairview,W01001187,Rhondda Cynon Taf 001B,Public order,Unable to prosecute suspect,
41394f803091b121cb1e4c93c2b23a88d2008af05fb54e91622eca2bf7bdeb87,2024-09,South Wales Police,South Wales Police,-3.517960,51.743848,On or near Garth Grove,W01001187,Rhondda Cynon Taf 001B,Violence and sexual offences,Investigation complete; no suspect identified,
824547f12d3d44acbd9f88d2461a4cf52d916a5573bc8ab2c3c082e016dddfcb,2024-09,South Wales Police,South Wales Police,-3.522074,51.743436,On or near Park/Open Space,W01001187,Rhondda Cynon Taf 001B,Violence and sexual offences,Under investigation,
7c98fefa6d16bcf7f7596b40f4563a685cbb1c254e2813d37a53e8fdb3581717,2024-09,South Wales Police,South Wales Police,-3.504799,51.741833,On or near Cefndon Terrace,W01001187,Rhondda Cynon Taf 001B,Violence and sexual offences,Investigation complete; no suspect identified,
f6ec31a5120b206d6fc8273a3de89fc7ed19ed779692dc3a79067aa3de3f1884,2024-09,South Wales Police,South Wales Police,-3.504799,51.741833,On or near Cefndon Terrace,W01001187,Rhondda Cynon Taf 001B,Other crime,Further investigation is not in the public interest,
,2024-09,South Wales Police,South Wales Police,-3.512924,51.736207,On or near Caswell Close,W01001188,Rhondda Cynon Taf 001C,Anti-social behaviour,,
593c9638411218a84fc36fea1858562e62bdcb045237eaf1821776513bd02a4e,2024-09,South Wales Police,South Wales Police,-3.513845,51.736447,On or near Limeslade Close,W01001188,Rhondda Cynon Taf 001C,Criminal damage and arson,Unable to prosecute suspect,
2a9b279723a23cdce47f757780dd7047311766d3cf4857f3a058d9b39b998f78,2024-09,South Wales Police,South Wales Police,-3.512924,51.736207,On or near Caswell Close,W01001188,Rhondda Cynon Taf 001C,Public order,Unable to prosecute suspect,
407ca28f9c51b94eb56f25d676afa7e073fe8dc064df9192748f5f608c1d6bd4,2024-09,South Wales Police,South Wales Police,-3.505874,51.734976,On or near Johnson Park,W01001188,Rhondda Cynon Taf 001C,Shoplifting,Investigation complete; no suspect identified,
02c8299ea91bc048416f7067048a78c13d1fa8ba80d9c37a31e058e85182f511,2024-09,South Wales Police,South Wales Police,-3.512292,51.739390,On or near Lower Cross Street,W01001188,Rhondda Cynon Taf 001C,Shoplifting,Investigation complete; no suspect identified,
b5d0b3e779298d76866ffc710d03e6dfeef15cd508f125e92704d459f75ea804,2024-09,South Wales Police,South Wales Police,-3.509042,51.736158,On or near Longfield Court,W01001188,Rhondda Cynon Taf 001C,Violence and sexual offences,Local resolution,
1a1ab05cfc1637d56664fd1a588731982d24898fc87fe818e3639f24bbbdee09,2024-09,South Wales Police,South Wales Police,-3.511577,51.738365,On or near Supermarket,W01001188,Rhondda Cynon Taf 001C,Violence and sexual offences,Unable to prosecute suspect,
3e85b0d56adfb409696ac1c1c944a74a11321828855a70221d948f1ec116a155,2024-09,South Wales Police,South Wales Police,-3.512924,51.736207,On or near Caswell Close,W01001188,Rhondda Cynon Taf 001C,Violence and sexual offences,Unable to prosecute suspect,
78b07779b55f862e55fb70c65d818993999a24425e5ec3d8dff562c56bc9db36,2024-09,South Wales Police,South Wales Police,-3.511301,51.736588,On or near Ger Y Mynydd,W01001188,Rhondda Cynon Taf 001C,Violence and sexual offences,Unable to prosecute suspect,
ecd7fcee50771a1e3c826c0eaec47939d094636fbcf91c36d1d0243781b0c11f,2024-09,South Wales Police,South Wales Police,-3.512924,51.736207,On or near Caswell Close,W01001188,Rhondda Cynon Taf 001C,Violence and sexual offences,Local resolution,
d02fe07fcb605554a614c026f5b30c3beace119e2412fbf771928da5230cf9d9,2024-09,South Wales Police,South Wales Police,-3.512924,51.736207,On or near Caswell Close,W01001188,Rhondda Cynon Taf 001C,Violence and sexual offences,Investigation complete; no suspect identified,
3e6b196743052d20ac92c11fdbda17c5bc9b3d899f8f23774ddf02b07e91dae5,2024-09,South Wales Police,South Wales Police,-3.508228,51.738678,On or near Bethel Place,W01001188,Rhondda Cynon Taf 001C,Violence and sexual offences,Unable to prosecute suspect,
fc936b359dbafaa1f50e560123cf81fcf4c3fa6d2d6e2287c9178343bcc98f06,2024-09,South Wales Police,South Wales Police,-3.510206,51.738077,On or near Harris Street,W01001188,Rhondda Cynon Taf 001C,Violence and sexual offences,Unable to prosecute suspect,
,2024-09,South Wales Police,South Wales Police,-3.486897,51.731280,On or near Heol Gelynen,W01001221,Rhondda Cynon Taf 001D,Anti-social behaviour,,
18563f37e554bb5efdc97a382dab8e8d46b8bcbce99769ddc7de83874253a903,2024-09,South Wales Police,South Wales Police,-3.487137,51.733254,On or near Shopping Area,W01001221,Rhondda Cynon Taf 001D,Criminal damage and arson,Unable to prosecute suspect,
5bf4dced0043eb15340d1d8ffd6ed5fcb62fd97ad444db68cbf3e115280b9fe1,2024-09,South Wales Police,South Wales Police,-3.486270,51.731153,On or near Bryn Rhos,W01001221,Rhondda Cynon Taf 001D,Drugs,Under investigation,
4889b59f5981e95453781175513f6545aa4e79e66e85d2f3be7c1e0fca2a7459,2024-09,South Wales Police,South Wales Police,-3.489716,51.734211,On or near Pentwyn Court,W01001221,Rhondda Cynon Taf 001D,Other theft,Investigation complete; no suspect identified,
7e665636e4a67c8078d242996c2129314830cb2693134e3cace1b97015caa087,2024-09,South Wales Police,South Wales Police,-3.487137,51.733254,On or near Shopping Area,W01001221,Rhondda Cynon Taf 001D,Possession of weapons,Awaiting court outcome,
601798573602c8bb59bac83890b415f10cfa41b636e7262b6334106c99ff7d76,2024-09,South Wales Police,South Wales Police,-3.493593,51.731887,On or near Cymric Close,W01001221,Rhondda Cynon Taf 001D,Public order,Unable to prosecute suspect,
19bfb1839b8cb739aef42a594c03413a8084c59bd6dd1bb0d727f3252304a7aa,2024-09,South Wales Police,South Wales Police,-3.487137,51.733254,On or near Shopping Area,W01001221,Rhondda Cynon Taf 001D,Public order,Unable to prosecute suspect,
cd3ea3c61a7cc556f73009c0350f07f59efb5a6a4fa517516d6c41cf77a76d16,2024-09,South Wales Police,South Wales Police,-3.487137,51.733254,On or near Shopping Area,W01001221,Rhondda Cynon Taf 001D,Shoplifting,Suspect charged as part of another case,
3ca83e747203cf6f4bd7e03e1884277f129797778a891bf16caf44811f38aef0,2024-09,South Wales Police,South Wales Police,-3.486270,51.731153,On or near Bryn Rhos,W01001221,Rhondda Cynon Taf 001D,Violence and sexual offences,Unable to prosecute suspect,
,2024-09,South Wales Police,South Wales Police,-3.478920,51.729096,On or near Heol Keir Hardie,W01001222,Rhondda Cynon Taf 001E,Anti-social behaviour,,
2f7bbdc7cfe60af46006a9ee077f22698e7457f1454d23c63c67d92a2e9cb7de,2024-09,South Wales Police,South Wales Police,-3.483865,51.731974,On or near Llwynderi,W01001222,Rhondda Cynon Taf 001E,Criminal damage and arson,Investigation complete; no suspect identified,
e5c3d4db413f5388d6a08abaf064b4a62240b52cc90cb79532bb240f160e965a,2024-09,South Wales Police,South Wales Police,-3.477888,51.732553,On or near Erw Las,W01001222,Rhondda Cynon Taf 001E,Criminal damage and arson,Unable to prosecute suspect,
e80281ac5dee3ac81500fb8f393964ed76ebe45334031df56ba959fa743cc4c4,2024-09,South Wales Police,South Wales Police,-3.477888,51.732553,On or near Erw Las,W01001222,Rhondda Cynon Taf 001E,Criminal damage and arson,Investigation complete; no suspect identified,
4b49319f053a729f3db758ccbf2a6729ba2680ada924f5ce7d5d9530d68a75db,2024-09,South Wales Police,South Wales Police,-3.478920,51.729096,On or near Heol Keir Hardie,W01001222,Rhondda Cynon Taf 001E,Violence and sexual offences,Unable to prosecute suspect,
56bd72d240a95f7c4a28f185ee85579f165c31b39f218c3894abb4c18e643961,2024-09,South Wales Police,South Wales Police,-3.484529,51.731480,On or near Haulfryn,W01001222,Rhondda Cynon Taf 001E,Violence and sexual offences,Under investigation,
1471dea97697e27ca342e366654f981b2bb7b11c18f25de119b1d819e9293b8c,2024-09,South Wales Police,South Wales Police,-3.483865,51.731974,On or near Llwynderi,W01001222,Rhondda Cynon Taf 001E,Violence and sexual offences,Unable to prosecute suspect,
63a830f6e716205a1f85d9025bc875f946e16edcd7113730a263f246f2765944,2024-09,South Wales Police,South Wales Police,-3.478119,51.730302,On or near Heol Caradoc,W01001222,Rhondda Cynon Taf 001E,Other crime,Under investigation,
a7e4c67f40206de0f4d579ae12b7f0c1fa5c84d25017f11845def8760456a052,2024-09,South Wales Police,South Wales Police,-3.481997,51.732870,On or near Pen-Yr-Heol,W01001222,Rhondda Cynon Taf 001E,Other crime,Unable to prosecute suspect,
2132dc062b785ec8a6751cec51f6c246cef70a4d3c8da7809371cf5300bf685b,2024-09,South Wales Police,South Wales Police,-3.554717,51.716274,On or near Parking Area,W01001233,Rhondda Cynon Taf 001F,Criminal damage and arson,Investigation complete; no suspect identified,
c26eb09848a5a0054e4ec34673a2a1d70935fd2b6764e3d3c58c70651cd84382,2024-09,South Wales Police,South Wales Police,-3.560943,51.740696,On or near Heol Esgyn,W01001233,Rhondda Cynon Taf 001F,Other theft,Investigation complete; no suspect identified,
1ec32c02e385564ce118a88b576e2d80ca115139432ba93291b7ff98d9548e4e,2024-09,South Wales Police,South Wales Police,-3.553788,51.747858,On or near Halt Road,W01001233,Rhondda Cynon Taf 001F,Public order,Investigation complete; no suspect identified,
1e3f4bb5364fedf1cedb46441e7f2d2f58a5dd7fc93bffbebaf647b98083a209,2024-09,South Wales Police,South Wales Police,-3.561731,51.740011,On or near Cwrt Twyn-Rhyd,W01001233,Rhondda Cynon Taf 001F,Public order,Unable to prosecute suspect,
8f3a3405479d18a0f89ed2c708365a4cb1745290f87bee6e30214df76b30856c,2024-09,South Wales Police,South Wales Police,-3.555218,51.745223,On or near Halt Close,W01001233,Rhondda Cynon Taf 001F,Vehicle crime,Investigation complete; no suspect identified,
b1ef61f2e524e8f05978d5376ce5f389a9e2ea4b08f7e1ea13d9035bb95d5f98,2024-09,South Wales Police,South Wales Police,-3.555218,51.745223,On or near Halt Close,W01001233,Rhondda Cynon Taf 001F,Violence and sexual offences,Offender given a caution,
08de5457585832083df958040519c90fffdb115a81972ac5102370d540584bf6,2024-09,South Wales Police,South Wales Police,-3.558759,51.745409,On or near Rhigos Road,W01001233,Rhondda Cynon Taf 001F,Violence and sexual offences,Unable to prosecute suspect,
,2024-09,South Wales Police,South Wales Police,-3.443851,51.713698,On or near Commercial Street,W01001148,Rhondda Cynon Taf 002A,Anti-social behaviour,,
,2024-09,South Wales Police,South Wales Police,-3.447147,51.714476,On or near Weatheral Street,W01001148,Rhondda Cynon Taf 002A,Anti-social behaviour,,
,2024-09,South Wales Police,South Wales Police,-3.443851,51.713698,On or near Commercial Street,W01001148,Rhondda Cynon Taf 002A,Anti-social behaviour,,
,2024-09,South Wales Police,South Wales Police,-3.447784,51.713560,On or near High Street,W01001148,Rhondda Cynon Taf 002A,Anti-social behaviour,,
,2024-09,South Wales Police,South Wales Police,-3.447147,51.714476,On or near Weatheral Street,W01001148,Rhondda Cynon Taf 002A,Anti-social behaviour,,
,2024-09,South Wales Police,South Wales Police,-3.451012,51.714482,On or near Morgan Street,W01001148,Rhondda Cynon Taf 002A,Anti-social behaviour,,
,2024-09,South Wales Police,South Wales Police,-3.445516,51.714163,On or near Dean Street,W01001148,Rhondda Cynon Taf 002A,Anti-social behaviour,,
b3ac9ea19c99753659e4a918b7e3ebf6d0c6707acaf1ef38c89837e9057c4570,2024-09,South Wales Police,South Wales Police,-3.446777,51.715595,On or near Bankes Street,W01001148,Rhondda Cynon Taf 002A,Criminal damage and arson,Investigation complete; no suspect identified,
67afa1feaf9ed50334819b3c2be457aa65edf18059f2efdc121ee06a3a32ed2f,2024-09,South Wales Police,South Wales Police,-3.447215,51.716606,On or near Petrol Station,W01001148,Rhondda Cynon Taf 002A,Other theft,Investigation complete; no suspect identified,
98d598316e1001c2db20ab91b26b810433f6b9f8495333a10f47d6e1b27d0b87,2024-09,South Wales Police,South Wales Police,-3.451585,51.712946,On or near Parking Area,W01001148,Rhondda Cynon Taf 002A,Other theft,Unable to prosecute suspect,
a8774ebf99a4b675090ac43114a1ceb24b21add92efc3ced9336840847354c41,2024-09,South Wales Police,South Wales Police,-3.449665,51.714472,On or near Dover Place,W01001148,Rhondda Cynon Taf 002A,Other theft,Investigation complete; no suspect identified,
9d8be181b268d4d9cb22c1ef94c6360d01e47aee8ee07a33bcf55f2640b65e4a,2024-09,South Wales Police,South Wales Police,-3.447215,51.716606,On or near Petrol Station,W01001148,Rhondda Cynon Taf 002A,Possession of weapons,Under investigation,
ea60847bd867cba8a7d443c240262846a6917721287ecab530187e023f1e29bf,2024-09,South Wales Police,South Wales Police,-3.443851,51.713698,On or near Commercial Street,W01001148,Rhondda Cynon Taf 002A,Shoplifting,Under investigation,
d738ed3ba5ee51428802eaf5982bceea015729fd73945f006e252d1dcb3765ae,2024-09,South Wales Police,South Wales Police,-3.445516,51.714163,On or near Dean Street,W01001148,Rhondda Cynon Taf 002A,Shoplifting,Further investigation is not in the public interest,
6a394fb48443e6f59315f53671164e601da677ff550a3db0fbf74d5e07834f4c,2024-09,South Wales Police,South Wales Police,-3.451758,51.716990,On or near Supermarket,W01001148,Rhondda Cynon Taf 002A,Shoplifting,Suspect charged as part of another case,
d330193f80d579df13e3b4b5be536185cae8c2175b85461c5297ceb4625d8995,2024-09,South Wales Police,South Wales Police,-3.451758,51.716990,On or near Supermarket,W01001148,Rhondda Cynon Taf 002A,Shoplifting,Awaiting court outcome,
d0895984a978af5dde9525c107cb58e7e6e033bfe4b1d0a17f2c6c41157e3c32,2024-09,South Wales Police,South Wales Police,-3.443851,51.713698,On or near Commercial Street,W01001148,Rhondda Cynon Taf 002A,Shoplifting,Local resolution,
3cf81ab67603edc45a8f0b540be013af9ff34045b02f2f5a0ab88df1425fd210,2024-09,South Wales Police,South Wales Police,-3.446035,51.713644,On or near Canon Street,W01001148,Rhondda Cynon Taf 002A,Shoplifting,Investigation complete; no suspect identified,
8d2b630a0e3a0bd28c332041bf51cd237d46cd1e0291fc55ca563247d6941adf,2024-09,South Wales Police,South Wales Police,-3.443851,51.713698,On or near Commercial Street,W01001148,Rhondda Cynon Taf 002A,Shoplifting,Awaiting court outcome,
82430d6f7fc968815b1a97f66e06f48e422b55f84db1fea1e938c8415dbff78d,2024-09,South Wales Police,South Wales Police,-3.453114,51.714123,On or near Maelgwyn Terrace,W01001148,Rhondda Cynon Taf 002A,Violence and sexual offences,Unable to prosecute suspect,
f5961dfd4f52d2f92a04345082e400f1ed6fc4e20831d8bcca168d5b18226d4f,2024-09,South Wales Police,South Wales Police,-3.449840,51.716771,On or near Gospel Hall Terrace,W01001148,Rhondda Cynon Taf 002A,Violence and sexual offences,Awaiting court outcome,
cd6ee88993c178946383dc0ed2f398cd541ca8a6d3494b4dfaedf38e0896cf10,2024-09,South Wales Police,South Wales Police,-3.447147,51.714476,On or near Weatheral Street,W01001148,Rhondda Cynon Taf 002A,Violence and sexual offences,Investigation complete; no suspect identified,
fd997271284fc32a64835d4923e72cc968c6a69f17f91d614e59a83443eabf51,2024-09,South Wales Police,South Wales Police,-3.451012,51.714482,On or near Morgan Street,W01001148,Rhondda Cynon Taf 002A,Violence and sexual offences,Unable to prosecute suspect,
394202b576f72c21301159a378b5b8c88b7213338a7b89f6bd56a9debc335dd1,2024-09,South Wales Police,South Wales Police,-3.447784,51.713560,On or near High Street,W01001148,Rhondda Cynon Taf 002A,Violence and sexual offences,Investigation complete; no suspect identified,
9f50582761fac7e0b433488f113dddfdec793fe0a9c395cb8d9d6d81056d998d,2024-09,South Wales Police,South Wales Police,-3.446777,51.715595,On or near Bankes Street,W01001148,Rhondda Cynon Taf 002A,Violence and sexual offences,Unable to prosecute suspect,
d54517c1ce5a7a4794ca4fbf20f172a4585a3ec56d7dc94519d894ce1719b66b,2024-09,South Wales Police,South Wales Police,-3.447784,51.713560,On or near High Street,W01001148,Rhondda Cynon Taf 002A,Violence and sexual offences,Under investigation,
b8e19ce08291a08effa0d37a8338b85c68bf54ace94b46ac3619b1e0874118d1,2024-09,South Wales Police,South Wales Police,-3.452922,51.713550,On or near Lambert Terrace,W01001148,Rhondda Cynon Taf 002A,Violence and sexual offences,Unable to prosecute suspect,
e9be6e2a6e4e3465745060143f4f9583ade1bcd97de0cea0678e0b33d337dedd,2024-09,South Wales Police,South Wales Police,-3.446035,51.713644,On or near Canon Street,W01001148,Rhondda Cynon Taf 002A,Violence and sexual offences,Unable to prosecute suspect,
29b7614a2697117c9ee8069c963def7b5aebde7f2793075c7ee01d47c42c7cdc,2024-09,South Wales Police,South Wales Police,-3.446035,51.713644,On or near Canon Street,W01001148,Rhondda Cynon Taf 002A,Other crime,Investigation complete; no suspect identified,
,2024-09,South Wales Police,South Wales Police,-3.459383,51.729898,On or near Tan Y Bryn Gardens,W01001152,Rhondda Cynon Taf 002B,Anti-social behaviour,,
,2024-09,South Wales Police,South Wales Police,-3.457638,51.737761,On or near Plas-Newydd Isa,W01001152,Rhondda Cynon Taf 002B,Anti-social behaviour,,
,2024-09,South Wales Police,South Wales Police,-3.459420,51.738233,On or near Tre-Ifor,W01001152,Rhondda Cynon Taf 002B,Anti-social behaviour,,
9ce647c85b9e2ff25339abd0b9d03a62fa1c822f09b03accd0c4d6b0b52bdcad,2024-09,South Wales Police,South Wales Police,-3.456971,51.731007,On or near Dolcoed,W01001152,Rhondda Cynon Taf 002B,Criminal damage and arson,Under investigation,
61f0641b9761534f4ff471810bcf16248fe04871b12e873b7fd1851b268004f5,2024-09,South Wales Police,South Wales Police,-3.459420,51.738233,On or near Tre-Ifor,W01001152,Rhondda Cynon Taf 002B,Other theft,Under investigation,
31d2d56cf56afacc66528944edaec2f78c6d84acbabafce175ec9e1ef63145dc,2024-09,South Wales Police,South Wales Police,-3.459420,51.738233,On or near Tre-Ifor,W01001152,Rhondda Cynon Taf 002B,Public order,Unable to prosecute suspect,
ca3a2e5751fbe76f84103cf245cb7efd2bf095137c83906ae7fabdc843b8b28a,2024-09,South Wales Police,South Wales Police,-3.456971,51.731007,On or near Dolcoed,W01001152,Rhondda Cynon Taf 002B,Public order,Under investigation,
fac7cdfe8fef44a897b302d645663ef01905f7848bf5997272a05203abd127a2,2024-09,South Wales Police,South Wales Police,-3.463319,51.724427,On or near Potters Field,W01001152,Rhondda Cynon Taf 002B,Vehicle crime,Investigation complete; no suspect identified,
46fbcbb1e3185cbc070627624d703beeed6ef8d85ced10b79dc10eba046962f4,2024-09,South Wales Police,South Wales Police,-3.457257,51.732235,On or near Moriah Place,W01001152,Rhondda Cynon Taf 002B,Violence and sexual offences,Unable to prosecute suspect,
3206d417919bb9d4d2d7d0929a2e2cccaededc79969f133958398faa143ecd36,2024-09,South Wales Police,South Wales Police,-3.463319,51.724427,On or near Potters Field,W01001152,Rhondda Cynon Taf 002B,Violence and sexual offences,Unable to prosecute suspect,
8ff737c7ecf7056d3aceaf070b4fa05e61adde25b1734428983b0e7d64e3c5d1,2024-09,South Wales Police,South Wales Police,-3.460799,51.732488,On or near Kingsbury Court,W01001152,Rhondda Cynon Taf 002B,Violence and sexual offences,Unable to prosecute suspect,
fcc56e4ec6878ec7ee99467bbff4ddd3d921ce667326ae443933e7ec4d918a70,2024-09,South Wales Police,South Wales Police,-3.463319,51.724427,On or near Potters Field,W01001152,Rhondda Cynon Taf 002B,Violence and sexual offences,Unable to prosecute suspect,
6a3974bc6e0f59d23d5c15970903ba1f61678e6d9aada6dbc34d44501098fa56,2024-09,South Wales Police,South Wales Police,-3.457257,51.732235,On or near Moriah Place,W01001152,Rhondda Cynon Taf 002B,Violence and sexual offences,Unable to prosecute suspect,
dadf66c5e15761a562cb1c10d71178894e5c35b7da25600c9f010967aee79159,2024-09,South Wales Police,South Wales Police,-3.456253,51.730719,On or near Maes Yr Haf,W01001152,Rhondda Cynon Taf 002B,Violence and sexual offences,Unable to prosecute suspect,
bf3570d57b0ce02e62a7f89b3e086757e34ff455b3c9cceef53108a457addc47,2024-09,South Wales Police,South Wales Police,-3.465046,51.721870,On or near Y Dolydd,W01001153,Rhondda Cynon Taf 002C,Criminal damage and arson,Under investigation,
710fb8457cb7c7294c623e9701b7f9451c6f1b91320eeadf3e2c15ca3c170320,2024-09,South Wales Police,South Wales Police,-3.465046,51.721870,On or near Y Dolydd,W01001153,Rhondda Cynon Taf 002C,Criminal damage and arson,Under investigation,
87863703740fa98ae54dd73176cf6937f9eccaedf50e78cffa0dd290ef56401d,2024-09,South Wales Police,South Wales Police,-3.465046,51.721870,On or near Y Dolydd,W01001153,Rhondda Cynon Taf 002C,Criminal damage and arson,Local resolution,
fb43aec0f799fbd3bd19de3b2e3a61c794d9f0bad517b1fb926f697aad713da2,2024-09,South Wales Police,South Wales Police,-3.465046,51.721870,On or near Y Dolydd,W01001153,Rhondda Cynon Taf 002C,Criminal damage and arson,Under investigation,
c287dbafb17eb228ad8d12a988111c95572a13701533fb5340004b642bdc3808,2024-09,South Wales Police,South Wales Police,-3.465046,51.721870,On or near Y Dolydd,W01001153,Rhondda Cynon Taf 002C,Criminal damage and arson,Formal action is not in the public interest,
a048820ab7994e30e6438e41b861c16f1df1388d9ec04f3e3f26114b11ae09f4,2024-09,South Wales Police,South Wales Police,-3.465046,51.721870,On or near Y Dolydd,W01001153,Rhondda Cynon Taf 002C,Criminal damage and arson,Local resolution,
761b6915c26bed76f48db0d752b91f889af5ecb14233ea5225ffb41e490a7093,2024-09,South Wales Police,South Wales Police,-3.465046,51.721870,On or near Y Dolydd,W01001153,Rhondda Cynon Taf 002C,Criminal damage and arson,Local resolution,
20499bb45813880b3718349f9480dfc88ae0deaf976c983822daefaf69dba554,2024-09,South Wales Police,South Wales Police,-3.462789,51.722806,On or near Iestyn Street,W01001153,Rhondda Cynon Taf 002C,Other theft,Unable to prosecute suspect,
3550b9030645f545ee7383261511f7d04931f922fcb5f3e1a0db44ec803c4f58,2024-09,South Wales Police,South Wales Police,-3.465046,51.721870,On or near Y Dolydd,W01001153,Rhondda Cynon Taf 002C,Possession of weapons,Unable to prosecute suspect,
a8f09151acc059ba86c2d78db70709b8c7cf1319defc62a05c815f404216bf93,2024-09,South Wales Police,South Wales Police,-3.465046,51.721870,On or near Y Dolydd,W01001153,Rhondda Cynon Taf 002C,Public order,Local resolution,
85d9f94e7496f07d63218d0569d4b202a5db81a55fac7688780f619c67439712,2024-09,South Wales Police,South Wales Police,-3.459457,51.722767,On or near Windsor Street,W01001153,Rhondda Cynon Taf 002C,Shoplifting,Awaiting court outcome,
b5c3885457dcaf77c5e4b4f5dcb76096adbbc27065c4379ef6870587ad21c0e2,2024-09,South Wales Police,South Wales Police,-3.465046,51.721870,On or near Y Dolydd,W01001153,Rhondda Cynon Taf 002C,Violence and sexual offences,Local resolution,
bcbd3af6140325c46e8deb5c9a4ff767f0e212168156f594110bb6a48b902e01,2024-09,South Wales Police,South Wales Police,-3.465046,51.721870,On or near Y Dolydd,W01001153,Rhondda Cynon Taf 002C,Violence and sexual offences,Local resolution,
1377c456bca3c8e5bc636008efddb502347eda54a00b21b13ed8fb9cd265694c,2024-09,South Wales Police,South Wales Police,-3.465046,51.721870,On or near Y Dolydd,W01001153,Rhondda Cynon Taf 002C,Violence and sexual offences,Local resolution,
f8eaded58f5f4f66e52ea98817d07b164eeb9714266e7680cd20afb13acd79b5,2024-09,South Wales Police,South Wales Police,-3.465046,51.721870,On or near Y Dolydd,W01001153,Rhondda Cynon Taf 002C,Violence and sexual offences,Under investigation,
0531d8f945fe0657d5e3c59c99b4370103f9920bab4d090d052788586121828c,2024-09,South Wales Police,South Wales Police,-3.462789,51.722806,On or near Iestyn Street,W01001153,Rhondda Cynon Taf 002C,Violence and sexual offences,Awaiting court outcome,
3ac5b69ed747dc5e9569d3860931ad6b0342c023909b19f7d4842345319c4bb3,2024-09,South Wales Police,South Wales Police,-3.465046,51.721870,On or near Y Dolydd,W01001153,Rhondda Cynon Taf 002C,Violence and sexual offences,Local resolution,
,2024-09,South Wales Police,South Wales Police,-3.450288,51.717656,On or near Llys Efengyl,W01001155,Rhondda Cynon Taf 002D,Anti-social behaviour,,
,2024-09,South Wales Police,South Wales Police,-3.450288,51.717656,On or near Llys Efengyl,W01001155,Rhondda Cynon Taf 002D,Anti-social behaviour,,
,2024-09,South Wales Police,South Wales Police,-3.453551,51.720088,On or near Park Grove,W01001155,Rhondda Cynon Taf 002D,Anti-social behaviour,,
27341d0cb1d045d95b05a730508cd0959712d65c92f7a5cec86671d312d3a488,2024-09,South Wales Police,South Wales Police,-3.450288,51.717656,On or near Llys Efengyl,W01001155,Rhondda Cynon Taf 002D,Other theft,Investigation complete; no suspect identified,
aa3ccda03ac66acd337e5e955922d3fc33c8069c5d13411070aaf19fb5a77eec,2024-09,South Wales Police,South Wales Police,-3.450288,51.717656,On or near Llys Efengyl,W01001155,Rhondda Cynon Taf 002D,Shoplifting,Awaiting court outcome,
19ece3a2d053b080ad6f739799ec23023b69c40db87fa1fcd16b3339fd82efeb,2024-09,South Wales Police,South Wales Police,-3.450288,51.717656,On or near Llys Efengyl,W01001155,Rhondda Cynon Taf 002D,Shoplifting,Awaiting court outcome,
89dfc7572e862df5a438d2d4a5ad781d873a8c88ef8de3b8cb51aeb912ac6c33,2024-09,South Wales Police,South Wales Police,-3.457432,51.722378,On or near Mill Street,W01001155,Rhondda Cynon Taf 002D,Shoplifting,Suspect charged as part of another case,
8dfeab778dd1ecdd3c1e96ecd0a200bb8d21688133c08bd7f0fd3bc9ee91bfcb,2024-09,South Wales Police,South Wales Police,-3.452306,51.717370,On or near Ann Street,W01001155,Rhondda Cynon Taf 002D,Shoplifting,Investigation complete; no suspect identified,
6ef6734da7467041ff1afa11bb927f99a711a2aa332301f8987e53af235bf2f2,2024-09,South Wales Police,South Wales Police,-3.457432,51.722378,On or near Mill Street,W01001155,Rhondda Cynon Taf 002D,Vehicle crime,Investigation complete; no suspect identified,
d6463bb6eb1c7683f20e34f01f53b959cac8bb0d3d6e14fa763539e54d44c7fd,2024-09,South Wales Police,South Wales Police,-3.452306,51.717370,On or near Ann Street,W01001155,Rhondda Cynon Taf 002D,Violence and sexual offences,Under investigation,
726c232a2bfdc59235e6f3a6cae55e7c205509f78aa96e3d8b5f9d5e42b601b9,2024-09,South Wales Police,South Wales Police,-3.457432,51.722378,On or near Mill Street,W01001155,Rhondda Cynon Taf 002D,Violence and sexual offences,Unable to prosecute suspect,
fda6d2b8bfbd9ea9e6c4234fe4bcdb23b11e095549680052a231984767645321,2024-09,South Wales Police,South Wales Police,-3.457432,51.722378,On or near Mill Street,W01001155,Rhondda Cynon Taf 002D,Violence and sexual offences,Investigation complete; no suspect identified,
c18fb154fd3dfde4ca5c72e264319f85fb0bf6dc8bbcb67d36b8f945355353b6,2024-09,South Wales Police,South Wales Police,-3.453964,51.721216,On or near Meirion Street,W01001155,Rhondda Cynon Taf 002D,Violence and sexual offences,Unable to prosecute suspect,
61e52f4b22d6a36ec26318d48bf3b42eaf9321196cb60e3c913bca53ac5afd63,2024-09,South Wales Police,South Wales Police,-3.456747,51.721766,On or near Ebenezer Street,W01001155,Rhondda Cynon Taf 002D,Violence and sexual offences,Investigation complete; no suspect identified,
,2024-09,South Wales Police,South Wales Police,-3.450920,51.712064,On or near Brynawel,W01001149,Rhondda Cynon Taf 003A,Anti-social behaviour,,
,2024-09,South Wales Police,South Wales Police,-3.451368,51.711133,On or near Ty Fry,W01001149,Rhondda Cynon Taf 003A,Anti-social behaviour,,
,2024-09,South Wales Police,South Wales Police,-3.451368,51.711133,On or near Ty Fry,W01001149,Rhondda Cynon Taf 003A,Anti-social behaviour,,
,2024-09,South Wales Police,South Wales Police,-3.449120,51.710990,On or near Graig Street,W01001149,Rhondda Cynon Taf 003A,Anti-social behaviour,,
cb84779f95428b10dbf6103efdc8e3d739adb675c3671ffd45a3fd62932b2285,2024-09,South Wales Police,South Wales Police,-3.448758,51.711453,On or near Pendarren Street,W01001149,Rhondda Cynon Taf 003A,Other theft,Investigation complete; no suspect identified,
fd6e7f61da23b1e5481812159b363cc45f66223b3896c0367c476879ae46e994,2024-09,South Wales Police,South Wales Police,-3.451368,51.711133,On or near Ty Fry,W01001149,Rhondda Cynon Taf 003A,Public order,Under investigation,
b5d466a00f4cdb5ea6d386b98e607c4e5e5c46efdde3962e09ea3d481304d468,2024-09,South Wales Police,South Wales Police,-3.447149,51.709566,On or near Herbert Street,W01001149,Rhondda Cynon Taf 003A,Public order,Unable to prosecute suspect,
ad1a05e48cba45a79af72c815d8f16d23cb9478d6d51d8eb014bb66eb6a2b03e,2024-09,South Wales Police,South Wales Police,-3.451368,51.711133,On or near Ty Fry,W01001149,Rhondda Cynon Taf 003A,Violence and sexual offences,Under investigation,
0967638aabdc7588a47460a3252ddf9d3caa9f2b097c1ee1b41430754620a4e2,2024-09,South Wales Police,South Wales Police,-3.452432,51.709114,On or near Heol-Y-Mynydd,W01001149,Rhondda Cynon Taf 003A,Violence and sexual offences,Unable to prosecute suspect,
6ebc97f3892f80704ce49ff1c09884218d2a116003e961a4ecf4da70490a34b6,2024-09,South Wales Police,South Wales Police,-3.447149,51.709566,On or near Herbert Street,W01001149,Rhondda Cynon Taf 003A,Violence and sexual offences,Unable to prosecute suspect,
9246fa4b0fd722dc22a56758c7302cf20b3a7c59d83a4a3d712813e71c455fbd,2024-09,South Wales Police,South Wales Police,-3.450569,51.710153,On or near Highland Place,W01001149,Rhondda Cynon Taf 003A,Violence and sexual offences,Unable to prosecute suspect,
b1fbf8e09d175fecedf77eb6e94f2f244fe3a79707716b490978bb90af995f11,2024-09,South Wales Police,South Wales Police,-3.452432,51.709114,On or near Heol-Y-Mynydd,W01001149,Rhondda Cynon Taf 003A,Violence and sexual offences,Unable to prosecute suspect,
77af02c3eccb7245f110f843ce08577e9ab6a22f7e52d8cdaf24699eb53a7d61,2024-09,South Wales Police,South Wales Police,-3.452432,51.709114,On or near Heol-Y-Mynydd,W01001149,Rhondda Cynon Taf 003A,Other crime,Awaiting court outcome,
,2024-09,South Wales Police,South Wales Police,-3.441583,51.712926,On or near Aberdare Bus Station,W01001150,Rhondda Cynon Taf 003B,Anti-social behaviour,,
,2024-09,South Wales Police,South Wales Police,-3.445645,51.712759,On or near Church Street,W01001150,Rhondda Cynon Taf 003B,Anti-social behaviour,,
,2024-09,South Wales Police,South Wales Police,-3.445645,51.712759,On or near Church Street,W01001150,Rhondda Cynon Taf 003B,Anti-social behaviour,,
,2024-09,South Wales Police,South Wales Police,-3.440514,51.713451,On or near Sports/Recreation Area,W01001150,Rhondda Cynon Taf 003B,Anti-social behaviour,,
,2024-09,South Wales Police,South Wales Police,-3.448045,51.710427,On or near John Street,W01001150,Rhondda Cynon Taf 003B,Anti-social behaviour,,
,2024-09,South Wales Police,South Wales Police,-3.448045,51.710427,On or near John Street,W01001150,Rhondda Cynon Taf 003B,Anti-social behaviour,,
2ebbbaf4dae76644d2a55ee8b7716d1440833e2ff4036fa3497f1005f67a3eb9,2024-09,South Wales Police,South Wales Police,-3.443448,51.713325,On or near Nightclub,W01001150,Rhondda Cynon Taf 003B,Criminal damage and arson,Under investigation,
8ca23bd55d0481c182748bdac43580ac48564da06a6e32a59770b65567b84192,2024-09,South Wales Police,South Wales Police,-3.443448,51.713325,On or near Nightclub,W01001150,Rhondda Cynon Taf 003B,Criminal damage and arson,Investigation complete; no suspect identified,
803a338bf8b9720a78b9263e12ddb7e953e2ff26ec9d8568df04452f54821be8,2024-09,South Wales Police,South Wales Police,-3.443448,51.713325,On or near Nightclub,W01001150,Rhondda Cynon Taf 003B,Criminal damage and arson,Investigation complete; no suspect identified,
983a0f896183f35f5c7084cd239fd5e17d407ea7639154b89c8343b1f93a84de,2024-09,South Wales Police,South Wales Police,-3.448045,51.710427,On or near John Street,W01001150,Rhondda Cynon Taf 003B,Criminal damage and arson,Investigation complete; no suspect identified,
6dee73ed8ed7f295ee874c6dd59226452f36eea993312cc43aa8dc023633547d,2024-09,South Wales Police,South Wales Police,-3.447861,51.709189,On or near Trevor Street,W01001150,Rhondda Cynon Taf 003B,Other theft,Investigation complete; no suspect identified,
d2c809a954bf8328b6cf15c6d91f02fcadc7b4c15974d863fa9fb0a8aa10337b,2024-09,South Wales Police,South Wales Police,-3.443448,51.713325,On or near Nightclub,W01001150,Rhondda Cynon Taf 003B,Public order,Investigation complete; no suspect identified,
05e072e218ef6242033fcf7c298097ae38fb45828a427654123901b973036618,2024-09,South Wales Police,South Wales Police,-3.441583,51.712926,On or near Aberdare Bus Station,W01001150,Rhondda Cynon Taf 003B,Public order,Investigation complete; no suspect identified,
b9d0487093eb39fe4a5b9a4bcb89e3da221028682fa1e52fe39240683484f02c,2024-09,South Wales Police,South Wales Police,-3.437616,51.708352,On or near B4275,W01001150,Rhondda Cynon Taf 003B,Violence and sexual offences,Unable to prosecute suspect,
9eb58fa011ef0116e1ee473c87ab5c6054d0ec34a9fe3d1d65cdb6e92052f617,2024-09,South Wales Police,South Wales Police,-3.442412,51.713050,On or near Shopping Area,W01001150,Rhondda Cynon Taf 003B,Violence and sexual offences,Under investigation,
a6f338d57c82b230f8a8bac4bc42ac18e88da8b6bb9f920db7189ebc3a7f63dd,2024-09,South Wales Police,South Wales Police,-3.442412,51.713050,On or near Shopping Area,W01001150,Rhondda Cynon Taf 003B,Violence and sexual offences,Under investigation,
f5127efbdc5e48a6d520eb278455618c7505c92e791e14b1f635dcbc63be5e8e,2024-09,South Wales Police,South Wales Police,-3.444571,51.711306,On or near Parking Area,W01001150,Rhondda Cynon Taf 003B,Violence and sexual offences,Unable to prosecute suspect,
dca006b081021f68c7acbb70f27d4601f2db548b8dba2cbb383a30ce844cd752,2024-09,South Wales Police,South Wales Police,-3.445031,51.710770,On or near St. Margarets Court,W01001150,Rhondda Cynon Taf 003B,Violence and sexual offences,Awaiting court outcome,
cf6a301282c1d7c162e4520d94552677316879576c608bd6fd2889842c878773,2024-09,South Wales Police,South Wales Police,-3.442644,51.711267,On or near Dumfries Street,W01001150,Rhondda Cynon Taf 003B,Violence and sexual offences,Under investigation,
a00bf4b8523647f680c8b2397905477e50549245335141dd157db3c145dd7de8,2024-09,South Wales Police,South Wales Police,-3.441583,51.712926,On or near Aberdare Bus Station,W01001150,Rhondda Cynon Taf 003B,Violence and sexual offences,Unable to prosecute suspect,
ee293f8f74f7efd1105137ccf56b70e5d231c62fbcb7664869f0a6756808245e,2024-09,South Wales Police,South Wales Police,-3.442412,51.713050,On or near Shopping Area,W01001150,Rhondda Cynon Taf 003B,Violence and sexual offences,Local resolution,
3a6213dbd23c53764b82dfbb9b3cdf6d3ed85f0247874e656d952161aa59a56c,2024-09,South Wales Police,South Wales Police,-3.441583,51.712926,On or near Aberdare Bus Station,W01001150,Rhondda Cynon Taf 003B,Violence and sexual offences,Investigation complete; no suspect identified,
0c32ed45ad81a2b4c634b344b0d6065adf94e3d364cf5ae222b6b99f57b17496,2024-09,South Wales Police,South Wales Police,-3.445645,51.712759,On or near Church Street,W01001150,Rhondda Cynon Taf 003B,Violence and sexual offences,Unable to prosecute suspect,
f0aadaa19d08df49b4410a0668c8db347a958c0a2b9e96cd93cfecd5da0fe955,2024-09,South Wales Police,South Wales Police,-3.445645,51.712759,On or near Church Street,W01001150,Rhondda Cynon Taf 003B,Violence and sexual offences,Unable to prosecute suspect,
e66b78c9478cffa967e6d6dd96a076bf0284dd1ee796b1dac1881119e2cfc22a,2024-09,South Wales Police,South Wales Police,-3.445645,51.712759,On or near Church Street,W01001150,Rhondda Cynon Taf 003B,Violence and sexual offences,Under investigation,
d9e6699d91a817c3b829e3290f9a29c8e8886ebc9b11fb7d48b2f23848ae23c2,2024-09,South Wales Police,South Wales Police,-3.443448,51.713325,On or near Nightclub,W01001150,Rhondda Cynon Taf 003B,Violence and sexual offences,Unable to prosecute suspect,
455275ea5e8620b87bf81d3677590d2018a8f461ce5cfb792677a5a83cf87779,2024-09,South Wales Police,South Wales Police,-3.442412,51.713050,On or near Shopping Area,W01001150,Rhondda Cynon Taf 003B,Violence and sexual offences,Investigation complete; no suspect identified,
dd103bd1b85500ab433a5619c255284814542b7a4854741e0fcc85a6373673c3,2024-09,South Wales Police,South Wales Police,-3.445645,51.712759,On or near Church Street,W01001150,Rhondda Cynon Taf 003B,Violence and sexual offences,Unable to prosecute suspect,
e1815d8e0c784eefe7f6bba6bd66dea0b8634d61e979b3940d8d842e042080c9,2024-09,South Wales Police,South Wales Police,-3.443448,51.713325,On or near Nightclub,W01001150,Rhondda Cynon Taf 003B,Violence and sexual offences,Investigation complete; no suspect identified,
679cf8b52d2e859f16da8bbb4c3e1ec3f9b4c373721868a2e4a6301ffea5e0f7,2024-09,South Wales Police,South Wales Police,-3.443448,51.713325,On or near Nightclub,W01001150,Rhondda Cynon Taf 003B,Violence and sexual offences,Unable to prosecute suspect,
cede1ce769e2d21af58fc888f9d9d979e09d79040681ed1a77cd87e507a8f7e3,2024-09,South Wales Police,South Wales Police,-3.443289,51.711978,On or near Cross Street,W01001150,Rhondda Cynon Taf 003B,Other crime,Unable to prosecute suspect,
4a43e4fa69bbe862ef90ea16cdf269de8d80d5d1ba14a34e73880d33b3480c6d,2024-09,South Wales Police,South Wales Police,-3.459240,51.715108,On or near Glan Road,W01001151,Rhondda Cynon Taf 003C,Other theft,Under investigation,
219a3149c099621a4eea1208a9be43be3bc211ff2f1c30a8172038757de06e00,2024-09,South Wales Police,South Wales Police,-3.456777,51.716847,On or near Parking Area,W01001151,Rhondda Cynon Taf 003C,Public order,Unable to prosecute suspect,
d205ae03dafbd340561baeed375079912dc22710fb239365237490d3a0596d9d,2024-09,South Wales Police,South Wales Police,-3.467729,51.716648,On or near The Willows,W01001151,Rhondda Cynon Taf 003C,Public order,Under investigation,
07a12f4db1b436cb803d5d856d4e8a9b994d1ffd57053f77f1fe27d61610318f,2024-09,South Wales Police,South Wales Police,-3.470808,51.721861,On or near Cwmdare Road,W01001151,Rhondda Cynon Taf 003C,Violence and sexual offences,Unable to prosecute suspect,
af045447349799a8e68bab7ea06f2ead128bdf83a34149d6aa8e7175712ccedf,2024-09,South Wales Police,South Wales Police,-3.454657,51.716649,On or near Gadlys Street,W01001151,Rhondda Cynon Taf 003C,Violence and sexual offences,Unable to prosecute suspect,
eb2a0149f118ec6529877bfefbd6172e220ffc1673c9bd83062864570c62b83c,2024-09,South Wales Police,South Wales Police,-3.454657,51.716649,On or near Gadlys Street,W01001151,Rhondda Cynon Taf 003C,Violence and sexual offences,Unable to prosecute suspect,
c0e8833c2252e18365f99576034bcf9f2d9c0d4da9ceef8a0549e86e2224ee14,2024-09,South Wales Police,South Wales Police,-3.465315,51.715860,On or near Ashbourne Court,W01001151,Rhondda Cynon Taf 003C,Violence and sexual offences,Unable to prosecute suspect,
7b873632980c8c45ffe7d9918af3863ab34677f2020c2d57e66b57f79024b92b,2024-09,South Wales Police,South Wales Police,-3.454657,51.716649,On or near Gadlys Street,W01001151,Rhondda Cynon Taf 003C,Other crime,Unable to prosecute suspect,
,2024-09,South Wales Police,South Wales Police,-3.474047,51.723088,On or near Maesgwyn,W01001154,Rhondda Cynon Taf 003D,Anti-social behaviour,,
be91ee9acdbdde1444dc74c6a739f546d363253d09bb9dfc6534c3aa5847482f,2024-09,South Wales Police,South Wales Police,-3.475138,51.722805,On or near Heol-Y-Twyn,W01001154,Rhondda Cynon Taf 003D,Burglary,Investigation complete; no suspect identified,
5b10d3e0a74771d7e3742e11d57d0fdd8b4f2380e8a04178cdbd97b1682dcfe2,2024-09,South Wales Police,South Wales Police,-3.475519,51.722485,On or near Y Garth,W01001154,Rhondda Cynon Taf 003D,Burglary,Unable to prosecute suspect,
52f41787ff8f65602f6f20ba4486a2f755467bf31241ea3bebfa08b40090837b,2024-09,South Wales Police,South Wales Police,-3.472557,51.720005,On or near Hafod Wen,W01001154,Rhondda Cynon Taf 003D,Burglary,Investigation complete; no suspect identified,
ed7ec7443475a5f80ed8ac0d4458d2603d95f550af9042bfc328bd66fd0721d0,2024-09,South Wales Police,South Wales Police,-3.474047,51.723088,On or near Maesgwyn,W01001154,Rhondda Cynon Taf 003D,Criminal damage and arson,Investigation complete; no suspect identified,
2ce4537d5f97d1c6e9cf946e95e9229abd08065c8de314224015489bc6673c2e,2024-09,South Wales Police,South Wales Police,-3.474440,51.722265,On or near Heol Nant,W01001154,Rhondda Cynon Taf 003D,Criminal damage and arson,Investigation complete; no suspect identified,
2aeff240f6e075c14f457178d65beb7cfb7f838248e0630062cfffe9e9d5eff0,2024-09,South Wales Police,South Wales Police,-3.475519,51.722485,On or near Y Garth,W01001154,Rhondda Cynon Taf 003D,Drugs,Under investigation,
84fe1dc6035ae13d37a8b74fb2564dbc54417d986fac6933d7955aaaa94eec6e,2024-09,South Wales Police,South Wales Police,-3.472557,51.720005,On or near Hafod Wen,W01001154,Rhondda Cynon Taf 003D,Other theft,Unable to prosecute suspect,
f130fa0560ecc89d27389d3383080cba31f2ed252326d5baeebc040597a0aa28,2024-09,South Wales Police,South Wales Police,-3.474440,51.722265,On or near Heol Nant,W01001154,Rhondda Cynon Taf 003D,Public order,Under investigation,
08564b758fb8c9b6e7ed5b1a7e277da62df2bc8aae434788284d168af742201e,2024-09,South Wales Police,South Wales Police,-3.475519,51.722485,On or near Y Garth,W01001154,Rhondda Cynon Taf 003D,Violence and sexual offences,Under investigation,
ccd675f21d4c7e59fee931d64ba2ce63aad69abe383ce7942c680dc21d131b4a,2024-09,South Wales Police,South Wales Police,-3.476248,51.719976,On or near Queen Street,W01001154,Rhondda Cynon Taf 003D,Violence and sexual offences,Under investigation,
1e983d0b7a4a3536971f2f7fb4a1a18eb0ff671ff726303a9e7ef9b823858436,2024-09,South Wales Police,South Wales Police,-3.475519,51.722485,On or near Y Garth,W01001154,Rhondda Cynon Taf 003D,Violence and sexual offences,Under investigation,
8cf04baa3278152e36f5c511f69a1bd1c8ae70337aa33827fed4b8d3bc1f6f4d,2024-09,South Wales Police,South Wales Police,-3.477735,51.718087,On or near James Street,W01001154,Rhondda Cynon Taf 003D,Violence and sexual offences,Unable to prosecute suspect,
04dc0b29a577d7a97f48e596140d8188efbbddd629132265a5299189609b405f,2024-09,South Wales Police,South Wales Police,-3.475519,51.722485,On or near Y Garth,W01001154,Rhondda Cynon Taf 003D,Violence and sexual offences,Under investigation,
c226b7344638cd726450a0463bf5afc6a7be6a2e218828b5c5159a1d2c94a650,2024-09,South Wales Police,South Wales Police,-3.475519,51.722485,On or near Y Garth,W01001154,Rhondda Cynon Taf 003D,Violence and sexual offences,Under investigation,
054f36d830cef26ce118d07f5aa471a40d7d34c78e48e9fe85fb6bb1a3f4409a,2024-09,South Wales Police,South Wales Police,-3.472557,51.720005,On or near Hafod Wen,W01001154,Rhondda Cynon Taf 003D,Violence and sexual offences,Under investigation,
234001f2979b7470e1ff12e7d7845f0b4a93d337508714841c3e438ed599fcb3,2024-09,South Wales Police,South Wales Police,-3.475519,51.722485,On or near Y Garth,W01001154,Rhondda Cynon Taf 003D,Violence and sexual offences,Investigation complete; no suspect identified,
d377f68e711b78f7058cdacad9accdec88aeba4ea68ad24b5423f09ca1331f63,2024-09,South Wales Police,South Wales Police,-3.472557,51.720005,On or near Hafod Wen,W01001154,Rhondda Cynon Taf 003D,Violence and sexual offences,Unable to prosecute suspect,
a3674660189bd4d4c0aa3e65f0b67fdda39fe496dd4d14ae414585174334bdf4,2024-09,South Wales Police,South Wales Police,-3.474440,51.722265,On or near Heol Nant,W01001154,Rhondda Cynon Taf 003D,Other crime,Awaiting court outcome,
,2024-09,South Wales Police,South Wales Police,-3.474470,51.716078,On or near Lakeside,W01001156,Rhondda Cynon Taf 003E,Anti-social behaviour,,
ea311f53758abeab6809d0717f79eaa49e5a264888614b3d73f7e98227b3a109,2024-09,South Wales Police,South Wales Police,-3.473257,51.715725,On or near The Dell,W01001156,Rhondda Cynon Taf 003E,Public order,Unable to prosecute suspect,
5b743a298fc3da24605eab8044302bcbed39ddb265146a41c271e27774762edc,2024-09,South Wales Police,South Wales Police,-3.474470,51.716078,On or near Lakeside,W01001156,Rhondda Cynon Taf 003E,Violence and sexual offences,Under investigation,
0e566e826d25e18b4a348d81cc1295ca1baf719689b4caf2263fb5cde091f01d,2024-09,South Wales Police,South Wales Police,-3.471936,51.719158,On or near Holly Drive,W01001156,Rhondda Cynon Taf 003E,Violence and sexual offences,Unable to prosecute suspect,
462e5507f5bf2ade455a0e0735676a18f432195a7f3c77331b0748eea77cc920,2024-09,South Wales Police,South Wales Police,-3.474470,51.716078,On or near Lakeside,W01001156,Rhondda Cynon Taf 003E,Violence and sexual offences,Awaiting court outcome,
,2024-09,South Wales Police,South Wales Police,-3.434823,51.717504,On or near Wenallt Road,W01001147,Rhondda Cynon Taf 004A,Anti-social behaviour,,
,2024-09,South Wales Police,South Wales Police,-3.442307,51.715755,On or near Further/Higher Educational Building,W01001147,Rhondda Cynon Taf 004A,Anti-social behaviour,,
,2024-09,South Wales Police,South Wales Police,-3.434823,51.717504,On or near Wenallt Road,W01001147,Rhondda Cynon Taf 004A,Anti-social behaviour,,
,2024-09,South Wales Police,South Wales Police,-3.434823,51.717504,On or near Wenallt Road,W01001147,Rhondda Cynon Taf 004A,Anti-social behaviour,,
,2024-09,South Wales Police,South Wales Police,-3.434823,51.717504,On or near Wenallt Road,W01001147,Rhondda Cynon Taf 004A,Anti-social behaviour,,
ebceb0310c5529943e9ba314f3e99b32b7e02ebdf852060fa52fe29d2d46f34b,2024-09,South Wales Police,South Wales Police,-3.437329,51.721205,On or near Richmond Gardens,W01001147,Rhondda Cynon Taf 004A,Burglary,Investigation complete; no suspect identified,
0ada120e896d7ebd5047c7491f7b1f558df2553a68387ba4d298b62819b75af8,2024-09,South Wales Police,South Wales Police,-3.436634,51.718022,On or near Park View Terrace,W01001147,Rhondda Cynon Taf 004A,Other theft,Investigation complete; no suspect identified,
cfe86a2cf4a0e6088bf053256d7cce68abeeb567100b8e8641f984cc842e5086,2024-09,South Wales Police,South Wales Police,-3.441682,51.714678,On or near Parking Area,W01001147,Rhondda Cynon Taf 004A,Public order,Investigation complete; no suspect identified,
ebca8e60e7dae6b850d0efb696873416eb03669c7d705cd5c6506f9438d9a20f,2024-09,South Wales Police,South Wales Police,-3.434462,51.717068,On or near Wenallt Court,W01001147,Rhondda Cynon Taf 004A,Vehicle crime,Under investigation,
93fc28aa1f6acaba1e28946071d15d939815e27c693cccf16d1b27faa881b429,2024-09,South Wales Police,South Wales Police,-3.434823,51.717504,On or near Wenallt Road,W01001147,Rhondda Cynon Taf 004A,Violence and sexual offences,Under investigation,
02a44385549b93bee5f444fd6ce1aba7a6ecf870fe3920be81cfb1db7c4e5e5b,2024-09,South Wales Police,South Wales Police,-3.441893,51.714486,On or near Aberdâr,W01001147,Rhondda Cynon Taf 004A,Violence and sexual offences,Under investigation,
bdfc2b5d25d2073000bae4f411f82040de530c3cffb5164e0f738ab85d3a2919,2024-09,South Wales Police,South Wales Police,-3.436154,51.714737,On or near Plasdraw Place,W01001147,Rhondda Cynon Taf 004A,Violence and sexual offences,Unable to prosecute suspect,
ea2ce7bd98e4210254263e90b97d46997f14c722c2f4e3f926732697f535b6e4,2024-09,South Wales Police,South Wales Police,-3.435820,51.718355,On or near Fothergill Street,W01001147,Rhondda Cynon Taf 004A,Violence and sexual offences,Unable to prosecute suspect,
9606f5cebc3379e78fd9944d74fb4a2824b11761a750e19aaf947ec2973e34bf,2024-09,South Wales Police,South Wales Police,-3.442307,51.715755,On or near Further/Higher Educational Building,W01001147,Rhondda Cynon Taf 004A,Violence and sexual offences,Unable to prosecute suspect,
,2024-09,South Wales Police,South Wales Police,-3.411299,51.703564,On or near Bron Haul,W01001168,Rhondda Cynon Taf 004B,Anti-social behaviour,,
,2024-09,South Wales Police,South Wales Police,-3.411299,51.703564,On or near Bron Haul,W01001168,Rhondda Cynon Taf 004B,Anti-social behaviour,,
ad1bf1ba1fbe7a5ee98ab7ec403669b39a4c2095abc15b237a377cae6854d098,2024-09,South Wales Police,South Wales Police,-3.411299,51.703564,On or near Bron Haul,W01001168,Rhondda Cynon Taf 004B,Criminal damage and arson,Unable to prosecute suspect,
db7a70ebd51520e5f0b5255f1908b8fd69a6b3e376c9134c25b302d79b427bde,2024-09,South Wales Police,South Wales Police,-3.411874,51.707613,On or near Pond Place,W01001168,Rhondda Cynon Taf 004B,Criminal damage and arson,Investigation complete; no suspect identified,
94d2b5b608eb790b86269b63ddea01ebe4a7c8962e2e077de721e3c4cfcd35e8,2024-09,South Wales Police,South Wales Police,-3.410730,51.704803,On or near Bro Deg,W01001168,Rhondda Cynon Taf 004B,Public order,Unable to prosecute suspect,
b806f88751529585b217d8805e099b710dd0dada58fe1a217859e01e267d2c2a,2024-09,South Wales Police,South Wales Police,-3.411874,51.707613,On or near Pond Place,W01001168,Rhondda Cynon Taf 004B,Public order,Investigation complete; no suspect identified,
9a384fe92ae95396b489506480525199962f15728b8ee1c2aad18335c4e6b803,2024-09,South Wales Police,South Wales Police,-3.411299,51.703564,On or near Bron Haul,W01001168,Rhondda Cynon Taf 004B,Public order,Investigation complete; no suspect identified,
58ba2699e99e6d638cb648a5494d2a05fe293451e1c97f7963b927ce60cd05a4,2024-09,South Wales Police,South Wales Police,-3.411874,51.707613,On or near Pond Place,W01001168,Rhondda Cynon Taf 004B,Violence and sexual offences,Awaiting court outcome,
03ca69756b583f89007998a48b85d16472fdbe255a48488a27869dc8e6b416bc,2024-09,South Wales Police,South Wales Police,-3.411299,51.703564,On or near Bron Haul,W01001168,Rhondda Cynon Taf 004B,Violence and sexual offences,Unable to prosecute suspect,
6966e039ed0660ccb9dfec9dd9b5e8c71af34c1f53e29407ef52757bd5ad87df,2024-09,South Wales Police,South Wales Police,-3.411520,51.701826,On or near Richards Row,W01001168,Rhondda Cynon Taf 004B,Violence and sexual offences,Unable to prosecute suspect,
caa953838d83f77a64c492dab149ae3e470732131f5be519cf8075f6176c7e97,2024-09,South Wales Police,South Wales Police,-3.411874,51.707613,On or near Pond Place,W01001168,Rhondda Cynon Taf 004B,Violence and sexual offences,Awaiting court outcome,
84501a25ead5949325a1384c2ad74045c6b890fbfefe08435466016639f51d5a,2024-09,South Wales Police,South Wales Police,-3.411299,51.703564,On or near Bron Haul,W01001168,Rhondda Cynon Taf 004B,Violence and sexual offences,Further investigation is not in the public interest,
a43e03012e21fba8ed41eb83365076635d70210e0d5d5e49ff2c2b567a5f58b9,2024-09,South Wales Police,South Wales Police,-3.411299,51.703564,On or near Bron Haul,W01001168,Rhondda Cynon Taf 004B,Violence and sexual offences,Investigation complete; no suspect identified,
,2024-09,South Wales Police,South Wales Police,-3.406260,51.699273,On or near Llys-Y-Coed,W01001169,Rhondda Cynon Taf 004C,Anti-social behaviour,,
,2024-09,South Wales Police,South Wales Police,-3.421089,51.707025,On or near Timothy Place,W01001169,Rhondda Cynon Taf 004C,Anti-social behaviour,,
,2024-09,South Wales Police,South Wales Police,-3.408524,51.705063,On or near Bryngolwg,W01001169,Rhondda Cynon Taf 004C,Anti-social behaviour,,
4f7d9985f4ba3df4a6fd5a455e41121621c1a24a85f61ad0e726b67850a85bbe,2024-09,South Wales Police,South Wales Police,-3.418818,51.706117,On or near Pant-Y-Cerdin,W01001169,Rhondda Cynon Taf 004C,Burglary,Unable to prosecute suspect,
7cd609b426377cd3991359bf70471ad126606495ba2a67ccc40f598f13299023,2024-09,South Wales Police,South Wales Police,-3.415454,51.704998,On or near Bethania Place,W01001169,Rhondda Cynon Taf 004C,Drugs,Under investigation,
3f7857a8a2450dfaeba9663b976e81d60fad857ab9417043e72473c66dd9fb6b,2024-09,South Wales Police,South Wales Police,-3.424633,51.703250,On or near Coed Duffryn,W01001169,Rhondda Cynon Taf 004C,Other theft,Investigation complete; no suspect identified,
a61a8f5531fa3dfb208e71a0371faf428a047dff778007b49b2c3ca586d95371,2024-09,South Wales Police,South Wales Police,-3.409882,51.699409,On or near Duffryn Road,W01001169,Rhondda Cynon Taf 004C,Other theft,Investigation complete; no suspect identified,
b1b46814079a4a599518ba6d9ec68ca3300add540f202bd0c8b98532fec09617,2024-09,South Wales Police,South Wales Police,-3.415318,51.704334,On or near Tre Telynog,W01001169,Rhondda Cynon Taf 004C,Public order,Unable to prosecute suspect,
1cb6053de282f7cf6dfd061a43d74c0b47c850405a8fe2a539b17e1304ac0b10,2024-09,South Wales Police,South Wales Police,-3.407934,51.705187,On or near Bryn Hir,W01001169,Rhondda Cynon Taf 004C,Public order,Unable to prosecute suspect,
5c8a0d2b956e79750e7a7474cf238635725f5a9af72a605e1288032bb34e0c21,2024-09,South Wales Police,South Wales Police,-3.418818,51.706117,On or near Pant-Y-Cerdin,W01001169,Rhondda Cynon Taf 004C,Public order,Unable to prosecute suspect,
5d415ab435e1e8e010f9ce3822898904e0c2414832857b5d7577cbd57a1e5001,2024-09,South Wales Police,South Wales Police,-3.410126,51.700737,On or near Ffordd Llety Shenkin,W01001169,Rhondda Cynon Taf 004C,Public order,Unable to prosecute suspect,
7556e604185baa934ed43a428bf9cf5fdb1dd98388a12644b65ab0e7421b0fdc,2024-09,South Wales Police,South Wales Police,-3.412559,51.702191,On or near Tirfounder Road,W01001169,Rhondda Cynon Taf 004C,Public order,Investigation complete; no suspect identified,
f7409e4142fefd3ee636912326d3f669e8c7320cf75e02a4e55a750a352015ec,2024-09,South Wales Police,South Wales Police,-3.408453,51.701395,On or near Glas-Y-Gors,W01001169,Rhondda Cynon Taf 004C,Public order,Unable to prosecute suspect,
81866aa073812f371eaab8156e8dd5537ea13fdc9e7e5103ef2334f862c05fe6,2024-09,South Wales Police,South Wales Police,-3.415318,51.704334,On or near Tre Telynog,W01001169,Rhondda Cynon Taf 004C,Public order,Unable to prosecute suspect,
49adcf9c3ed79ff65eb09bcc30715f9959faee2a5e04c6b4c9a5593dcb75d95f,2024-09,South Wales Police,South Wales Police,-3.408524,51.705063,On or near Bryngolwg,W01001169,Rhondda Cynon Taf 004C,Public order,Awaiting court outcome,
bb6fcb0dc7a88934c7fc550d8f9025b28cc00af7d021de370e089ef910e62c27,2024-09,South Wales Police,South Wales Police,-3.424633,51.703250,On or near Coed Duffryn,W01001169,Rhondda Cynon Taf 004C,Shoplifting,Investigation complete; no suspect identified,
5d4f4c2b091a821a1081021f4ecb23ef452df57a2a64ca66eaf184e55e39ced4,2024-09,South Wales Police,South Wales Police,-3.412120,51.700632,On or near Canal Road,W01001169,Rhondda Cynon Taf 004C,Shoplifting,Investigation complete; no suspect identified,
2fe40ed6a52fe1124e93fd5040292fba56a826f9ecabd4c1e0aa47a64f82f3f3,2024-09,South Wales Police,South Wales Police,-3.421089,51.707025,On or near Timothy Place,W01001169,Rhondda Cynon Taf 004C,Vehicle crime,Investigation complete; no suspect identified,
21a6f9adea3bc4df3d5a2ebf2691541cd2b115c3f3fb7bd6a5d19904f229a092,2024-09,South Wales Police,South Wales Police,-3.418818,51.706117,On or near Pant-Y-Cerdin,W01001169,Rhondda Cynon Taf 004C,Violence and sexual offences,Unable to prosecute suspect,
6cbff4f5b5f49268f3ddb604964cd9a2230c3919cffbe86e2bad56414838f5d1,2024-09,South Wales Police,South Wales Police,-3.418818,51.706117,On or near Pant-Y-Cerdin,W01001169,Rhondda Cynon Taf 004C,Violence and sexual offences,Under investigation,
aefba94dcf95a8e2565ad2eaf25b3d36a6d9f98136c68a10773635adfc8293d9,2024-09,South Wales Police,South Wales Police,-3.421089,51.707025,On or near Timothy Place,W01001169,Rhondda Cynon Taf 004C,Violence and sexual offences,Awaiting court outcome,
be5f023368cd692a4ad6d60da014f86e0afdd333bb5748fcb6faa5acbb4d7a05,2024-09,South Wales Police,South Wales Police,-3.408995,51.702980,On or near Maeshyfryd,W01001169,Rhondda Cynon Taf 004C,Violence and sexual offences,Unable to prosecute suspect,
b97e22c99d9583d40fe83b6c92d503b00e744890588cbcc7d3be27f762eb53e3,2024-09,South Wales Police,South Wales Police,-3.408524,51.705063,On or near Bryngolwg,W01001169,Rhondda Cynon Taf 004C,Violence and sexual offences,Local resolution,
ce8074d06aff896b6e6afb28ee353f8be03240e599852def5174ad5c8d0bcb71,2024-09,South Wales Police,South Wales Police,-3.408281,51.702818,On or near Brynawelon,W01001169,Rhondda Cynon Taf 004C,Violence and sexual offences,Under investigation,
6bb9f5d603df39c8571adee1527b43b6d318fe3722e60144b07c603dfd2f602e,2024-09,South Wales Police,South Wales Police,-3.408524,51.705063,On or near Bryngolwg,W01001169,Rhondda Cynon Taf 004C,Violence and sexual offences,Unable to prosecute suspect,
d32e1f867c6e438157b186cecddfe4e6b397c46bf7295b250e42f0b7b9ea8fb0,2024-09,South Wales Police,South Wales Police,-3.408524,51.705063,On or near Bryngolwg,W01001169,Rhondda Cynon Taf 004C,Violence and sexual offences,Unable to prosecute suspect,
0dabd8973d8b81aabd365fb5d242e7132f8a1f0cedaf1b141f87cc0a50590b8f,2024-09,South Wales Police,South Wales Police,-3.408524,51.705063,On or near Bryngolwg,W01001169,Rhondda Cynon Taf 004C,Violence and sexual offences,Unable to prosecute suspect,
d6b1572c42a9c663406f48c986446b44f488fea15824fc952a9a5bfb316315d7,2024-09,South Wales Police,South Wales Police,-3.408281,51.702818,On or near Brynawelon,W01001169,Rhondda Cynon Taf 004C,Violence and sexual offences,Unable to prosecute suspect,
f97570f3f9b21b255ef1248657b8b1a6df615b92218e725b4e729386ac66dc4f,2024-09,South Wales Police,South Wales Police,-3.418726,51.707341,On or near Rhiw Ceris,W01001169,Rhondda Cynon Taf 004C,Violence and sexual offences,Investigation complete; no suspect identified,
2158007ce7df4d32136e0865787fceb357eb18ddd1b671fbec90724c77fabb3e,2024-09,South Wales Police,South Wales Police,-3.418818,51.706117,On or near Pant-Y-Cerdin,W01001169,Rhondda Cynon Taf 004C,Violence and sexual offences,Awaiting court outcome,
b840f5eb61322b62f0cb01a1153ae8049c365a490a2c05561c651aaad35c2434,2024-09,South Wales Police,South Wales Police,-3.421089,51.707025,On or near Timothy Place,W01001169,Rhondda Cynon Taf 004C,Violence and sexual offences,Investigation complete; no suspect identified,
887f67994196f0a2583b7ce4f9d4337b5e9135114137afc5b4b2b63c4c1000aa,2024-09,South Wales Police,South Wales Police,-3.418818,51.706117,On or near Pant-Y-Cerdin,W01001169,Rhondda Cynon Taf 004C,Violence and sexual offences,Unable to prosecute suspect,
88a30d23c8264a1f3668e6cf9cb2779711614938492c106ba55e0a438b50226c,2024-09,South Wales Police,South Wales Police,-3.408281,51.702818,On or near Brynawelon,W01001169,Rhondda Cynon Taf 004C,Violence and sexual offences,Unable to prosecute suspect,
2747376181099159536fa6feeb24d90156b2679752b59a6ee6c7cfdb444d8c80,2024-09,South Wales Police,South Wales Police,-3.408281,51.702818,On or near Brynawelon,W01001169,Rhondda Cynon Taf 004C,Other crime,Investigation complete; no suspect identified,
550ca3dd063cd0e55f5b05f3fb46a9bd121214036429bb33bcf27f546ad87db6,2024-09,South Wales Police,South Wales Police,-3.423273,51.708347,On or near Well Place,W01001170,Rhondda Cynon Taf 004D,Shoplifting,Suspect charged as part of another case,
0bba5ba3983ec1b29edf9945ea54b2d177ef65dd25e1cb4bc6eebb6fbc710f14,2024-09,South Wales Police,South Wales Police,-3.424353,51.709548,On or near Brookbank Close,W01001170,Rhondda Cynon Taf 004D,Vehicle crime,Unable to prosecute suspect,
4f3fea95f8bc3ce421315ec060f534e3cba2f637c9a7fdc02223794548459456,2024-09,South Wales Police,South Wales Police,-3.419217,51.714718,On or near Craig-Y-Llyn Crescent,W01001170,Rhondda Cynon Taf 004D,Violence and sexual offences,Unable to prosecute suspect,
34732651037048495f4a8bbcb681542e4fb065d69d1ac09aab01202651da9b99,2024-09,South Wales Police,South Wales Police,-3.419217,51.714718,On or near Craig-Y-Llyn Crescent,W01001170,Rhondda Cynon Taf 004D,Violence and sexual offences,Unable to prosecute suspect,
970ee12c68f0e8b69b9b238198550862ffb883b18f87b3401e8e4a24a3f3378e,2024-09,South Wales Police,South Wales Police,-3.419217,51.714718,On or near Craig-Y-Llyn Crescent,W01001170,Rhondda Cynon Taf 004D,Violence and sexual offences,Unable to prosecute suspect,
,2024-09,South Wales Police,South Wales Police,-3.438795,51.703986,On or near Tanyard Place,W01001137,Rhondda Cynon Taf 005A,Anti-social behaviour,,
,2024-09,South Wales Police,South Wales Police,-3.438795,51.703986,On or near Tanyard Place,W01001137,Rhondda Cynon Taf 005A,Anti-social behaviour,,
f7c2e58c093916db252e0c54de1beb652d5a150adaeda1f99083488c320328fa,2024-09,South Wales Police,South Wales Police,-3.435573,51.702776,On or near Rhos Dyfed,W01001137,Rhondda Cynon Taf 005A,Criminal damage and arson,Unable to prosecute suspect,
698b815e6587ffb2732e98df981163594a1d28159502866b4cd160e1024e7201,2024-09,South Wales Police,South Wales Police,-3.430162,51.703741,On or near Beddoe Street,W01001137,Rhondda Cynon Taf 005A,Drugs,Under investigation,
018bd8d241490a10165c21455fb1992e461151e86a474f206595eccf64ad0237,2024-09,South Wales Police,South Wales Police,-3.440941,51.705965,On or near Maesyffynon Grove,W01001137,Rhondda Cynon Taf 005A,Vehicle crime,Investigation complete; no suspect identified,
12aadfa990bec2ec71205db17cb8fa97c8e3a4b8d5b56421e41ccfd31e842d50,2024-09,South Wales Police,South Wales Police,-3.440941,51.705965,On or near Maesyffynon Grove,W01001137,Rhondda Cynon Taf 005A,Vehicle crime,Investigation complete; no suspect identified,
84c74d58fed387a3d67f7763012a8b75046f79994159ba5429cab57f06d984b1,2024-09,South Wales Police,South Wales Police,-3.435610,51.703962,On or near Rhos Nathan Wyn,W01001137,Rhondda Cynon Taf 005A,Violence and sexual offences,Under investigation,
b382bb347b45a98da5d11e0e0e2b111052701f6d4169bc562d20628c3df21f61,2024-09,South Wales Police,South Wales Police,-3.429447,51.702634,On or near Cardiff Road,W01001137,Rhondda Cynon Taf 005A,Violence and sexual offences,Unable to prosecute suspect,
04a37bc521603524fe993a3706c7ec4f2a0070c5ea0f52b07fb320e5cf02fd11,2024-09,South Wales Police,South Wales Police,-3.435890,51.707322,On or near Albion Street,W01001137,Rhondda Cynon Taf 005A,Violence and sexual offences,Unable to prosecute suspect,
508ca23a630df6f2580be0953efb49486e7201b1c5559681f2864814e503a52e,2024-09,South Wales Police,South Wales Police,-3.430142,51.698085,On or near Valley View Street,W01001137,Rhondda Cynon Taf 005A,Violence and sexual offences,Under investigation,
990d5898ad4313bd481586a737cef8efc908f235f00956932386b7c92c70a906,2024-09,South Wales Police,South Wales Police,-3.435573,51.702776,On or near Rhos Dyfed,W01001137,Rhondda Cynon Taf 005A,Violence and sexual offences,Unable to prosecute suspect,
8bae0af46ce626a2219351b7e10143836b57bd48010385d198546c7cec30a33e,2024-09,South Wales Police,South Wales Police,-3.433632,51.704562,On or near Kiln Street,W01001137,Rhondda Cynon Taf 005A,Violence and sexual offences,Unable to prosecute suspect,
9d8e61a2132c85cee31ff8d37ef7d7e76d240419787ee0bd414c668fab9eda4e,2024-09,South Wales Police,South Wales Police,-3.435890,51.707322,On or near Albion Street,W01001137,Rhondda Cynon Taf 005A,Violence and sexual offences,Unable to prosecute suspect,
712f083c37e5cabe60a1798a9842d7c61c9088e19d5f055cc291d50262c7e919,2024-09,South Wales Police,South Wales Police,-3.435890,51.707322,On or near Albion Street,W01001137,Rhondda Cynon Taf 005A,Violence and sexual offences,Investigation complete; no suspect identified,
,2024-09,South Wales Police,South Wales Police,-3.423287,51.700950,On or near Sports/Recreation Area,W01001138,Rhondda Cynon Taf 005B,Anti-social behaviour,,
,2024-09,South Wales Police,South Wales Police,-3.425576,51.701944,On or near Lower Station Street,W01001138,Rhondda Cynon Taf 005B,Anti-social behaviour,,
,2024-09,South Wales Police,South Wales Police,-3.423287,51.700950,On or near Sports/Recreation Area,W01001138,Rhondda Cynon Taf 005B,Anti-social behaviour,,
,2024-09,South Wales Police,South Wales Police,-3.424846,51.701288,On or near Lower Street,W01001138,Rhondda Cynon Taf 005B,Anti-social behaviour,,
,2024-09,South Wales Police,South Wales Police,-3.427612,51.700903,On or near Commerce Place,W01001138,Rhondda Cynon Taf 005B,Anti-social behaviour,,
1bd3cde21bc53d41269765bc25812705da027f383c55c74df2ab4dc040066d29,2024-09,South Wales Police,South Wales Police,-3.425780,51.699244,On or near George Street,W01001138,Rhondda Cynon Taf 005B,Burglary,Under investigation,
417bbec276d2d5c13f2fc40cd1c88a4f4ee25bb83420956c81c8601c8d1f52d6,2024-09,South Wales Police,South Wales Police,-3.423287,51.700950,On or near Sports/Recreation Area,W01001138,Rhondda Cynon Taf 005B,Criminal damage and arson,Unable to prosecute suspect,
602faa6885d7ba22d7e3cee4d8380da7f7067502c088701c819cb3337034522a,2024-09,South Wales Police,South Wales Police,-3.426629,51.698182,On or near Margaret Street,W01001138,Rhondda Cynon Taf 005B,Other theft,Investigation complete; no suspect identified,
4689ba5929fe2cdc9211a5f3f3990128b5430428e3caae67a1d391fc1d9ab265,2024-09,South Wales Police,South Wales Police,-3.424846,51.701288,On or near Lower Street,W01001138,Rhondda Cynon Taf 005B,Other theft,Investigation complete; no suspect identified,
984764b330480ea6e9566288cf955434b2495343a6f21d8e13afea73a8d8e513,2024-09,South Wales Police,South Wales Police,-3.427733,51.701513,On or near Chapel Street,W01001138,Rhondda Cynon Taf 005B,Other theft,Investigation complete; no suspect identified,
db3844883ec76e3941aacecfa430df9f235d9c77d1ffbf1ae1e75d5a835d40d5,2024-09,South Wales Police,South Wales Police,-3.424101,51.700155,On or near Bus/Coach Station,W01001138,Rhondda Cynon Taf 005B,Violence and sexual offences,Investigation complete; no suspect identified,
03f86ea4e6586e1f8fa3d69dc48bb15d1362a0665670ece13aa51837c3fec6aa,2024-09,South Wales Police,South Wales Police,-3.424846,51.701288,On or near Lower Street,W01001138,Rhondda Cynon Taf 005B,Violence and sexual offences,Unable to prosecute suspect,
868fc0950032d59cb0236f65292eaaa448e9db5bbc3aae6cba5ca0b2cf9cd6c0,2024-09,South Wales Police,South Wales Police,-3.423287,51.700950,On or near Sports/Recreation Area,W01001138,Rhondda Cynon Taf 005B,Violence and sexual offences,Under investigation,
858770f9bb75f1b95bd1d7b68c31a1e9f6ebdca7042af17c7e5ab80a0f4edfd8,2024-09,South Wales Police,South Wales Police,-3.424846,51.701288,On or near Lower Street,W01001138,Rhondda Cynon Taf 005B,Violence and sexual offences,Unable to prosecute suspect,
ecf12f9c447dd85e673f6657e0579b88912da1395618ac517c4dff47a1965dd7,2024-09,South Wales Police,South Wales Police,-3.425107,51.700376,On or near Brecon Place,W01001138,Rhondda Cynon Taf 005B,Violence and sexual offences,Unable to prosecute suspect,
f229dd828bc2b0611afeeadb0c52adb7e70b3cb8e5877c642412fa25cabbce81,2024-09,South Wales Police,South Wales Police,-3.425107,51.700376,On or near Brecon Place,W01001138,Rhondda Cynon Taf 005B,Violence and sexual offences,Unable to prosecute suspect,
cc93c4e2382143faa897d0979bd0c4551dc0dd744e3b8a4e0757a43c4061e42a,2024-09,South Wales Police,South Wales Police,-3.425106,51.697598,On or near Clarence Terrace,W01001138,Rhondda Cynon Taf 005B,Violence and sexual offences,Unable to prosecute suspect,
01320b072bcd988cb98c6ee6618a04601ffa07b397ae13035e0af15b2e96a4d4,2024-09,South Wales Police,South Wales Police,-3.424676,51.698646,On or near Gladstone Street,W01001138,Rhondda Cynon Taf 005B,Other crime,Further investigation is not in the public interest,
,2024-09,South Wales Police,South Wales Police,-3.428805,51.697886,On or near Cobden Street,W01001139,Rhondda Cynon Taf 005C,Anti-social behaviour,,
06c94ae62b0cace5b5630e2b08527287ea5f49cbeb42c9e66f3179c863f4828a,2024-09,South Wales Police,South Wales Police,-3.427970,51.695738,On or near New Street,W01001139,Rhondda Cynon Taf 005C,Violence and sexual offences,Unable to prosecute suspect,
e97be9cb69cb7f5e8484cbeabc8c0e8f6f2e32bdb3fa1a47c460eaeea89b4abd,2024-09,South Wales Police,South Wales Police,-3.427970,51.695738,On or near New Street,W01001139,Rhondda Cynon Taf 005C,Violence and sexual offences,Unable to prosecute suspect,
,2024-09,South Wales Police,South Wales Police,-3.442123,51.683947,On or near Llanwonno Road,W01001140,Rhondda Cynon Taf 005D,Anti-social behaviour,,
,2024-09,South Wales Police,South Wales Police,-3.443836,51.684133,On or near St Joseph'S Terrace,W01001140,Rhondda Cynon Taf 005D,Anti-social behaviour,,
eecafb9eece67eb1da4630d49e2df658a0230b321d33e21c6b37c14ebed09856,2024-09,South Wales Police,South Wales Police,-3.436981,51.690601,On or near Nelson Street,W01001140,Rhondda Cynon Taf 005D,Other theft,Investigation complete; no suspect identified,
9517dbf970a9cc8ef5cb25a2a56204977df325e31d31866f1fd706482a9d82f5,2024-09,South Wales Police,South Wales Police,-3.434530,51.691791,On or near Brynmair Road,W01001140,Rhondda Cynon Taf 005D,Violence and sexual offences,Unable to prosecute suspect,
c091499d3d0b622134b5b931ce6e4eb481cf4d0d27960789b56e35367fa8980b,2024-09,South Wales Police,South Wales Police,-3.431534,51.695416,On or near Woodland Terrace,W01001140,Rhondda Cynon Taf 005D,Violence and sexual offences,Unable to prosecute suspect,
7e706a5b6dcf155a44ca3dbe39d69f479d9996f49398c24dac96f719b13453cb,2024-09,South Wales Police,South Wales Police,-3.433039,51.694498,On or near Pant-Y-Fedwen,W01001140,Rhondda Cynon Taf 005D,Violence and sexual offences,Unable to prosecute suspect,
bbe8cd955a3ce03c5b244c642c193e67c4f3eb2ca1a077751a87c3286dd40795,2024-09,South Wales Police,South Wales Police,-3.442794,51.685953,On or near Cwmneol Place,W01001140,Rhondda Cynon Taf 005D,Other crime,Unable to prosecute suspect,
b24a06f1a31d9f675ef2e89287bf0b002ea705362f399b56ac16b166bb29c468,2024-09,South Wales Police,South Wales Police,-3.441216,51.688203,On or near Milton Street,W01001141,Rhondda Cynon Taf 005E,Criminal damage and arson,Unable to prosecute suspect,
dc47974d76771f1f2d6347453a9b41af329ec2dc43a41b3348e664176673cf5f,2024-09,South Wales Police,South Wales Police,-3.442501,51.688556,On or near Burns Street,W01001141,Rhondda Cynon Taf 005E,Vehicle crime,Investigation complete; no suspect identified,
e3e86ff11cd29f7d331dde6f38fcef6ec09a9c836f147b50a76cf7714abd29ec,2024-09,South Wales Police,South Wales Police,-3.450553,51.686118,On or near Brynhyfryd,W01001141,Rhondda Cynon Taf 005E,Vehicle crime,Investigation complete; no suspect identified,
e3291da716709b608e421cbc3b3ff825512255daa16d4b3c141274badc1b002a,2024-09,South Wales Police,South Wales Police,-3.443579,51.687436,On or near Spencer Street,W01001141,Rhondda Cynon Taf 005E,Violence and sexual offences,Under investigation,
69e914b79126526dc3e080ee6af794843b55e8f81d651f12a9ffb8f0e8603fe0,2024-09,South Wales Police,South Wales Police,-3.444056,51.686963,On or near Byron Street,W01001141,Rhondda Cynon Taf 005E,Violence and sexual offences,Unable to prosecute suspect,
1c9917e1a832576c6c17106109bcc20a5d5be4ecef93dd809682a3e0247440b3,2024-09,South Wales Police,South Wales Police,-3.444637,51.686146,On or near Mountain Road,W01001141,Rhondda Cynon Taf 005E,Violence and sexual offences,Under investigation,
ebb5b24ac9a9c9bac14ca9f57c947470eeea5f634a3a4446a6399138ac1fc6d7,2024-09,South Wales Police,South Wales Police,-3.443579,51.687436,On or near Spencer Street,W01001141,Rhondda Cynon Taf 005E,Violence and sexual offences,Under investigation,
,2024-09,South Wales Police,South Wales Police,-3.411479,51.689328,On or near Mary Street,W01001142,Rhondda Cynon Taf 005F,Anti-social behaviour,,
,2024-09,South Wales Police,South Wales Police,-3.418970,51.693330,On or near Sports/Recreation Area,W01001142,Rhondda Cynon Taf 005F,Anti-social behaviour,,
,2024-09,South Wales Police,South Wales Police,-3.415850,51.690795,On or near School Street,W01001142,Rhondda Cynon Taf 005F,Anti-social behaviour,,
94270b149d18b2dda2e580eb4e19649785dd031943969ec8eaf742f24fe4bf13,2024-09,South Wales Police,South Wales Police,-3.417084,51.690924,On or near Graig Avenue,W01001142,Rhondda Cynon Taf 005F,Other theft,Investigation complete; no suspect identified,
0668278c4be1a9d21ca83fd6c24d2da6851bfa4a1232993b5368936fd82b12df,2024-09,South Wales Police,South Wales Police,-3.417084,51.690924,On or near Graig Avenue,W01001142,Rhondda Cynon Taf 005F,Possession of weapons,Unable to prosecute suspect,
5ab72394ce00e31c8247d4cf1b79f10ef1eb1eb4aa9342b9c310c909d6f55961,2024-09,South Wales Police,South Wales Police,-3.415362,51.691376,On or near Park View Terrace,W01001142,Rhondda Cynon Taf 005F,Public order,Unable to prosecute suspect,
d9ea96f433aedb008546043057a3b5ccfe90866289bf364f07e4bcf0ea0f9218,2024-09,South Wales Police,South Wales Police,-3.415362,51.691376,On or near Park View Terrace,W01001142,Rhondda Cynon Taf 005F,Public order,Investigation complete; no suspect identified,
0ee73293c836b9602d163bd5db72737becdbde32f0852626901510ff68edb731,2024-09,South Wales Police,South Wales Police,-3.421354,51.694235,On or near Parc Aberaman,W01001142,Rhondda Cynon Taf 005F,Shoplifting,Investigation complete; no suspect identified,
660094577016e77f38fdd93b8b2a8bdb49064a41da024795ef23c92cf3c56d6c,2024-09,South Wales Police,South Wales Police,-3.421354,51.694235,On or near Parc Aberaman,W01001142,Rhondda Cynon Taf 005F,Shoplifting,Unable to prosecute suspect,
c95a8e80647a7c6b58b46070fa16598a330eac935a772ec45c90f7f88a49ff38,2024-09,South Wales Police,South Wales Police,-3.421354,51.694235,On or near Parc Aberaman,W01001142,Rhondda Cynon Taf 005F,Shoplifting,Suspect charged as part of another case,
010f078d8ed2a6b83967139e661fca608b7828d9d8f9eead9039b57dedaf5baf,2024-09,South Wales Police,South Wales Police,-3.417084,51.690924,On or near Graig Avenue,W01001142,Rhondda Cynon Taf 005F,Violence and sexual offences,Unable to prosecute suspect,
07677e69e99d0859486fed81da9ab43018dba40cade1f5a58208e96974b69ba2,2024-09,South Wales Police,South Wales Police,-3.413230,51.690287,On or near Tai Cap Coch,W01001142,Rhondda Cynon Taf 005F,Violence and sexual offences,Unable to prosecute suspect,
a0194497d47ca798124228a71489746d657bdc711eeee2d23825d6a95cff8743,2024-09,South Wales Police,South Wales Police,-3.415362,51.691376,On or near Park View Terrace,W01001142,Rhondda Cynon Taf 005F,Other crime,Under investigation,
,2024-09,South Wales Police,South Wales Police,-3.376683,51.686882,On or near Lewis Street,W01001204,Rhondda Cynon Taf 006A,Anti-social behaviour,,
3c4216de54ca049fb29b562bf274d77bd77aa936c274b5175d7d432a51b06ea5,2024-09,South Wales Police,South Wales Police,-3.376683,51.686882,On or near Lewis Street,W01001204,Rhondda Cynon Taf 006A,Drugs,Awaiting court outcome,
3d17373251d4330db1e44a828e7e53479062020fc6d0ba284ad55c90c1ef1d0b,2024-09,South Wales Police,South Wales Police,-3.376736,51.685299,On or near Phillip Street,W01001204,Rhondda Cynon Taf 006A,Public order,Investigation complete; no suspect identified,
df0fc4f179615fab75ec9969569bbf2e1ba9ed42e827314b234b428a09711fa4,2024-09,South Wales Police,South Wales Police,-3.377237,51.685571,On or near Allen Street,W01001204,Rhondda Cynon Taf 006A,Violence and sexual offences,Unable to prosecute suspect,
4e3eccb4790c8959911186395f14b2c8a12192707b8328c8af7a553ebf67f821,2024-09,South Wales Police,South Wales Police,-3.376736,51.685299,On or near Phillip Street,W01001204,Rhondda Cynon Taf 006A,Violence and sexual offences,Unable to prosecute suspect,
,2024-09,South Wales Police,South Wales Police,-3.378609,51.685501,On or near Austin Street,W01001205,Rhondda Cynon Taf 006B,Anti-social behaviour,,
,2024-09,South Wales Police,South Wales Police,-3.378609,51.685501,On or near Austin Street,W01001205,Rhondda Cynon Taf 006B,Anti-social behaviour,,
,2024-09,South Wales Police,South Wales Police,-3.374907,51.684124,On or near Troed-Y-Rhiw Road,W01001205,Rhondda Cynon Taf 006B,Anti-social behaviour,,
,2024-09,South Wales Police,South Wales Police,-3.376343,51.683784,On or near Navigation Street,W01001205,Rhondda Cynon Taf 006B,Anti-social behaviour,,
0178d5c03f24357520e7d520c1a38659bfec4d8d63f282ac441cdf126011a3b6,2024-09,South Wales Police,South Wales Police,-3.374907,51.684124,On or near Troed-Y-Rhiw Road,W01001205,Rhondda Cynon Taf 006B,Violence and sexual offences,Unable to prosecute suspect,
bee27add30fa21fa21a3465c9d0a59284440bde9b17cd88a91880dce7d2398e1,2024-09,South Wales Police,South Wales Police,-3.392829,51.686916,On or near Hospital,W01001205,Rhondda Cynon Taf 006B,Violence and sexual offences,Unable to prosecute suspect,
9951ea81594e06bdfa6145bf8e61490e88e2e76ea02773e42f53f3da4b6f10c8,2024-09,South Wales Police,South Wales Police,-3.392829,51.686916,On or near Hospital,W01001205,Rhondda Cynon Taf 006B,Violence and sexual offences,Unable to prosecute suspect,
61e299d79ec5ba906fefdd9a5e47a0c72175cdc26439633a381d8049753993cf,2024-09,South Wales Police,South Wales Police,-3.392829,51.686916,On or near Hospital,W01001205,Rhondda Cynon Taf 006B,Violence and sexual offences,Unable to prosecute suspect,
a14bc88a13e94830319d99043e0d0e37d938be5326cbe6190aebebc2d51ad157,2024-09,South Wales Police,South Wales Police,-3.379713,51.686154,On or near Campbell Terrace,W01001205,Rhondda Cynon Taf 006B,Violence and sexual offences,Unable to prosecute suspect,
a6213d718456b27e3526fcb63e5a0c1d57b48e41c4913a41ffb1a671e25f1cf0,2024-09,South Wales Police,South Wales Police,-3.392829,51.686916,On or near Hospital,W01001205,Rhondda Cynon Taf 006B,Violence and sexual offences,Under investigation,
a4c4a5ed036eee499a81516d7e2f0d0496d6ce43471cce6433641a4c40d7ac16,2024-09,South Wales Police,South Wales Police,-3.374237,51.684438,On or near Dan-Y-Coed,W01001205,Rhondda Cynon Taf 006B,Violence and sexual offences,Unable to prosecute suspect,
ab421c77e6ef03deadc12d09010e05f3d8da71c03c4a2cac3976593ba59d628e,2024-09,South Wales Police,South Wales Police,-3.392829,51.686916,On or near Hospital,W01001205,Rhondda Cynon Taf 006B,Violence and sexual offences,Unable to prosecute suspect,
1764083b05f8060bf372b607d663f1c047712ca021fcda5c45bbc397f54768bc,2024-09,South Wales Police,South Wales Police,-3.392829,51.686916,On or near Hospital,W01001205,Rhondda Cynon Taf 006B,Violence and sexual offences,Under investigation,
b8adf07c75e27f034012d9b7b794b2eee926b42aed419a88c27569e16d2a5581,2024-09,South Wales Police,South Wales Police,-3.392829,51.686916,On or near Hospital,W01001205,Rhondda Cynon Taf 006B,Other crime,Further investigation is not in the public interest,
723bac4d20e5c5e62c6329df4ded8b510f3099ed314773409b4e05c483df3a4d,2024-09,South Wales Police,South Wales Police,-3.392829,51.686916,On or near Hospital,W01001205,Rhondda Cynon Taf 006B,Other crime,Further investigation is not in the public interest,
adc41c2294433f528446df2e6d3799ddd13956681566e53031ec4a21e0497a3f,2024-09,South Wales Police,South Wales Police,-3.392829,51.686916,On or near Hospital,W01001205,Rhondda Cynon Taf 006B,Other crime,Further investigation is not in the public interest,
,2024-09,South Wales Police,South Wales Police,-3.380926,51.676563,On or near Gwernifor Street,W01001206,Rhondda Cynon Taf 006C,Anti-social behaviour,,
,2024-09,South Wales Police,South Wales Police,-3.376657,51.678677,On or near Sports/Recreation Area,W01001206,Rhondda Cynon Taf 006C,Anti-social behaviour,,
,2024-09,South Wales Police,South Wales Police,-3.376657,51.678677,On or near Sports/Recreation Area,W01001206,Rhondda Cynon Taf 006C,Anti-social behaviour,,
,2024-09,South Wales Police,South Wales Police,-3.381403,51.678923,On or near Kingcraft Street,W01001206,Rhondda Cynon Taf 006C,Anti-social behaviour,,
167a0622c34c7ea4332b20eff1f28f6988c240a82675f1f5332db3e8b420fa2b,2024-09,South Wales Police,South Wales Police,-3.378724,51.680249,On or near Darran Road,W01001206,Rhondda Cynon Taf 006C,Public order,Unable to prosecute suspect,
496ef1380f376f129483a4e4e9e04f03ffdfa4438455a4f969deff7aef938f8a,2024-09,South Wales Police,South Wales Police,-3.379893,51.676360,On or near Cwrt Llanwonno,W01001206,Rhondda Cynon Taf 006C,Violence and sexual offences,Unable to prosecute suspect,
6b25e316c1ce918661bc04519810288245b707315973843b3214711559b66132,2024-09,South Wales Police,South Wales Police,-3.378712,51.681301,On or near Napier Street,W01001206,Rhondda Cynon Taf 006C,Violence and sexual offences,Unable to prosecute suspect,
a5dfe7d65fbea7894ed8107607a63bc1b1c772d51ece30b8fd097bc786d19569,2024-09,South Wales Police,South Wales Police,-3.378712,51.681301,On or near Napier Street,W01001206,Rhondda Cynon Taf 006C,Violence and sexual offences,Unable to prosecute suspect,
65a07061af29a0fe8c2c4eb72c883f50a17f9f39ee8c4f9712d79705f9c2dff8,2024-09,South Wales Police,South Wales Police,-3.376657,51.678677,On or near Sports/Recreation Area,W01001206,Rhondda Cynon Taf 006C,Violence and sexual offences,Investigation complete; no suspect identified,
2f3a5b715fe05a075d3552b2514cf57c21a2e61ebfaaa8b982c36cd8351b9d57,2024-09,South Wales Police,South Wales Police,-3.376657,51.678677,On or near Sports/Recreation Area,W01001206,Rhondda Cynon Taf 006C,Other crime,Further investigation is not in the public interest,
,2024-09,South Wales Police,South Wales Police,-3.401695,51.682665,On or near Forest View,W01001207,Rhondda Cynon Taf 006D,Anti-social behaviour,,
f0a87a8ae1f79ea7d6ff536735bbdc7670ff0dd2a423eb776bd4218dfbee91bd,2024-09,South Wales Police,South Wales Police,-3.399036,51.685080,On or near Fernhill,W01001207,Rhondda Cynon Taf 006D,Other theft,Investigation complete; no suspect identified,
c18bebb52fdc405e0c11570bfdd9317db44c9638b603502d18341dba17b29ab6,2024-09,South Wales Police,South Wales Police,-3.395785,51.685191,On or near Boi Close,W01001207,Rhondda Cynon Taf 006D,Violence and sexual offences,Unable to prosecute suspect,
f661713f51f852fe52e90751b9f3385227a63ed87791102cbb553173c9199be7,2024-09,South Wales Police,South Wales Police,-3.399036,51.685080,On or near Fernhill,W01001207,Rhondda Cynon Taf 006D,Violence and sexual offences,Under investigation,
527f5aa36c70fa3a3e6b048da2258209cc73828ba8228eadac174107d44aa302,2024-09,South Wales Police,South Wales Police,-3.399036,51.685080,On or near Fernhill,W01001207,Rhondda Cynon Taf 006D,Violence and sexual offences,Under investigation,
e79f84f91f39a3f0ff92e5c607528b0d3169fd3a82918fc05b33e85cc1cca47d,2024-09,South Wales Police,South Wales Police,-3.399036,51.685080,On or near Fernhill,W01001207,Rhondda Cynon Taf 006D,Violence and sexual offences,Under investigation,
92ed22268f56e859e435fe0aba42dccae8aa681e8f63717819719987f09a3f46,2024-09,South Wales Police,South Wales Police,-3.399036,51.685080,On or near Fernhill,W01001207,Rhondda Cynon Taf 006D,Violence and sexual offences,Unable to prosecute suspect,
751e2e20c14bb246654d3ef1dfc507c3fd4931df9a1352267f07b9ae7c35833c,2024-09,South Wales Police,South Wales Police,-3.399036,51.685080,On or near Fernhill,W01001207,Rhondda Cynon Taf 006D,Violence and sexual offences,Unable to prosecute suspect,
,2024-09,South Wales Police,South Wales Police,-3.382537,51.683864,On or near Fountain Street,W01001208,Rhondda Cynon Taf 006E,Anti-social behaviour,,
cb76e9021f0592b333933ece78a26c8922f99ae4b410288bb6d418987070e6e5,2024-09,South Wales Police,South Wales Police,-3.377289,51.681570,On or near Parking Area,W01001208,Rhondda Cynon Taf 006E,Criminal damage and arson,Investigation complete; no suspect identified,
0cbc6ec54336e6518a1089d29d13bdfde443796acbe115dd01626d4c27621dda,2024-09,South Wales Police,South Wales Police,-3.380720,51.683112,On or near Pryce Street,W01001208,Rhondda Cynon Taf 006E,Other theft,Investigation complete; no suspect identified,
56b8fd5485b0a68bbaa59b6cce159d88a54a444177cb80f4223a41a92e76fda0,2024-09,South Wales Police,South Wales Police,-3.378575,51.682022,On or near Oxford Street,W01001208,Rhondda Cynon Taf 006E,Public order,Unable to prosecute suspect,
5293518f46092380be9a9108a942c462e9f006c7b5e1d4d5616dc240598d5a16,2024-09,South Wales Police,South Wales Police,-3.377289,51.681570,On or near Parking Area,W01001208,Rhondda Cynon Taf 006E,Shoplifting,Unable to prosecute suspect,
bfe8a2533c87dc554f258fc341a0bf3820c46d992900e43a3b719929b01952de,2024-09,South Wales Police,South Wales Police,-3.381105,51.681983,On or near Quarry Road,W01001208,Rhondda Cynon Taf 006E,Violence and sexual offences,Unable to prosecute suspect,
fbc014e7d22ef2c5c9bcb6202a07804ee2840bd931d3898e104a78b30fd73759,2024-09,South Wales Police,South Wales Police,-3.382787,51.684005,On or near Woodland Road,W01001208,Rhondda Cynon Taf 006E,Violence and sexual offences,Under investigation,
544e363d953d6ec8abdb67ff0b15fb02e3cf8985635beb82fda72f40424260b4,2024-09,South Wales Police,South Wales Police,-3.382083,51.681315,On or near Beadon Street,W01001208,Rhondda Cynon Taf 006E,Violence and sexual offences,Awaiting court outcome,
121cefd224a68fae141ec506d4cd5a52c3b025f9df44e8db20193a70ce3ab5a0,2024-09,South Wales Police,South Wales Police,-3.526128,51.671142,On or near Ynysfeio Avenue,W01001265,Rhondda Cynon Taf 007A,Burglary,Investigation complete; no suspect identified,
5d0d9f267359fc99ea7da1263ed3f816b9ca5068b398ec2e32eecd26f18ce011,2024-09,South Wales Police,South Wales Police,-3.529818,51.670797,On or near Eleanor Street,W01001265,Rhondda Cynon Taf 007A,Other theft,Under investigation,
5c979fa36d3ae7a1d0549879acc486a399e6027ff1799b6b688432c2ad89c478,2024-09,South Wales Police,South Wales Police,-3.529818,51.670797,On or near Eleanor Street,W01001265,Rhondda Cynon Taf 007A,Other theft,Under investigation,
fdf6afe84fee585b872841f6b8c888c467fc6b1d856c84c053f55f8dabce4b06,2024-09,South Wales Police,South Wales Police,-3.529768,51.671023,On or near Parking Area,W01001265,Rhondda Cynon Taf 007A,Public order,Under investigation,
7032d113cb41c53c8623846b9ff47377af735a932841667d08cfbbc0e47e8f53,2024-09,South Wales Police,South Wales Police,-3.533419,51.673376,On or near Bute Street,W01001265,Rhondda Cynon Taf 007A,Shoplifting,Investigation complete; no suspect identified,
d16f77bb6d9c9aa0ecc9fb23ac82ff2b334beccfd6b628043a60bd581ef9ad9c,2024-09,South Wales Police,South Wales Police,-3.533419,51.673376,On or near Bute Street,W01001265,Rhondda Cynon Taf 007A,Violence and sexual offences,Under investigation,
1ffce18b9653646a0e90f4bf71dbc698baca25eefe63910683f180e85044cc1a,2024-09,South Wales Police,South Wales Police,-3.533051,51.674019,On or near Crichton Street,W01001265,Rhondda Cynon Taf 007A,Violence and sexual offences,Unable to prosecute suspect,
d719942e97b681ba7a5d08beb068f6755b6cd6ad9580270b10aba9e1c99510bf,2024-09,South Wales Police,South Wales Police,-3.532404,51.674576,On or near Sycamore Rise,W01001265,Rhondda Cynon Taf 007A,Violence and sexual offences,Under investigation,
6c7e0542a6e144ba5c9d60b8dd2dcf7def2e1dff8420bea924f2271d9bfbaf26,2024-09,South Wales Police,South Wales Police,-3.528546,51.670814,On or near Prince'S Street,W01001265,Rhondda Cynon Taf 007A,Violence and sexual offences,Unable to prosecute suspect,
,2024-09,South Wales Police,South Wales Police,-3.526950,51.669360,On or near Baglan Street,W01001266,Rhondda Cynon Taf 007B,Anti-social behaviour,,
695813cef3d069182d708a6d540d5057a11d2ed365dde7d3881fc64c2e7e84f4,2024-09,South Wales Police,South Wales Police,-3.545360,51.679163,On or near Scott Street,W01001266,Rhondda Cynon Taf 007B,Drugs,Awaiting court outcome,
b3c59f3e79f46d03800cf41dd5bb3c8bb2b9e5d924578d9eaf2d431cd2872d18,2024-09,South Wales Police,South Wales Police,-3.543297,51.678894,On or near Mountain View,W01001266,Rhondda Cynon Taf 007B,Public order,Unable to prosecute suspect,
4039dd2fb7ae6ac00a5d8fe76163432b4e755ab99f73df5ecf1ad210f58b9c89,2024-09,South Wales Police,South Wales Police,-3.541165,51.676611,On or near William Street,W01001266,Rhondda Cynon Taf 007B,Public order,Under investigation,
4261f5b88c98d6c22a592ad160072fcf28e1acc100deef512af3bcd3b51f5de5,2024-09,South Wales Police,South Wales Police,-3.541165,51.676611,On or near William Street,W01001266,Rhondda Cynon Taf 007B,Public order,Unable to prosecute suspect,
47e74eca3ab16ebc53165b34eee1b76bb9b362e69064829e2d80acd66177649d,2024-09,South Wales Police,South Wales Police,-3.545360,51.679163,On or near Scott Street,W01001266,Rhondda Cynon Taf 007B,Public order,Investigation complete; no suspect identified,
8c52978359596df9fd23eb7d59a1c16d0c3c3b50e6e04c66384f5927d0ebe8d0,2024-09,South Wales Police,South Wales Police,-3.541165,51.676611,On or near William Street,W01001266,Rhondda Cynon Taf 007B,Vehicle crime,Investigation complete; no suspect identified,
26885cc9e65d16449b7ef3a90d86c767b098669dc084b43cd56201ab6e2276b7,2024-09,South Wales Police,South Wales Police,-3.539054,51.674076,On or near Upper Taff Street,W01001266,Rhondda Cynon Taf 007B,Violence and sexual offences,Further investigation is not in the public interest,
036cf734a121aa08b3dd24161ba697a27723fbe5faec4e25d9c8ec6acaee4f51,2024-09,South Wales Police,South Wales Police,-3.539539,51.674303,On or near Trem Y Mynydd,W01001266,Rhondda Cynon Taf 007B,Violence and sexual offences,Unable to prosecute suspect,
35ebd472ebf6a62db2f2326b274b8849e2976110f2405037b2c33c4cbf11d974,2024-09,South Wales Police,South Wales Police,-3.540210,51.676165,On or near Park Place,W01001266,Rhondda Cynon Taf 007B,Violence and sexual offences,Unable to prosecute suspect,
93990c56f74ba579c2b3dda2a963151726a66bd2efabff18ed93367927e2d106,2024-09,South Wales Police,South Wales Police,-3.529274,51.671830,On or near Mount Libanus Street,W01001266,Rhondda Cynon Taf 007B,Violence and sexual offences,Unable to prosecute suspect,
17994b98a4c2796a140f69f0a3aea60b3e6cc6731aae678cb10feb58fa19a8e1,2024-09,South Wales Police,South Wales Police,-3.526950,51.669360,On or near Baglan Street,W01001266,Rhondda Cynon Taf 007B,Violence and sexual offences,Unable to prosecute suspect,
bb4473543cfed49533c22c9566610ab243b49a1827972d1f6b7ff8452e246749,2024-09,South Wales Police,South Wales Police,-3.530587,51.674285,On or near Ross Rise,W01001266,Rhondda Cynon Taf 007B,Violence and sexual offences,Unable to prosecute suspect,
,2024-09,South Wales Police,South Wales Police,-3.553158,51.684285,On or near Tan-Y-Pych,W01001267,Rhondda Cynon Taf 007C,Anti-social behaviour,,
8f164f28b96cd55e43b96ac3a385d2333173d19c4bb11a6294a5ff10ca3da896,2024-09,South Wales Police,South Wales Police,-3.554271,51.680475,On or near Graig-Y-Ddelw,W01001267,Rhondda Cynon Taf 007C,Criminal damage and arson,Investigation complete; no suspect identified,
121ab447036a130cc878d6864101cde7710cf0390785aef6e850d551d4d74dce,2024-09,South Wales Police,South Wales Police,-3.553158,51.684285,On or near Tan-Y-Pych,W01001267,Rhondda Cynon Taf 007C,Drugs,Local resolution,
2e699c808e772dff9266b4010eac082fb4d61fc602fcb77804e1070c19d8adfd,2024-09,South Wales Police,South Wales Police,-3.553158,51.684285,On or near Tan-Y-Pych,W01001267,Rhondda Cynon Taf 007C,Violence and sexual offences,Under investigation,
9c08f7dad9c6b328a58db04cb36cc1d8c01488cbfaa71b72496d1672336997ea,2024-09,South Wales Police,South Wales Police,-3.549772,51.681299,On or near St Alban'S Road,W01001267,Rhondda Cynon Taf 007C,Violence and sexual offences,Awaiting court outcome,
9a52e1463628ee54d92d06b2dd4dc70d2486fda65f155b2b31afbf972c8a3297,2024-09,South Wales Police,South Wales Police,-3.551700,51.682676,On or near Blaenrhondda Road,W01001267,Rhondda Cynon Taf 007C,Violence and sexual offences,Unable to prosecute suspect,
114cd70b5918dc00db4639ecfdcaad6405f9208440e5655763a7d30ff0496861,2024-09,South Wales Police,South Wales Police,-3.553158,51.684285,On or near Tan-Y-Pych,W01001267,Rhondda Cynon Taf 007C,Violence and sexual offences,Unable to prosecute suspect,
01e75b4bc2e1f369ca71275494c4b207c7d3f73abbad267c04645a7e655c69e7,2024-09,South Wales Police,South Wales Police,-3.551700,51.682676,On or near Blaenrhondda Road,W01001267,Rhondda Cynon Taf 007C,Violence and sexual offences,Unable to prosecute suspect,
,2024-09,South Wales Police,South Wales Police,-3.542927,51.676111,On or near Gwendoline Street,W01001268,Rhondda Cynon Taf 007D,Anti-social behaviour,,
304b2d99725a69a60baabe633fb53d2318c6fac4a879daafb63e57522ef5021d,2024-09,South Wales Police,South Wales Police,-3.547992,51.680010,On or near St Alban'S Terrace,W01001268,Rhondda Cynon Taf 007D,Bicycle theft,Local resolution,
3cd419e2da90bdce3c5248170c3d865a4913ce78b5fa5fd36a8ef9cabc0c2cdb,2024-09,South Wales Police,South Wales Police,-3.542553,51.677438,On or near Margaret Street,W01001268,Rhondda Cynon Taf 007D,Public order,Unable to prosecute suspect,
30c307f9af86f0535bc7f0d4ddf62bccb888252526bda30d2ecb45f5780caab7,2024-09,South Wales Police,South Wales Police,-3.535414,51.672487,On or near Cwmsaerbren Street,W01001268,Rhondda Cynon Taf 007D,Violence and sexual offences,Under investigation,
81d8e81e21c648372900a7d9df22be2bccb65fa3772417a8b193eb3c5f8b6dbd,2024-09,South Wales Police,South Wales Police,-3.549049,51.681300,On or near Halifax Terrace,W01001268,Rhondda Cynon Taf 007D,Violence and sexual offences,Unable to prosecute suspect,
13f38fc9f2d7a6dd07ab8dc55794cccf728bddbe0f024e4ffd1dcd969ee1f6ae,2024-09,South Wales Police,South Wales Police,-3.547992,51.680010,On or near St Alban'S Terrace,W01001268,Rhondda Cynon Taf 007D,Violence and sexual offences,Under investigation,
,2024-09,South Wales Police,South Wales Police,-3.369211,51.668419,On or near Brynheulog,W01001209,Rhondda Cynon Taf 008A,Anti-social behaviour,,
,2024-09,South Wales Police,South Wales Police,-3.364586,51.667052,On or near Penybryn Road,W01001209,Rhondda Cynon Taf 008A,Anti-social behaviour,,
56ff9eb243627038b210308ca73ae5f2356a4adc5727c99a279611642220d6b6,2024-09,South Wales Police,South Wales Police,-3.369211,51.668419,On or near Brynheulog,W01001209,Rhondda Cynon Taf 008A,Criminal damage and arson,Investigation complete; no suspect identified,
1466848c2e39097d3b6909db3c3f87e2e1ba70ef8da7e07c567988c8f9ef502f,2024-09,South Wales Police,South Wales Police,-3.366753,51.669383,On or near Hazel Terrace,W01001209,Rhondda Cynon Taf 008A,Drugs,Awaiting court outcome,
98b8cb6babe8734d9927a23161248037b82fa77030f4b30b05f5e81795f26ce0,2024-09,South Wales Police,South Wales Police,-3.364586,51.667052,On or near Penybryn Road,W01001209,Rhondda Cynon Taf 008A,Violence and sexual offences,Unable to prosecute suspect,
5425492e65ab4efa95c7c351e37c2946be5cc29dc828c0e30b8de17d11448ebd,2024-09,South Wales Police,South Wales Police,-3.369211,51.668419,On or near Brynheulog,W01001209,Rhondda Cynon Taf 008A,Violence and sexual offences,Unable to prosecute suspect,
a548d1be6b3ceedf9e0dffc0151a686506960a7fdbe8a96d3e22fc1f098d0dfc,2024-09,South Wales Police,South Wales Police,-3.369133,51.669679,On or near Holly Row,W01001209,Rhondda Cynon Taf 008A,Violence and sexual offences,Unable to prosecute suspect,
c3afcd64452443d21413def369fe42446c6443019b46d2a6c3425c8ad2aa41ad,2024-09,South Wales Police,South Wales Police,-3.369133,51.669679,On or near Holly Row,W01001209,Rhondda Cynon Taf 008A,Violence and sexual offences,Unable to prosecute suspect,
ca05b0ffe859efd54bed3d3b385836e562e8ceeca0c2fd4b3495aa79acca3f75,2024-09,South Wales Police,South Wales Police,-3.369133,51.669679,On or near Holly Row,W01001209,Rhondda Cynon Taf 008A,Violence and sexual offences,Unable to prosecute suspect,
fbd83784d0dd813c5a2d7aa4719bcb7c8391ba6f1314832f5ac1ce29408b536a,2024-09,South Wales Police,South Wales Police,-3.369211,51.668419,On or near Brynheulog,W01001209,Rhondda Cynon Taf 008A,Violence and sexual offences,Unable to prosecute suspect,
069026356951efe6134197e3d81b9cb5fdee67ba908b40cbacb4730aead83060,2024-09,South Wales Police,South Wales Police,-3.367677,51.668860,On or near Hawthorn Terrace,W01001209,Rhondda Cynon Taf 008A,Violence and sexual offences,Unable to prosecute suspect,
00c45b64c6fc09bd8004d0269a4699a4397d427f39118b60663333e89ed0e794,2024-09,South Wales Police,South Wales Police,-3.369133,51.669679,On or near Holly Row,W01001209,Rhondda Cynon Taf 008A,Violence and sexual offences,Investigation complete; no suspect identified,
1474e9a49be2331c2f16f7804c444c5a33a7a9360983ed7d5964643820a72b59,2024-09,South Wales Police,South Wales Police,-3.366148,51.671854,On or near Penrhiwceiber Road,W01001209,Rhondda Cynon Taf 008A,Other crime,Unable to prosecute suspect,
,2024-09,South Wales Police,South Wales Police,-3.361686,51.663876,On or near Monmouth Street,W01001210,Rhondda Cynon Taf 008B,Anti-social behaviour,,
,2024-09,South Wales Police,South Wales Police,-3.361262,51.669024,On or near Cross Street,W01001210,Rhondda Cynon Taf 008B,Anti-social behaviour,,
6abc3598c9356bb38101f7c5d8509e80cb9f2f06e3fc14d37283fd5a076a5e78,2024-09,South Wales Police,South Wales Police,-3.364875,51.670403,On or near Dilwyn Street,W01001210,Rhondda Cynon Taf 008B,Criminal damage and arson,Investigation complete; no suspect identified,
68547175c4f694cbd493eb158bc26fbb095033efe7f77625bdb50cd431025925,2024-09,South Wales Police,South Wales Police,-3.361262,51.669024,On or near Cross Street,W01001210,Rhondda Cynon Taf 008B,Drugs,Under investigation,
15e5b831c934d717add90c876774886c0299d53e6fb3f2a91b4af2c72b5968b0,2024-09,South Wales Police,South Wales Police,-3.364875,51.670403,On or near Dilwyn Street,W01001210,Rhondda Cynon Taf 008B,Public order,Unable to prosecute suspect,
a92d3e8404ee4ee1cb9058116e1bf6f742ec6586865004ea6e166122bca96aa0,2024-09,South Wales Police,South Wales Police,-3.361188,51.668018,On or near Glanlay Street,W01001210,Rhondda Cynon Taf 008B,Public order,Unable to prosecute suspect,
ee1e3924124b74faaa5a4a8df8c1481f1200d7236dbe2d5d9150c3849720f251,2024-09,South Wales Police,South Wales Police,-3.362939,51.668537,On or near Tanybryn,W01001210,Rhondda Cynon Taf 008B,Public order,Investigation complete; no suspect identified,
ba60034a8bea4dbaef562eba76d9741993cd1785099a5a99039657f4b9b8253a,2024-09,South Wales Police,South Wales Police,-3.360070,51.666898,On or near Rheola Street,W01001210,Rhondda Cynon Taf 008B,Public order,Unable to prosecute suspect,
0125d7bae6a48bb82a668a8f56127b826f0d58f4a10fd92ceecad42f5c08c460,2024-09,South Wales Police,South Wales Police,-3.361262,51.669024,On or near Cross Street,W01001210,Rhondda Cynon Taf 008B,Shoplifting,Suspect charged as part of another case,
c3ee48a59d65d804260c1557502f666add02f1bab4e3f016214d8675a4e93e99,2024-09,South Wales Police,South Wales Police,-3.361262,51.669024,On or near Cross Street,W01001210,Rhondda Cynon Taf 008B,Shoplifting,Suspect charged as part of another case,
325276b6273ff71b90552aa27caf10497da1346938bed77cb8e29780f6e23029,2024-09,South Wales Police,South Wales Police,-3.361262,51.669024,On or near Cross Street,W01001210,Rhondda Cynon Taf 008B,Shoplifting,Suspect charged as part of another case,
a294c44e686091650dc5401e9a43bca9a64398a7a4f2c09741cd94bea71234c0,2024-09,South Wales Police,South Wales Police,-3.361262,51.669024,On or near Cross Street,W01001210,Rhondda Cynon Taf 008B,Shoplifting,Unable to prosecute suspect,
c9f354973d24dcb9e9f37fb56bb42c0560b328f01e3a6da83e76d05a515f0697,2024-09,South Wales Police,South Wales Police,-3.361188,51.668018,On or near Glanlay Street,W01001210,Rhondda Cynon Taf 008B,Violence and sexual offences,Local resolution,
f55cacff7be4939d9ac4969c31c270b144c3e58281992b3f495dea27003c0ee0,2024-09,South Wales Police,South Wales Police,-3.364875,51.670403,On or near Dilwyn Street,W01001210,Rhondda Cynon Taf 008B,Violence and sexual offences,Under investigation,
13cfb72b3a4d171157d878a7c9bf1bd720923dd1d8e7fd4ba5a12588fb13fb94,2024-09,South Wales Police,South Wales Police,-3.363488,51.665168,On or near Glamorgan Street,W01001210,Rhondda Cynon Taf 008B,Violence and sexual offences,Unable to prosecute suspect,
42df4ccec4c86c3aee7afaae0271a29d74fd75d08be83723c0a4b8406d44713b,2024-09,South Wales Police,South Wales Police,-3.364875,51.670403,On or near Dilwyn Street,W01001210,Rhondda Cynon Taf 008B,Violence and sexual offences,Unable to prosecute suspect,
bb5d21245c7d42e97e4dde2544adad06c9d18da74d89f5905a1188a48e321b38,2024-09,South Wales Police,South Wales Police,-3.375321,51.676314,On or near Albert Street,W01001211,Rhondda Cynon Taf 008C,Other theft,Unable to prosecute suspect,
5e3448ec0b51a27c5b420ccbad860e0ecd6e5c6ae3d384350fc1d586cc0c1881,2024-09,South Wales Police,South Wales Police,-3.372806,51.676371,On or near Glyngwyn Street,W01001211,Rhondda Cynon Taf 008C,Violence and sexual offences,Unable to prosecute suspect,
84f9a38ebbd27ee7622f40551b9cae0ed036dbb7ec21664227f473db810881fd,2024-09,South Wales Police,South Wales Police,-3.372806,51.676371,On or near Glyngwyn Street,W01001211,Rhondda Cynon Taf 008C,Violence and sexual offences,Unable to prosecute suspect,
ea29c01aacb6154cd7294f6dbfe42eb07f07ce2560c121703aedd6d9129171a1,2024-09,South Wales Police,South Wales Police,-3.376202,51.673885,On or near Windsor Road,W01001211,Rhondda Cynon Taf 008C,Violence and sexual offences,Unable to prosecute suspect,
94fba67578fc08786cb9a9a59862eaec0536be5a102e493314f1a165b84c599d,2024-09,South Wales Police,South Wales Police,-3.373174,51.675611,On or near Mount Pleasant Terrace,W01001211,Rhondda Cynon Taf 008C,Violence and sexual offences,Investigation complete; no suspect identified,
10f049d641962906704daac9641f90612dbe5cc7d6ad435d21592bbbc8c7ae9b,2024-09,South Wales Police,South Wales Police,-3.375290,51.675290,On or near Clarence Street,W01001211,Rhondda Cynon Taf 008C,Violence and sexual offences,Investigation complete; no suspect identified,
eee9f0d01da20fb0d93bd655dae494f38bd7f40f37350f8cc97e883cdc9d3464,2024-09,South Wales Police,South Wales Police,-3.375321,51.676314,On or near Albert Street,W01001211,Rhondda Cynon Taf 008C,Violence and sexual offences,Unable to prosecute suspect,
6f6259fe1717cd846cbb6ca07595d73ada2f6f41aa8067c67a70ebd85e4d2ee8,2024-09,South Wales Police,South Wales Police,-3.375290,51.675290,On or near Clarence Street,W01001211,Rhondda Cynon Taf 008C,Violence and sexual offences,Unable to prosecute suspect,
5a77f8e862702d385ae36dc47588f40b62fef82551897138bcdda965e0fafcd5,2024-09,South Wales Police,South Wales Police,-3.373899,51.678057,On or near Miskin Terrace,W01001211,Rhondda Cynon Taf 008C,Violence and sexual offences,Unable to prosecute suspect,
f3bdc431eaab0fc53632e3cf0d3f756e117a526c5c9fd3897e5470f0f26dc7dc,2024-09,South Wales Police,South Wales Police,-3.374056,51.678487,On or near Clas Gwernifor,W01001211,Rhondda Cynon Taf 008C,Violence and sexual offences,Unable to prosecute suspect,
,2024-09,South Wales Police,South Wales Police,-3.366983,51.672698,On or near Harcourt Terrace,W01001212,Rhondda Cynon Taf 008D,Anti-social behaviour,,
,2024-09,South Wales Police,South Wales Police,-3.373545,51.673548,On or near Thomas Street,W01001212,Rhondda Cynon Taf 008D,Anti-social behaviour,,
ecdf5428c169f9ac417562197cbcd8ed6ff842ecd0be2aad91eb3c2629ba42d1,2024-09,South Wales Police,South Wales Police,-3.377523,51.673555,On or near Llanwonno Road,W01001212,Rhondda Cynon Taf 008D,Public order,Unable to prosecute suspect,
a335cf0f73e615e42f02610695dd9f0bb80015f2f9e79c0b973d3e4122519551,2024-09,South Wales Police,South Wales Police,-3.371482,51.672277,On or near Vale View Terrace,W01001212,Rhondda Cynon Taf 008D,Violence and sexual offences,Under investigation,
a35efe407e594d076a82705335c300e70964f5136b690be937d5ba8ac8c0d5d0,2024-09,South Wales Police,South Wales Police,-3.373545,51.673548,On or near Thomas Street,W01001212,Rhondda Cynon Taf 008D,Violence and sexual offences,Under investigation,
49e7a8bd5391a58e3909187addedc6ebfa6f4c2109ee0b79bd3367b595ffe81b,2024-09,South Wales Police,South Wales Police,-3.377523,51.673555,On or near Llanwonno Road,W01001212,Rhondda Cynon Taf 008D,Violence and sexual offences,Under investigation,
c68bd65c2994134ef45a8fef110285bb25ebc52e17e3f0b5af36ef3bcb49fa18,2024-09,South Wales Police,South Wales Police,-3.373545,51.673548,On or near Thomas Street,W01001212,Rhondda Cynon Taf 008D,Violence and sexual offences,Unable to prosecute suspect,
,2024-09,South Wales Police,South Wales Police,-3.449032,51.662480,On or near A4233,W01001175,Rhondda Cynon Taf 009A,Anti-social behaviour,,
bad3920506c2c4cacf3f99533faf4a3074cf873cd8f7e803982798d8e7108478,2024-09,South Wales Police,South Wales Police,-3.449032,51.662480,On or near A4233,W01001175,Rhondda Cynon Taf 009A,Burglary,Under investigation,
2fe085e7243922539ef2e1323534521777445359cf2ed1eeb059bee9369facdc,2024-09,South Wales Police,South Wales Police,-3.452908,51.665696,On or near Bryngoleu Crescent,W01001175,Rhondda Cynon Taf 009A,Drugs,Awaiting court outcome,
126711ff69216d89ad5749bc8cbc3640a76e0199e011cbebcc733a0805162b00,2024-09,South Wales Police,South Wales Police,-3.449032,51.662480,On or near A4233,W01001175,Rhondda Cynon Taf 009A,Public order,Unable to prosecute suspect,
551730b70d0430dea3782a8a5002484a395c9c4607e4e1b89cc0ed3ffcc41571,2024-09,South Wales Police,South Wales Police,-3.448373,51.661768,On or near High Street,W01001175,Rhondda Cynon Taf 009A,Shoplifting,Investigation complete; no suspect identified,
f1a8f5229476204346d74fe37603b83ccfff211e73d8072e6e429a98a9e1fc63,2024-09,South Wales Police,South Wales Police,-3.449059,51.661517,On or near Cross Lake Street,W01001175,Rhondda Cynon Taf 009A,Violence and sexual offences,Investigation complete; no suspect identified,
cbb809aa869052613c8b0f0066eb16a5cebb27dbbffc5ce6ff73d8dd8008f4cd,2024-09,South Wales Police,South Wales Police,-3.450613,51.662658,On or near Lime Street,W01001175,Rhondda Cynon Taf 009A,Violence and sexual offences,Unable to prosecute suspect,
141dd502afb1c8ce154496d40c86830dc28e465e4d8a0152b76a7409198003ca,2024-09,South Wales Police,South Wales Police,-3.452908,51.665696,On or near Bryngoleu Crescent,W01001175,Rhondda Cynon Taf 009A,Violence and sexual offences,Under investigation,
f40afa2eadcd9d796521a2adfcdb7fe26f7edd7fea9c85b06b686ec9c8ab0d64,2024-09,South Wales Police,South Wales Police,-3.444514,51.665467,On or near Blaenllechau Road,W01001177,Rhondda Cynon Taf 009B,Vehicle crime,Investigation complete; no suspect identified,
17342890ab42fdb34ff5d849487c6ea030e7b0c377ca3edb1456928fa7fba67c,2024-09,South Wales Police,South Wales Police,-3.449697,51.665655,On or near Fir Street,W01001177,Rhondda Cynon Taf 009B,Violence and sexual offences,Unable to prosecute suspect,
,2024-09,South Wales Police,South Wales Police,-3.482912,51.673647,On or near Oxford Street,W01001202,Rhondda Cynon Taf 009C,Anti-social behaviour,,
be89dedac1b0c5c3346d5a0ba2314e6335ac5da9d091c02ac7ab5f6d29769d09,2024-09,South Wales Police,South Wales Police,-3.481441,51.672892,On or near Brook Street,W01001202,Rhondda Cynon Taf 009C,Criminal damage and arson,Unable to prosecute suspect,
a74ed62fd11fcbd8800c2b2356a343f9459ccaab9271b10e1fb2e59fdad92725,2024-09,South Wales Police,South Wales Police,-3.482637,51.672311,On or near Maerdy Road,W01001202,Rhondda Cynon Taf 009C,Criminal damage and arson,Formal action is not in the public interest,
3d026685cfc8f2abd091ab02d8396285ab8383efafae1790fc7757337a86a4d8,2024-09,South Wales Police,South Wales Police,-3.485179,51.675309,On or near Ceridwen Street,W01001202,Rhondda Cynon Taf 009C,Shoplifting,Unable to prosecute suspect,
4c1a26a028c6b6438541bc106e3e125ab9c036dd53a9e5e9cda34b8e2247c3c3,2024-09,South Wales Police,South Wales Police,-3.488566,51.677595,On or near Mona Place,W01001202,Rhondda Cynon Taf 009C,Violence and sexual offences,Unable to prosecute suspect,
0fc6ee830f905a9c4c873b45b39454ed7221bdfde5b0bccdd88275f8c096b889,2024-09,South Wales Police,South Wales Police,-3.482637,51.672311,On or near Maerdy Road,W01001202,Rhondda Cynon Taf 009C,Violence and sexual offences,Awaiting court outcome,
1ea0f9f9b549a91bcf650bb6292dd066b813a6590399b199d9f4c79363fa1628,2024-09,South Wales Police,South Wales Police,-3.485179,51.675309,On or near Ceridwen Street,W01001202,Rhondda Cynon Taf 009C,Violence and sexual offences,Unable to prosecute suspect,
2e24a0d1c069759274dd9342a4a2800bc82bab3f2d4d29c40e41677535e5dbc4,2024-09,South Wales Police,South Wales Police,-3.482637,51.672311,On or near Maerdy Road,W01001202,Rhondda Cynon Taf 009C,Violence and sexual offences,Under investigation,
,2024-09,South Wales Police,South Wales Police,-3.478891,51.669661,On or near Graig Wen,W01001203,Rhondda Cynon Taf 009D,Anti-social behaviour,,
,2024-09,South Wales Police,South Wales Police,-3.478527,51.670007,On or near Glyn Coed,W01001203,Rhondda Cynon Taf 009D,Anti-social behaviour,,
,2024-09,South Wales Police,South Wales Police,-3.475351,51.668860,On or near Is Y Coed,W01001203,Rhondda Cynon Taf 009D,Anti-social behaviour,,
,2024-09,South Wales Police,South Wales Police,-3.463950,51.666413,On or near Ffaldau Terrace,W01001203,Rhondda Cynon Taf 009D,Anti-social behaviour,,
,2024-09,South Wales Police,South Wales Police,-3.463950,51.666413,On or near Ffaldau Terrace,W01001203,Rhondda Cynon Taf 009D,Anti-social behaviour,,
bdb4aec77e445b1cc0fcc2c0fb3d2518be2ab48adac17a5ed755c755eebf2d9a,2024-09,South Wales Police,South Wales Police,-3.473586,51.667938,On or near Marshfield Road,W01001203,Rhondda Cynon Taf 009D,Criminal damage and arson,Unable to prosecute suspect,
eae412142860eb457ce58e77cecef6fb11ac43f1ff745eeaab018e64ae5d1fa2,2024-09,South Wales Police,South Wales Police,-3.467890,51.667092,On or near Highfield,W01001203,Rhondda Cynon Taf 009D,Violence and sexual offences,Unable to prosecute suspect,
0817ff717fcf382dd419ea9fb6d0acdb9e704fcf93791c9f20964e2b2d2ae556,2024-09,South Wales Police,South Wales Police,-3.472688,51.668345,On or near Excelsior Terrace,W01001203,Rhondda Cynon Taf 009D,Violence and sexual offences,Unable to prosecute suspect,
f78bb94c802eaee7f82044d8be831002989dda2e963134830eddc71ea85ee18d,2024-09,South Wales Police,South Wales Police,-3.472688,51.668345,On or near Excelsior Terrace,W01001203,Rhondda Cynon Taf 009D,Violence and sexual offences,Under investigation,
76623f20f5554bc149f53c8d161255570ba87ae81c98286dc0df920e756d3bbb,2024-09,South Wales Police,South Wales Police,-3.456809,51.666951,On or near Petrol Station,W01001203,Rhondda Cynon Taf 009D,Violence and sexual offences,Unable to prosecute suspect,
8339521947bd6c4c62de941135775f82e0769bb115ec624a0f32989caea31d63,2024-09,South Wales Police,South Wales Police,-3.475237,51.669347,On or near Glanville Terrace,W01001203,Rhondda Cynon Taf 009D,Violence and sexual offences,Under investigation,
2110b509ccfe0f7246a0f8e0aa02f4b265d37dbbdc718368be3fe33338e44921,2024-09,South Wales Police,South Wales Police,-3.478527,51.670007,On or near Glyn Coed,W01001203,Rhondda Cynon Taf 009D,Violence and sexual offences,Unable to prosecute suspect,
018230d1ab915a4210dd150425c1b12cfaf41a7afb9eaf4eed693b2234e079cf,2024-09,South Wales Police,South Wales Police,-3.478220,51.669040,On or near Tan Y Bryn,W01001203,Rhondda Cynon Taf 009D,Other crime,Under investigation,
,2024-09,South Wales Police,South Wales Police,-3.510575,51.656183,On or near Clifton Street,W01001269,Rhondda Cynon Taf 010A,Anti-social behaviour,,
,2024-09,South Wales Police,South Wales Police,-3.506884,51.658209,On or near Parking Area,W01001269,Rhondda Cynon Taf 010A,Anti-social behaviour,,
e04d70181044f037fb261aa232cc0d5817ff48f1ab08ee50a3053339625fd8bf,2024-09,South Wales Police,South Wales Police,-3.509108,51.663359,On or near Trevor Street,W01001269,Rhondda Cynon Taf 010A,Criminal damage and arson,Investigation complete; no suspect identified,
db408a84dc0462c67a8033604bbc597951c1bce44a2ece8bb3573584b61b34de,2024-09,South Wales Police,South Wales Police,-3.508381,51.660617,On or near Senghenydd Street,W01001269,Rhondda Cynon Taf 010A,Other theft,Under investigation,
173d6edf9511f0c09edc9e103d87dec7cc407755219e673364b54a5fd301a69f,2024-09,South Wales Police,South Wales Police,-3.506884,51.658209,On or near Parking Area,W01001269,Rhondda Cynon Taf 010A,Shoplifting,Investigation complete; no suspect identified,
0632f9c04156bd0b1936ada776df639514d58fdc9e0e395c649d26437f972e37,2024-09,South Wales Police,South Wales Police,-3.500869,51.660372,On or near Tynybedw Terrace,W01001270,Rhondda Cynon Taf 010B,Public order,Unable to prosecute suspect,
87cd81dcc424977df2a75f1d91c8d9fb95055cc3f05f7e3d1b7b17fb439b0742,2024-09,South Wales Police,South Wales Police,-3.504855,51.659386,On or near Brook Street,W01001270,Rhondda Cynon Taf 010B,Shoplifting,Investigation complete; no suspect identified,
0f1b0d45d9f69d43f2a0be6fd5f4197dde1e44d998e3c4b2ba30b55827422417,2024-09,South Wales Police,South Wales Police,-3.499576,51.657996,On or near Hermon Street,W01001270,Rhondda Cynon Taf 010B,Violence and sexual offences,Unable to prosecute suspect,
76847cfa50969503dadd2165698e069f31f4603150c26f9ccb57952690ed69b0,2024-09,South Wales Police,South Wales Police,-3.501869,51.658264,On or near Regent Street,W01001270,Rhondda Cynon Taf 010B,Violence and sexual offences,Under investigation,
37d8a069914133b9f8e1cea73e126cd763d2eebe992426e3cd6725c04cd8ab4a,2024-09,South Wales Police,South Wales Police,-3.498625,51.659402,On or near Tynybedw Close,W01001270,Rhondda Cynon Taf 010B,Violence and sexual offences,Unable to prosecute suspect,
44fdd4f90a14a1ea78f8bce37f49ba29baba99942be2890a4f2c827f1bec2ce5,2024-09,South Wales Police,South Wales Police,-3.500822,51.658943,On or near New Tynybedw Street,W01001270,Rhondda Cynon Taf 010B,Violence and sexual offences,Unable to prosecute suspect,
4c7f611dfcd6c315274e571865085b1d970ce461431aeda7e1a30a1d9ded2c96,2024-09,South Wales Police,South Wales Police,-3.514746,51.653791,On or near Lower Terrace,W01001271,Rhondda Cynon Taf 010C,Criminal damage and arson,Investigation complete; no suspect identified,
7d6576ce16e3fa2574f64dcb3663de36297c23a786d6406cc1451527696823eb,2024-09,South Wales Police,South Wales Police,-3.519910,51.653032,On or near Park Terrace,W01001271,Rhondda Cynon Taf 010C,Violence and sexual offences,Under investigation,
63f659d63c5e4120b159362378624c812a9c2aeb8a17ca79aad1012234d1eebf,2024-09,South Wales Police,South Wales Police,-3.514298,51.655083,On or near Castle Street,W01001271,Rhondda Cynon Taf 010C,Violence and sexual offences,Local resolution,
b4413a41f3193833e87b8f3a12bf0ee19210c0cbc9e45acc8d47d8986d2e299c,2024-09,South Wales Police,South Wales Police,-3.521264,51.653743,On or near Vicarage Terrace,W01001271,Rhondda Cynon Taf 010C,Violence and sexual offences,Unable to prosecute suspect,
7ce6bdb17fdfb21188713f78ce58849924aee813c7447b843a35ef0da5f5f6de,2024-09,South Wales Police,South Wales Police,-3.523428,51.650604,On or near Railway Terrace,W01001271,Rhondda Cynon Taf 010C,Violence and sexual offences,Awaiting court outcome,
,2024-09,South Wales Police,South Wales Police,-3.510660,51.663933,On or near Holbrook Close,W01001272,Rhondda Cynon Taf 010D,Anti-social behaviour,,
1b491be8b620c5d3cf1ebad97ba3efb7581bc6dcadc5de5772ebaa52f83cdefe,2024-09,South Wales Police,South Wales Police,-3.519121,51.666162,On or near Ynyswen Road,W01001272,Rhondda Cynon Taf 010D,Drugs,Unable to prosecute suspect,
5a36eb08cff1b7f1b9f2f147579b02fb9c784391f43adad7b7fee390dbe8d8f0,2024-09,South Wales Police,South Wales Police,-3.525474,51.668462,On or near Baglan Street,W01001272,Rhondda Cynon Taf 010D,Other theft,Under investigation,
6d35989e1ca9125f1714790f866b6806af02d69a65fcf3e9366bc19b72ba5de4,2024-09,South Wales Police,South Wales Police,-3.506799,51.663920,On or near Heol Tyle-Du,W01001272,Rhondda Cynon Taf 010D,Public order,Unable to prosecute suspect,
e50a39725720dbdf64963e0b9287af285ea9b7643f2f3b65f2e4f07f93d16347,2024-09,South Wales Police,South Wales Police,-3.521948,51.667690,On or near Kenry Street,W01001272,Rhondda Cynon Taf 010D,Violence and sexual offences,Unable to prosecute suspect,
d7b8a0d5bbed1c4da4708a1af143c39badf7fb131ac6c1d3d5e07af44a018437,2024-09,South Wales Police,South Wales Police,-3.509762,51.664772,On or near Cemetery Road,W01001272,Rhondda Cynon Taf 010D,Violence and sexual offences,Unable to prosecute suspect,
64010ccfadaed08e998b05fe6690b43a1c200004b01fd968f43f96b348ba407d,2024-09,South Wales Police,South Wales Police,-3.513730,51.665368,On or near Dunraven Terrace,W01001272,Rhondda Cynon Taf 010D,Violence and sexual offences,Unable to prosecute suspect,
147f8d01dfcae5898adf748e84335ebb42b517ecefbfa222f78e8278c7d9b2bb,2024-09,South Wales Police,South Wales Police,-3.509762,51.664772,On or near Cemetery Road,W01001272,Rhondda Cynon Taf 010D,Violence and sexual offences,Unable to prosecute suspect,
fb624134a2d8e49a2c99678bf66f44d95ac24431acf6d2e745188ef31388428b,2024-09,South Wales Police,South Wales Police,-3.509762,51.664772,On or near Cemetery Road,W01001272,Rhondda Cynon Taf 010D,Violence and sexual offences,Investigation complete; no suspect identified,
4b870923646fb95c655e55a992fe1daca79d0574cf259be6c359115f127ff47a,2024-09,South Wales Police,South Wales Police,-3.504887,51.663405,On or near Glyncoli Close,W01001272,Rhondda Cynon Taf 010D,Violence and sexual offences,Unable to prosecute suspect,
,2024-09,South Wales Police,South Wales Police,-3.515713,51.665450,On or near Maes Y Ffrwd,W01001273,Rhondda Cynon Taf 010E,Anti-social behaviour,,
8e121f4e3d988763e74ed0a70bd7ff6423350abcd7d98a3929f9dd81d5455b4c,2024-09,South Wales Police,South Wales Police,-3.515713,51.665450,On or near Maes Y Ffrwd,W01001273,Rhondda Cynon Taf 010E,Burglary,Investigation complete; no suspect identified,
9d045690646da12e711e09c334feb88c726c33868ce49e6e440ec62c0a35460b,2024-09,South Wales Police,South Wales Police,-3.512912,51.662528,On or near Crichton Street,W01001273,Rhondda Cynon Taf 010E,Criminal damage and arson,Under investigation,
cf72ec185ccaaf2a24e6dfe351128067a92414f7e76774627a52a4956479ed8c,2024-09,South Wales Police,South Wales Police,-3.512648,51.664141,On or near Ramah Street,W01001273,Rhondda Cynon Taf 010E,Public order,Unable to prosecute suspect,
df9687f10f551ebce8952974422601dbdfb856686fa8813b7894e3a4431041ea,2024-09,South Wales Police,South Wales Police,-3.509850,51.660445,On or near Herbert Street,W01001273,Rhondda Cynon Taf 010E,Violence and sexual offences,Under investigation,
b90d6581d7f301740617c8109d296d1c8c7f0bac5536a1690cef46a092c73260,2024-09,South Wales Police,South Wales Police,-3.512845,51.661378,On or near River Terrace,W01001273,Rhondda Cynon Taf 010E,Violence and sexual offences,Unable to prosecute suspect,
984254f42dd6045284cc819ec6075c64f7ff3129d3424dae18aca994b45a2658,2024-09,South Wales Police,South Wales Police,-3.510085,51.661432,On or near Clark Street,W01001273,Rhondda Cynon Taf 010E,Violence and sexual offences,Unable to prosecute suspect,
bca35a693a1f48bf48cd191abc0218a3525710752e79de5a5e3b1d8f5b795ea5,2024-09,South Wales Police,South Wales Police,-3.510588,51.662198,On or near Bute Street,W01001273,Rhondda Cynon Taf 010E,Violence and sexual offences,Awaiting court outcome,
791fc1765d7f8cb27025575d151757c7db700c08b05c98def24ab38d56e3bbd3,2024-09,South Wales Police,South Wales Police,-3.511736,51.661518,On or near Cardiff Place,W01001273,Rhondda Cynon Taf 010E,Violence and sexual offences,Unable to prosecute suspect,
8e7b7b234ff379b1b34384a1ce2ae08356966e0fecf5a3267f5f59c16a913ee3,2024-09,South Wales Police,South Wales Police,-3.515713,51.665450,On or near Maes Y Ffrwd,W01001273,Rhondda Cynon Taf 010E,Violence and sexual offences,Unable to prosecute suspect,
,2024-09,South Wales Police,South Wales Police,-3.490593,51.645064,On or near Dinam Park Avenue,W01001214,Rhondda Cynon Taf 011B,Anti-social behaviour,,
71b25f5242d23273029c90d4ecd4747086ffccd1b21ba60d235c3755a0f93004,2024-09,South Wales Police,South Wales Police,-3.489944,51.643336,On or near Kennard Street,W01001214,Rhondda Cynon Taf 011B,Other theft,Under investigation,
a256a0d080d4bc288a78c52dd062a6a6af5c1572da62ecfe275a9c0122edd029,2024-09,South Wales Police,South Wales Police,-3.489944,51.643336,On or near Kennard Street,W01001214,Rhondda Cynon Taf 011B,Other theft,Under investigation,
963a01e860285cc590cdcfec8b55bb31e5225c72fce49b8a5ca9d28c3ff6bacf,2024-09,South Wales Police,South Wales Police,-3.489944,51.643336,On or near Kennard Street,W01001214,Rhondda Cynon Taf 011B,Violence and sexual offences,Investigation complete; no suspect identified,
b87e2a594ff02f82d98471ccf8f76fa07ccd82fcda6659b9df455c8a54a97ddd,2024-09,South Wales Police,South Wales Police,-3.492775,51.656941,On or near St Stephen'S Avenue,W01001216,Rhondda Cynon Taf 011D,Burglary,Investigation complete; no suspect identified,
71b001a1c9d62983fc840e294a2552cf4715c3025ac1f8f608e8a4344b1fb76e,2024-09,South Wales Police,South Wales Police,-3.496001,51.653924,On or near Griffin Park,W01001216,Rhondda Cynon Taf 011D,Burglary,Investigation complete; no suspect identified,
13c86e0d71832eba5442713027e8cc12e54a146e4d637c16b0c83e9dd9bdee14,2024-09,South Wales Police,South Wales Police,-3.490395,51.654903,On or near Pentre Road,W01001216,Rhondda Cynon Taf 011D,Burglary,Suspect charged as part of another case,
0369e1de4b37d8b170a19375e119ff037415dd0f93184545120ec95192a7bb02,2024-09,South Wales Police,South Wales Police,-3.491573,51.655545,On or near Upper Alma Place,W01001216,Rhondda Cynon Taf 011D,Violence and sexual offences,Unable to prosecute suspect,
2a7066a296f1be45c77b13f80cf6ff9f52ad22048b703e2001687469e3972ea3,2024-09,South Wales Police,South Wales Police,-3.494107,51.654802,On or near Windsor Street,W01001216,Rhondda Cynon Taf 011D,Violence and sexual offences,Under investigation,
00e1d268c5aa70bf9f34910c66ebb256d393f386b03033233568730bef9ac14e,2024-09,South Wales Police,South Wales Police,-3.496451,51.655312,On or near Volunteer Street,W01001216,Rhondda Cynon Taf 011D,Violence and sexual offences,Unable to prosecute suspect,
617b7bd7bceff4c3ea9bbd9edb5bc363bb71c7e38da9f309cbe21b3f974878e8,2024-09,South Wales Police,South Wales Police,-3.491573,51.655545,On or near Upper Alma Place,W01001216,Rhondda Cynon Taf 011D,Violence and sexual offences,Unable to prosecute suspect,
,2024-09,South Wales Police,South Wales Police,-3.489053,51.646144,On or near Parry Street,W01001962,Rhondda Cynon Taf 011E,Anti-social behaviour,,
,2024-09,South Wales Police,South Wales Police,-3.489009,51.645686,On or near Ton Row,W01001962,Rhondda Cynon Taf 011E,Anti-social behaviour,,
825907be28022e0d7b74a629b9070afb940dbfe1ccb8bb53f75fd8be5a9e2884,2024-09,South Wales Police,South Wales Police,-3.491304,51.653966,On or near Rees Place,W01001962,Rhondda Cynon Taf 011E,Criminal damage and arson,Unable to prosecute suspect,
476ef68084c27812b7c974e1ef393f653b61c3d2ce1a96f7859e361d6648741c,2024-09,South Wales Police,South Wales Police,-3.485507,51.644669,On or near Lon-Y-Parc,W01001962,Rhondda Cynon Taf 011E,Criminal damage and arson,Unable to prosecute suspect,
11ea163307e81720a2daa0772fa2da63bbc59ca6ae5539b6055706bbd74daf5f,2024-09,South Wales Police,South Wales Police,-3.489131,51.652509,On or near Petrol Station,W01001962,Rhondda Cynon Taf 011E,Criminal damage and arson,Unable to prosecute suspect,
73737c36a0c389048e371b5135c9857c0675ed48c624b628dd7708e91ebea361,2024-09,South Wales Police,South Wales Police,-3.487172,51.647418,On or near Chapel Street,W01001962,Rhondda Cynon Taf 011E,Other theft,Investigation complete; no suspect identified,
dc8cf85a0c80c3a4f97567afb9dec21824d2c266250fb0e29b62337b40a3d064,2024-09,South Wales Police,South Wales Police,-3.486088,51.647872,On or near Petrol Station,W01001962,Rhondda Cynon Taf 011E,Other theft,Local resolution,
dce250f345d1008cca0100dd35bf013d32aac6b825e3b397f716589f130d1da1,2024-09,South Wales Police,South Wales Police,-3.490634,51.645872,On or near Whitefield Street,W01001962,Rhondda Cynon Taf 011E,Public order,Unable to prosecute suspect,
1cad63f36c2eae0cca590ed3d959dfe9ec372062bd9cead17fdd2a1d22259ca9,2024-09,South Wales Police,South Wales Police,-3.491304,51.653966,On or near Rees Place,W01001962,Rhondda Cynon Taf 011E,Public order,Investigation complete; no suspect identified,
221a55f00ef2b5284a07f8b60f3630f5df3a5c750050d28b876edcf42b9cd574,2024-09,South Wales Police,South Wales Police,-3.488309,51.644625,On or near St David Street,W01001962,Rhondda Cynon Taf 011E,Public order,Unable to prosecute suspect,
fa9b714e99d928a79aa1ebce035b4e70d3076e79528069a73d4e620c8777a1ee,2024-09,South Wales Police,South Wales Police,-3.485244,51.646358,On or near Sports/Recreation Area,W01001962,Rhondda Cynon Taf 011E,Public order,Unable to prosecute suspect,
c5bb9f20b6a57f6cf68d3fe1b1586ade71be3fe0aabce36d009d3c321b7d4113,2024-09,South Wales Police,South Wales Police,-3.488169,51.654023,On or near Catherine Street,W01001962,Rhondda Cynon Taf 011E,Violence and sexual offences,Unable to prosecute suspect,
5e005537c3a19ffb0d9bcb940530edb3fbbaa6256cd26bda1f1bfbc4421d6459,2024-09,South Wales Police,South Wales Police,-3.488629,51.650843,On or near Forge Street,W01001962,Rhondda Cynon Taf 011E,Violence and sexual offences,Unable to prosecute suspect,
ddc67e450aa3cdcb115ad569469dfe9467371cfc113cb7363349f5c8f411a69c,2024-09,South Wales Police,South Wales Police,-3.491385,51.650709,On or near Elizabeth Close,W01001962,Rhondda Cynon Taf 011E,Violence and sexual offences,Unable to prosecute suspect,
39917099d7e70d0506530f3a155711c189be886139d8e48ca7f9536567ba08e1,2024-09,South Wales Police,South Wales Police,-3.491304,51.653966,On or near Rees Place,W01001962,Rhondda Cynon Taf 011E,Violence and sexual offences,Under investigation,
d9f885a002dc7205272a3caf9bd4f0db2e1f541be61ef9b6344f2e2991733178,2024-09,South Wales Police,South Wales Police,-3.491304,51.653966,On or near Rees Place,W01001962,Rhondda Cynon Taf 011E,Violence and sexual offences,Under investigation,
c8f6ec51d3b8afa1fe525dd5e63c5a07936831ae1bdb98e7e887875698a4d8d6,2024-09,South Wales Police,South Wales Police,-3.491304,51.653966,On or near Rees Place,W01001962,Rhondda Cynon Taf 011E,Violence and sexual offences,Unable to prosecute suspect,
9406cbd8fdbbc176799014a21979a51ba68d4d8a463b6af6f8e4239ba98f7241,2024-09,South Wales Police,South Wales Police,-3.491304,51.653966,On or near Rees Place,W01001962,Rhondda Cynon Taf 011E,Violence and sexual offences,Unable to prosecute suspect,
ef04498c376a4aabc80532774dea497ca1d189d84970903da59598f3719e4e76,2024-09,South Wales Police,South Wales Police,-3.489157,51.647114,On or near Partridge Street,W01001962,Rhondda Cynon Taf 011E,Violence and sexual offences,Unable to prosecute suspect,
af7c9fa282247be5a86c31f8de33be0d976a03cb7dc663300c491eb57f95ee49,2024-09,South Wales Police,South Wales Police,-3.488215,51.643511,On or near Belgrave Street,W01001962,Rhondda Cynon Taf 011E,Other crime,Under investigation,
,2024-09,South Wales Police,South Wales Police,-3.331811,51.639140,On or near Pen Parc View,W01001143,Rhondda Cynon Taf 012A,Anti-social behaviour,,
,2024-09,South Wales Police,South Wales Police,-3.326346,51.643024,On or near River Court,W01001143,Rhondda Cynon Taf 012A,Anti-social behaviour,,
,2024-09,South Wales Police,South Wales Police,-3.325814,51.644091,On or near Martin'S Terrace,W01001143,Rhondda Cynon Taf 012A,Anti-social behaviour,,
9bb4ce0460e8f03e90bdcc92db40c5b475d5ca5ce93a0524737a686d4d82ac58,2024-09,South Wales Police,South Wales Police,-3.331216,51.637097,On or near Grovers Field,W01001143,Rhondda Cynon Taf 012A,Other theft,Unable to prosecute suspect,
c5067b8e2d9f99cc9b8be082de527996519bfdde11e1485c533c27dc4b099756,2024-09,South Wales Police,South Wales Police,-3.332677,51.643033,On or near Aberdare Road,W01001143,Rhondda Cynon Taf 012A,Public order,Investigation complete; no suspect identified,
17c2eccc27c34f1f04ab3b8361cd8f0d6cb837334ba50af2bf38109355659f47,2024-09,South Wales Police,South Wales Police,-3.331695,51.645553,On or near Well Street,W01001143,Rhondda Cynon Taf 012A,Violence and sexual offences,Awaiting court outcome,
72d2736284585d7a9de41aaa059bda6e72fc60284a742eed8dc07558d3ad5e29,2024-09,South Wales Police,South Wales Police,-3.332942,51.641726,On or near Park Street,W01001143,Rhondda Cynon Taf 012A,Violence and sexual offences,Unable to prosecute suspect,
51242cb54ffe09e9f6671fd5573f6dfbe4e1f1712a8d230db6c3aad932c889db,2024-09,South Wales Police,South Wales Police,-3.331695,51.645553,On or near Well Street,W01001143,Rhondda Cynon Taf 012A,Violence and sexual offences,Awaiting court outcome,
1319d6769bc87a5b603bba18477d5af78dc86c9a619cafbabce8cec5d664bad4,2024-09,South Wales Police,South Wales Police,-3.333190,51.639835,On or near Taff Terrace,W01001143,Rhondda Cynon Taf 012A,Other crime,Awaiting court outcome,
,2024-09,South Wales Police,South Wales Police,-3.343447,51.656344,On or near Parrys Drive,W01001144,Rhondda Cynon Taf 012B,Anti-social behaviour,,
c3b906663fe615f359256ee22e18dedac0e0ad5febe04789f89655ee0e2b9d76,2024-09,South Wales Police,South Wales Police,-3.342200,51.657194,On or near Selina Road,W01001144,Rhondda Cynon Taf 012B,Burglary,Investigation complete; no suspect identified,
59090227b7662d07f2590faaf880f751f5855e16c8e32985ee5f06e844f43d0a,2024-09,South Wales Police,South Wales Police,-3.345555,51.659760,On or near Petrol Station,W01001144,Rhondda Cynon Taf 012B,Burglary,Under investigation,
e554d5b5a7f9d735924780fa3d9e5d01195dfe17bbc4ea5af0039fa0e452ead2,2024-09,South Wales Police,South Wales Police,-3.342789,51.657574,On or near Gloucester Terrace,W01001144,Rhondda Cynon Taf 012B,Public order,Unable to prosecute suspect,
f0dffde90fda39526338678fdb4ee05abb80fc36c5a5ff1d19947141e21c56f5,2024-09,South Wales Police,South Wales Police,-3.345555,51.659760,On or near Petrol Station,W01001144,Rhondda Cynon Taf 012B,Public order,Unable to prosecute suspect,
dd0d17fe42366617b561ff6580fadfbb1ee793d2cd9d9d00f689bf8654895877,2024-09,South Wales Police,South Wales Police,-3.345555,51.659760,On or near Petrol Station,W01001144,Rhondda Cynon Taf 012B,Public order,Under investigation,
a0b51bf97ad511dfdfefbe7e306428c7f21fed91af1c0c8ad3c65bdf2d3eed79,2024-09,South Wales Police,South Wales Police,-3.342200,51.657194,On or near Selina Road,W01001144,Rhondda Cynon Taf 012B,Public order,Unable to prosecute suspect,
5a811211ae284cb9d26358e0d3e1b58e2d85d119899a3659e6c34f78e498f415,2024-09,South Wales Police,South Wales Police,-3.344597,51.657581,On or near Abercynon Road,W01001144,Rhondda Cynon Taf 012B,Violence and sexual offences,Unable to prosecute suspect,
266505236193881228898f147bf997a53f6051647c7ab2cd1c2e041f0a7f739d,2024-09,South Wales Police,South Wales Police,-3.342789,51.657574,On or near Gloucester Terrace,W01001144,Rhondda Cynon Taf 012B,Violence and sexual offences,Under investigation,
1847564c68740bdfe6eb80b3e1e780b7cfc76436cb5d2969a23befd5d4a3d5c9,2024-09,South Wales Police,South Wales Police,-3.345555,51.659760,On or near Petrol Station,W01001144,Rhondda Cynon Taf 012B,Violence and sexual offences,Under investigation,
6113202882957054c477d626e214325522bec75c4ce162f7a71546fa356732a6,2024-09,South Wales Police,South Wales Police,-3.343782,51.657905,On or near Battenberg Street,W01001144,Rhondda Cynon Taf 012B,Violence and sexual offences,Further investigation is not in the public interest,
20a494a7cdd2bf07065ee5de35521982b2eadf36e158b5b2089f9d0d1568027e,2024-09,South Wales Police,South Wales Police,-3.354859,51.661401,On or near Pentwyn Avenue,W01001144,Rhondda Cynon Taf 012B,Violence and sexual offences,Unable to prosecute suspect,
661e1256127f2b89471c7500dc6395368d54f46ca70de13db9a54b06380b693b,2024-09,South Wales Police,South Wales Police,-3.350000,51.661358,On or near Main Road,W01001144,Rhondda Cynon Taf 012B,Violence and sexual offences,Unable to prosecute suspect,
e35443f010ef91a07d9a8c658431d5588296596b29e78efe8c7d0dcb244168fb,2024-09,South Wales Police,South Wales Police,-3.349162,51.661871,On or near Bagot Street,W01001144,Rhondda Cynon Taf 012B,Violence and sexual offences,Unable to prosecute suspect,
,2024-09,South Wales Police,South Wales Police,-3.329386,51.652071,On or near Park View,W01001145,Rhondda Cynon Taf 012C,Anti-social behaviour,,
,2024-09,South Wales Police,South Wales Police,-3.329386,51.652071,On or near Park View,W01001145,Rhondda Cynon Taf 012C,Anti-social behaviour,,
,2024-09,South Wales Police,South Wales Police,-3.329386,51.652071,On or near Park View,W01001145,Rhondda Cynon Taf 012C,Anti-social behaviour,,
9dc64832ca615c789815b9db97c70c145862cddd3465023f70c876137d091097,2024-09,South Wales Police,South Wales Police,-3.331820,51.650776,On or near Park Road,W01001145,Rhondda Cynon Taf 012C,Criminal damage and arson,Investigation complete; no suspect identified,
cc747a82d10f050f431d7dd57fcf9b06ca41f61d9017b4142e8cc1c96f425baf,2024-09,South Wales Police,South Wales Police,-3.338202,51.654471,On or near Pontcynon Terrace,W01001145,Rhondda Cynon Taf 012C,Public order,Unable to prosecute suspect,
a8b864985f3f6ed5c6d37f7ca90c4ab65d0f548c6e7a16e05f3986e97c2c1624,2024-09,South Wales Police,South Wales Police,-3.331820,51.650776,On or near Park Road,W01001145,Rhondda Cynon Taf 012C,Vehicle crime,Investigation complete; no suspect identified,
20997ff745521dcd66b2f41f11f58567d47d07b6fbf4b62246bd01a83dc44a4d,2024-09,South Wales Police,South Wales Police,-3.331820,51.650776,On or near Park Road,W01001145,Rhondda Cynon Taf 012C,Vehicle crime,Investigation complete; no suspect identified,
d3269caa3c213608e4c3dad91af0e5e0d55bb1ce3fefa6738c2be69eeddcfb48,2024-09,South Wales Police,South Wales Police,-3.328680,51.647206,On or near North Street,W01001145,Rhondda Cynon Taf 012C,Violence and sexual offences,Unable to prosecute suspect,
0c624f63df9ab8359cb4312b96407e60690471f7a11d60e3f8c7ab0a48ec3f50,2024-09,South Wales Police,South Wales Police,-3.328680,51.647206,On or near North Street,W01001145,Rhondda Cynon Taf 012C,Violence and sexual offences,Under investigation,
5d92a2e47dd3da7fda7f88398cc47a9e0fdb7b757d9e1549ac125b060cae82d0,2024-09,South Wales Police,South Wales Police,-3.329386,51.652071,On or near Park View,W01001145,Rhondda Cynon Taf 012C,Violence and sexual offences,Unable to prosecute suspect,
4aaf5e07bdb7f9dad7a8d8d2d0eea5ec7e09821f20ad071451cc14f27acf44bd,2024-09,South Wales Police,South Wales Police,-3.328680,51.647206,On or near North Street,W01001145,Rhondda Cynon Taf 012C,Violence and sexual offences,Unable to prosecute suspect,
4a1cd327aba42cb8ec73b6825a337ad4ad453b5eca4be6edd43b51cfaefefd12,2024-09,South Wales Police,South Wales Police,-3.329386,51.652071,On or near Park View,W01001145,Rhondda Cynon Taf 012C,Violence and sexual offences,Under investigation,
0c7bb3526583653e4ce5412c6af301a7cdc2840044474d1e20c7b789e1fd936a,2024-09,South Wales Police,South Wales Police,-3.328680,51.647206,On or near North Street,W01001145,Rhondda Cynon Taf 012C,Violence and sexual offences,Unable to prosecute suspect,
025800414909030add1f3900e6e4fe5b3e9ade9933efe6913d96626b9d1ba090,2024-09,South Wales Police,South Wales Police,-3.329710,51.647841,On or near Thurston Street,W01001145,Rhondda Cynon Taf 012C,Violence and sexual offences,Unable to prosecute suspect,
,2024-09,South Wales Police,South Wales Police,-3.327020,51.645327,On or near Parking Area,W01001146,Rhondda Cynon Taf 012D,Anti-social behaviour,,
,2024-09,South Wales Police,South Wales Police,-3.319758,51.648583,On or near Knights Terrace,W01001146,Rhondda Cynon Taf 012D,Anti-social behaviour,,
cdf42a13a8a80971ad2e9ba7f23225c50d6737eeab615eb7723d52a3de83c782,2024-09,South Wales Police,South Wales Police,-3.323303,51.649208,On or near Argyle Street,W01001146,Rhondda Cynon Taf 012D,Violence and sexual offences,Investigation complete; no suspect identified,
92c1ea165994c32aad27421f752b440b3980a6cf0100e708b133dbdb226a6d0d,2024-09,South Wales Police,South Wales Police,-3.327020,51.645327,On or near Parking Area,W01001146,Rhondda Cynon Taf 012D,Violence and sexual offences,Investigation complete; no suspect identified,
d24341b03f21d9eed51d24f51e7a2d57702ff582dc6c470e7f76411d9f4d16cb,2024-09,South Wales Police,South Wales Police,-3.323303,51.649208,On or near Argyle Street,W01001146,Rhondda Cynon Taf 012D,Violence and sexual offences,Investigation complete; no suspect identified,
,2024-09,South Wales Police,South Wales Police,-3.448146,51.660539,On or near Union Street,W01001176,Rhondda Cynon Taf 013A,Anti-social behaviour,,
,2024-09,South Wales Police,South Wales Police,-3.448146,51.660539,On or near Union Street,W01001176,Rhondda Cynon Taf 013A,Anti-social behaviour,,
18bcaeadb22a54e1c271bb20488abf0bb8a42b5c4362323ab9e0b7cb402c0155,2024-09,South Wales Police,South Wales Police,-3.448146,51.660539,On or near Union Street,W01001176,Rhondda Cynon Taf 013A,Other theft,Unable to prosecute suspect,
ad93e8aae8a5c600f81ef93f22a76da4213e767ba5691fa5a65cccbba36bb59a,2024-09,South Wales Police,South Wales Police,-3.448006,51.658428,On or near Brynhyfryd Terrace,W01001176,Rhondda Cynon Taf 013A,Vehicle crime,Under investigation,
d1dc13ab1c3b3dcdfcb234ab830e54285bd2e8dce19b2c6fb96b17721003e1d3,2024-09,South Wales Police,South Wales Police,-3.447405,51.658175,On or near Ayron Street,W01001176,Rhondda Cynon Taf 013A,Violence and sexual offences,Unable to prosecute suspect,
f593ffbb5e045851429547cab8c6a068863807ad5b7e2d4f3484ca40ea36280a,2024-09,South Wales Police,South Wales Police,-3.447405,51.658175,On or near Ayron Street,W01001176,Rhondda Cynon Taf 013A,Violence and sexual offences,Unable to prosecute suspect,
6933f53910104a7a5e885d0be1f627c118722dc067b928c6f39b260440e69a82,2024-09,South Wales Police,South Wales Police,-3.447278,51.659615,On or near Irfon Street,W01001176,Rhondda Cynon Taf 013A,Violence and sexual offences,Unable to prosecute suspect,
9047dc2eeed6ba91d2723babe1518b358c3cd2333d4da04fe750aa47ecd06ac0,2024-09,South Wales Police,South Wales Police,-3.441886,51.655995,On or near Oakland Terrace,W01001176,Rhondda Cynon Taf 013A,Violence and sexual offences,Unable to prosecute suspect,
98c1e965ac5ced6254f20b5fbde4f690d5e43075636c511978a87f72d7dd2e38,2024-09,South Wales Police,South Wales Police,-3.444304,51.658393,On or near Albany Street,W01001176,Rhondda Cynon Taf 013A,Violence and sexual offences,Unable to prosecute suspect,
f91227042621ea6ccca643650da6cf059337bc4d3306b675c8ecbaf1b4384dee,2024-09,South Wales Police,South Wales Police,-3.447278,51.659615,On or near Irfon Street,W01001176,Rhondda Cynon Taf 013A,Violence and sexual offences,Unable to prosecute suspect,
b4557562b151059b6dfb4bb8a437dbb886455e6419d3b091e38f6dabc257c8b2,2024-09,South Wales Police,South Wales Police,-3.441886,51.655995,On or near Oakland Terrace,W01001176,Rhondda Cynon Taf 013A,Violence and sexual offences,Unable to prosecute suspect,
f24cf016d3c41f4b7bc25c81ae306cb9093eb8a44aa6515f2477794e3fd94020,2024-09,South Wales Police,South Wales Police,-3.443695,51.656539,On or near A4233,W01001176,Rhondda Cynon Taf 013A,Violence and sexual offences,Unable to prosecute suspect,
74168639eb51d5065e724f02713e09b57f27ec4c9c79a10accd883650110c980,2024-09,South Wales Police,South Wales Police,-3.443816,51.641674,On or near Penrhys Road,W01001274,Rhondda Cynon Taf 013B,Criminal damage and arson,Investigation complete; no suspect identified,
b2042f119fb9acc618094f2c5c9151705b07dd0449dde3cfb939b5387b04b4ba,2024-09,South Wales Police,South Wales Police,-3.445882,51.644382,On or near Pen Tyntyla,W01001274,Rhondda Cynon Taf 013B,Criminal damage and arson,Unable to prosecute suspect,
3888f6be6d709a0cfa6db6135a1a431dfac17d879e30cd8c2e6d1b370bc3049b,2024-09,South Wales Police,South Wales Police,-3.445882,51.644382,On or near Pen Tyntyla,W01001274,Rhondda Cynon Taf 013B,Drugs,Under investigation,
6c564662b67c434a6264c5496050b417855af5dbda7e3ba51deb01425ad8448b,2024-09,South Wales Police,South Wales Police,-3.445882,51.644382,On or near Pen Tyntyla,W01001274,Rhondda Cynon Taf 013B,Public order,Local resolution,
e89e7997c7c7129670571c0c5dde7d248704eaa674b688ec92c1518cfdf2a270,2024-09,South Wales Police,South Wales Police,-3.432577,51.643673,On or near Pleasant View,W01001274,Rhondda Cynon Taf 013B,Vehicle crime,Investigation complete; no suspect identified,
102aa24a85b75912850d3c240267857bdb4d516259f4e5682035071d31af2d6f,2024-09,South Wales Police,South Wales Police,-3.433496,51.642106,On or near Deri Street,W01001274,Rhondda Cynon Taf 013B,Violence and sexual offences,Unable to prosecute suspect,
162d7855cedc0fefb2e9653725550b44e04bca63a582a02a6d805cc0ea97f775,2024-09,South Wales Police,South Wales Police,-3.445882,51.644382,On or near Pen Tyntyla,W01001274,Rhondda Cynon Taf 013B,Violence and sexual offences,Under investigation,
a4b54bc19aa2f0a24ec0ae02f7100f2efeb1c92f7d853ecadeef6df2da6d942b,2024-09,South Wales Police,South Wales Police,-3.434264,51.643994,On or near Brondeg Street,W01001274,Rhondda Cynon Taf 013B,Violence and sexual offences,Under investigation,
f39c6da68adab496a2c66037a5f9ec613bc68b53566f0d573edd797c19800ce8,2024-09,South Wales Police,South Wales Police,-3.434264,51.643994,On or near Brondeg Street,W01001274,Rhondda Cynon Taf 013B,Violence and sexual offences,Unable to prosecute suspect,
9e1d8e47494a4ca042454f8d02759143913d65cae8cc567efb0878526f49906e,2024-09,South Wales Police,South Wales Police,-3.435272,51.643892,On or near Parry Street,W01001274,Rhondda Cynon Taf 013B,Violence and sexual offences,Offender given a caution,
f7bc97f793add0d60d20a3b578c1187de4217b14d77e01b667d1e3a6852f6691,2024-09,South Wales Police,South Wales Police,-3.434264,51.643994,On or near Brondeg Street,W01001274,Rhondda Cynon Taf 013B,Violence and sexual offences,Unable to prosecute suspect,
202f5e46ed6e5db1475de444ea9dac702483ed76be99c320ca0371fc6b30245b,2024-09,South Wales Police,South Wales Police,-3.432684,51.642008,On or near Ferndale Road,W01001275,Rhondda Cynon Taf 013C,Other theft,Unable to prosecute suspect,
a15a08d0c1206edaf45d20c46452f6284af2573647a067f6dc4cc9ca6c8f3d6e,2024-09,South Wales Police,South Wales Police,-3.432453,51.638810,On or near Llewellyn Street,W01001275,Rhondda Cynon Taf 013C,Other theft,Investigation complete; no suspect identified,
ef6282d41a29c99e549b393553ee1311ae1256c8559964807faa280cec662d5f,2024-09,South Wales Police,South Wales Police,-3.428410,51.635694,On or near Parking Area,W01001275,Rhondda Cynon Taf 013C,Public order,Unable to prosecute suspect,
545c8ab462551b94f2372f3c6aff793b5046bab9b6f2cf375b0c0cc0ff1b5f9b,2024-09,South Wales Police,South Wales Police,-3.431026,51.637092,On or near Dolgwilym Street,W01001275,Rhondda Cynon Taf 013C,Public order,Unable to prosecute suspect,
d806e5f1c371f1b800b309acba0c9538184335d5ce3e8b7be02626864b523e2c,2024-09,South Wales Police,South Wales Police,-3.432453,51.638810,On or near Llewellyn Street,W01001275,Rhondda Cynon Taf 013C,Violence and sexual offences,Unable to prosecute suspect,
f28c7b4c0225681b36d32e361af13ac0d29a57c0b358d60b7ceef42e87375e49,2024-09,South Wales Police,South Wales Police,-3.432133,51.641053,On or near Llanwonno Road,W01001275,Rhondda Cynon Taf 013C,Violence and sexual offences,Unable to prosecute suspect,
0320b2613defba61bf0c3c3c681df0eda80ca8393b1b2fbf9cc60bd2b06c2edd,2024-09,South Wales Police,South Wales Police,-3.431772,51.636471,On or near Baglan Street,W01001275,Rhondda Cynon Taf 013C,Violence and sexual offences,Unable to prosecute suspect,
16306c81438fd45dd41d5bf53ed8751e15d048d5f297b993a6153f58d15faf57,2024-09,South Wales Police,South Wales Police,-3.434164,51.640380,On or near Deri Close,W01001275,Rhondda Cynon Taf 013C,Violence and sexual offences,Unable to prosecute suspect,
db60592fad9b56f1a4911ee69994134ebaad0239f8ee7cd1c6f5641fbea9584b,2024-09,South Wales Police,South Wales Police,-3.431026,51.637092,On or near Dolgwilym Street,W01001275,Rhondda Cynon Taf 013C,Violence and sexual offences,Investigation complete; no suspect identified,
20f34784ff3ef1e6be26b7dc4ea886c016548bdb8cd89d48fc06217ee1819018,2024-09,South Wales Police,South Wales Police,-3.435927,51.653181,On or near Gwernllwyn Terrace,W01001276,Rhondda Cynon Taf 013D,Criminal damage and arson,Investigation complete; no suspect identified,
0cfd5015e469fa7a42b19ca2f5548732a9528097bd9505159de1db0228568eeb,2024-09,South Wales Police,South Wales Police,-3.434070,51.645624,On or near Brynhyfryd,W01001276,Rhondda Cynon Taf 013D,Criminal damage and arson,Investigation complete; no suspect identified,
a543cf9afa2b826984cae92fee8eea7fd4d31f2139aa619bd6cd2559d36f6267,2024-09,South Wales Police,South Wales Police,-3.434628,51.645914,On or near Vivian Street,W01001276,Rhondda Cynon Taf 013D,Public order,Unable to prosecute suspect,
be0e383d76572c4028e3438372a7f03a7e579bd98c13ae23aa9295bdd9869d22,2024-09,South Wales Police,South Wales Police,-3.434070,51.645624,On or near Brynhyfryd,W01001276,Rhondda Cynon Taf 013D,Violence and sexual offences,Unable to prosecute suspect,
e99529abd611eb2642f341ee7800bf63748fa33bf3c1cd5666617fffe81abcc7,2024-09,South Wales Police,South Wales Police,-3.432385,51.651336,On or near Hendrefadog Street,W01001276,Rhondda Cynon Taf 013D,Violence and sexual offences,Unable to prosecute suspect,
c7e2adc1c31b8f428933a031b1b4372c68cf46df0bad3250bbdaa7bdadf2ebff,2024-09,South Wales Police,South Wales Police,-3.434883,51.647583,On or near Cynllwyndu Road,W01001276,Rhondda Cynon Taf 013D,Violence and sexual offences,Under investigation,
0ae565950077639b2a482d98471c4cbfed0ded1f86ca538e936be6f79053ae33,2024-09,South Wales Police,South Wales Police,-3.430767,51.650888,On or near Hirwain Place,W01001276,Rhondda Cynon Taf 013D,Violence and sexual offences,Unable to prosecute suspect,
7f4867545d89eaef17d33f83836ce4248ae3d40432bc433e5ce66d709d859c1d,2024-09,South Wales Police,South Wales Police,-3.434070,51.645624,On or near Brynhyfryd,W01001276,Rhondda Cynon Taf 013D,Violence and sexual offences,Unable to prosecute suspect,
5f59c5eaf3b4d577cacb21782fe3d08adfbcd2ad3bbe9baac4ef8d102509a0c0,2024-09,South Wales Police,South Wales Police,-3.434070,51.645624,On or near Brynhyfryd,W01001276,Rhondda Cynon Taf 013D,Violence and sexual offences,Unable to prosecute suspect,
83d77a95ac1ccfae67a25c5ad6b5f7ed480a660222106655f10368c6c36791bf,2024-09,South Wales Police,South Wales Police,-3.435927,51.653181,On or near Gwernllwyn Terrace,W01001276,Rhondda Cynon Taf 013D,Violence and sexual offences,Investigation complete; no suspect identified,
a302c1ae10260932c51835e946d9bd2bb1ca54b047f2973a56b9fdb08fbc1817,2024-09,South Wales Police,South Wales Police,-3.433366,51.648968,On or near Charles Street,W01001276,Rhondda Cynon Taf 013D,Violence and sexual offences,Under investigation,
1d43ef4f9891ec37e7c9f7e126ed5bb0701267287e6b30d674bfa47dae318508,2024-09,South Wales Police,South Wales Police,-3.450626,51.628632,On or near Buckley Close,W01001260,Rhondda Cynon Taf 014C,Criminal damage and arson,Investigation complete; no suspect identified,
46b460c4209c33fda66eeaea704b67dd2245b0e557edae324c0c4268b305e7b1,2024-09,South Wales Police,South Wales Police,-3.449485,51.630922,On or near Buckley Road,W01001260,Rhondda Cynon Taf 014C,Criminal damage and arson,Investigation complete; no suspect identified,
649027d43945a424420e3f2fc05ec51a0b9e46891474b202caa136e0e60b8241,2024-09,South Wales Police,South Wales Police,-3.451930,51.623329,On or near Trealaw Road,W01001260,Rhondda Cynon Taf 014C,Criminal damage and arson,Investigation complete; no suspect identified,
1662ad889a61fa82dfc91f9e97aba3a8064a86909eb880b72a4e667daf78bb87,2024-09,South Wales Police,South Wales Police,-3.449485,51.630922,On or near Buckley Road,W01001260,Rhondda Cynon Taf 014C,Drugs,Under investigation,
c3f0a899a1f955b7ba49fba99d47bb80682e8ec9cb928229f7dcbc2447e03a5b,2024-09,South Wales Police,South Wales Police,-3.453645,51.626806,On or near Colliers Way,W01001260,Rhondda Cynon Taf 014C,Vehicle crime,Investigation complete; no suspect identified,
5808ee207d0b6d2590ad8e34620310aa5b03ed97e83f607bcff99565d86fcf97,2024-09,South Wales Police,South Wales Police,-3.451930,51.623329,On or near Trealaw Road,W01001260,Rhondda Cynon Taf 014C,Violence and sexual offences,Under investigation,
cb9d15d718ab3930100a71ed771c73bfc44b94313b6d378032f72fd51d1ab334,2024-09,South Wales Police,South Wales Police,-3.453219,51.625705,On or near Edwards Street,W01001260,Rhondda Cynon Taf 014C,Violence and sexual offences,Under investigation,
c235cc17e3ca52356cb50a8c5100b79bf66ae1439201427172be21214f9b5bbb,2024-09,South Wales Police,South Wales Police,-3.452439,51.623449,On or near Heather Close,W01001260,Rhondda Cynon Taf 014C,Violence and sexual offences,Unable to prosecute suspect,
fbd0f8d60150511ffb19ad59e39b1aa27644bee3284dd10c47276275f7e0ea5b,2024-09,South Wales Police,South Wales Police,-3.453645,51.626806,On or near Colliers Way,W01001260,Rhondda Cynon Taf 014C,Violence and sexual offences,Unable to prosecute suspect,
b4da58a6885ffb3d60ff6f4b8378c3200bbd27977981528ad378924e6e4b0885,2024-09,South Wales Police,South Wales Police,-3.450626,51.628632,On or near Buckley Close,W01001260,Rhondda Cynon Taf 014C,Violence and sexual offences,Unable to prosecute suspect,
,2024-09,South Wales Police,South Wales Police,-3.463739,51.644170,On or near Trafalgar Terrace,W01001285,Rhondda Cynon Taf 014D,Anti-social behaviour,,
,2024-09,South Wales Police,South Wales Police,-3.457778,51.643075,On or near Old Pen-Rhys Road,W01001285,Rhondda Cynon Taf 014D,Anti-social behaviour,,
1ea17e0efb039a3b99a7d37196053a892322a3ca11fffe5e8c6fa62708e42098,2024-09,South Wales Police,South Wales Police,-3.460973,51.643548,On or near Parking Area,W01001285,Rhondda Cynon Taf 014D,Public order,Unable to prosecute suspect,
51bb0f434194d72b5555e43f8ca54cd71c4a5e700367a4342c209ed6c22310f0,2024-09,South Wales Police,South Wales Police,-3.453933,51.642610,On or near Buckland Drive,W01001285,Rhondda Cynon Taf 014D,Public order,Unable to prosecute suspect,
0979014c85642938bf81979697b2a6c1f22de5697000ef37b2549705a14fe0c9,2024-09,South Wales Police,South Wales Police,-3.463280,51.642952,On or near Ffordd Seren,W01001285,Rhondda Cynon Taf 014D,Theft from the person,Investigation complete; no suspect identified,
596c8757d17b2ba2b141589c6ab90ca614bbd275e24e93ab5eebed6ffab8e5cd,2024-09,South Wales Police,South Wales Police,-3.460688,51.642796,On or near Parking Area,W01001285,Rhondda Cynon Taf 014D,Violence and sexual offences,Investigation complete; no suspect identified,
b8d58617c42b1e8eeed35c1a5c9cb27df47c773e6dd00e27286c4256222d4f7b,2024-09,South Wales Police,South Wales Police,-3.460973,51.643548,On or near Parking Area,W01001285,Rhondda Cynon Taf 014D,Violence and sexual offences,Unable to prosecute suspect,
567905ff18d9af640bb68f1b28f3703934bd98aec8ca5b8519a3e72839f98d73,2024-09,South Wales Police,South Wales Police,-3.456557,51.643746,On or near B4512,W01001285,Rhondda Cynon Taf 014D,Violence and sexual offences,Unable to prosecute suspect,
c1dd76c758f8fcef5f98a4803d23a8a0a185b250a2abca92d90376426ff5c9d2,2024-09,South Wales Police,South Wales Police,-3.478014,51.644485,On or near Tyisaf Road,W01001286,Rhondda Cynon Taf 014E,Public order,Under investigation,
00168335d8a336cc881d3eafc155fe06f09879f61049b71672fcc53c36dbf946,2024-09,South Wales Police,South Wales Police,-3.482154,51.642014,On or near King Street,W01001286,Rhondda Cynon Taf 014E,Public order,Unable to prosecute suspect,
b39072a30a173eea1657ce7bee6971e2528b95239542183f95f9ba474d427517,2024-09,South Wales Police,South Wales Police,-3.483141,51.643935,On or near Gelli Road,W01001286,Rhondda Cynon Taf 014E,Violence and sexual offences,Unable to prosecute suspect,
41e812f6a937aeaab256dcc7989776881bbd61d346f6e553836e2a7e25820638,2024-09,South Wales Police,South Wales Police,-3.483141,51.643935,On or near Gelli Road,W01001286,Rhondda Cynon Taf 014E,Violence and sexual offences,Unable to prosecute suspect,
3d8ad4d1bd442ca91bd7edb357b4eac019e716bf2938b18e6b0cdd60bfd78c7d,2024-09,South Wales Police,South Wales Police,-3.479011,51.646694,On or near Meadow Walk,W01001287,Rhondda Cynon Taf 014F,Criminal damage and arson,Unable to prosecute suspect,
91f1295f355f8fd46d83730051aad844b886aeba8037a104b68f003447cd2fd7,2024-09,South Wales Police,South Wales Police,-3.478041,51.646211,On or near Green Hill,W01001287,Rhondda Cynon Taf 014F,Public order,Under investigation,
b4566d916db725d0fda5c2f517a419b710f48f3b5a7bbcb246a6950b25fb7ad9,2024-09,South Wales Police,South Wales Police,-3.478041,51.646211,On or near Green Hill,W01001287,Rhondda Cynon Taf 014F,Public order,Under investigation,
18c01c95e92ac172b5a806302ccaa23ca1d1ea2280aeb258c973d53087a0e8f0,2024-09,South Wales Police,South Wales Police,-3.466701,51.644609,On or near Brook Street,W01001287,Rhondda Cynon Taf 014F,Robbery,Awaiting court outcome,
5c9e352c79a2f058e92170c2c44d1445a9ad07cd5880d45a7ddba664b4937a06,2024-09,South Wales Police,South Wales Police,-3.466701,51.644609,On or near Brook Street,W01001287,Rhondda Cynon Taf 014F,Violence and sexual offences,Unable to prosecute suspect,
a692b79d6491bcd05779d43e5b8dd72523ada9311859f62e168973344c1062c5,2024-09,South Wales Police,South Wales Police,-3.484268,51.640801,On or near Rock Drive,W01001287,Rhondda Cynon Taf 014F,Violence and sexual offences,Unable to prosecute suspect,
56e0292f71343a112a38a22b7fed80830da240725c27134193a41b0834671997,2024-09,South Wales Police,South Wales Police,-3.464938,51.644164,On or near Cross Street,W01001287,Rhondda Cynon Taf 014F,Violence and sexual offences,Under investigation,
3ca89025ee731d17f003ad11ceff13a9613df88923282b2e94a8408e2e7a4e4b,2024-09,South Wales Police,South Wales Police,-3.464938,51.644164,On or near Cross Street,W01001287,Rhondda Cynon Taf 014F,Violence and sexual offences,Under investigation,
0ee010cdaae79b60b5e6ba6c1c7ed175f7683012534ff2713079dba836a982af,2024-09,South Wales Police,South Wales Police,-3.466701,51.644609,On or near Brook Street,W01001287,Rhondda Cynon Taf 014F,Violence and sexual offences,Unable to prosecute suspect,
,2024-09,South Wales Police,South Wales Police,-3.468366,51.647816,On or near Heol-Y-Mynydd,W01001288,Rhondda Cynon Taf 014G,Anti-social behaviour,,
,2024-09,South Wales Police,South Wales Police,-3.468374,51.646719,On or near Bodringallt Terrace,W01001288,Rhondda Cynon Taf 014G,Anti-social behaviour,,
,2024-09,South Wales Police,South Wales Police,-3.468374,51.646719,On or near Bodringallt Terrace,W01001288,Rhondda Cynon Taf 014G,Anti-social behaviour,,
4154de7358d3e9fb1764f5c93202d003c22bb07a40abf2dec6c7fa69c93d02f3,2024-09,South Wales Police,South Wales Police,-3.462415,51.644789,On or near Vicarage Close,W01001288,Rhondda Cynon Taf 014G,Criminal damage and arson,Under investigation,
63a8a3b37a0076a02f9ce393ae66cba71f317064a1d7e95d169b7b76d49fa3ff,2024-09,South Wales Police,South Wales Police,-3.468374,51.646719,On or near Bodringallt Terrace,W01001288,Rhondda Cynon Taf 014G,Violence and sexual offences,Unable to prosecute suspect,
badfadbc71c6450d01840567750363a465c3110c801920cc2858d481d5d6a1d5,2024-09,South Wales Police,South Wales Police,-3.470301,51.645535,On or near William Street,W01001288,Rhondda Cynon Taf 014G,Violence and sexual offences,Unable to prosecute suspect,
1174a2a1d1188e9e7f8e258e712152498144527896b7808c77279dc9ecf583ef,2024-09,South Wales Police,South Wales Police,-3.469275,51.647320,On or near Sandybank Road,W01001288,Rhondda Cynon Taf 014G,Violence and sexual offences,Unable to prosecute suspect,
5c3717cb9ceb470e56aa74859abd3f9abe355878eb638a54365e8589716cdb81,2024-09,South Wales Police,South Wales Police,-3.468374,51.646719,On or near Bodringallt Terrace,W01001288,Rhondda Cynon Taf 014G,Other crime,Investigation complete; no suspect identified,
,2024-09,South Wales Police,South Wales Police,-3.454376,51.631167,On or near Supermarket,W01001963,Rhondda Cynon Taf 014H,Anti-social behaviour,,
,2024-09,South Wales Police,South Wales Police,-3.454376,51.631167,On or near Supermarket,W01001963,Rhondda Cynon Taf 014H,Anti-social behaviour,,
,2024-09,South Wales Police,South Wales Police,-3.454376,51.631167,On or near Supermarket,W01001963,Rhondda Cynon Taf 014H,Anti-social behaviour,,
,2024-09,South Wales Police,South Wales Police,-3.454376,51.631167,On or near Supermarket,W01001963,Rhondda Cynon Taf 014H,Anti-social behaviour,,
f8147bb1cad515bd36d49f77c71c24de911e410c276f7e33eba37feeec0985f5,2024-09,South Wales Police,South Wales Police,-3.449974,51.636751,On or near Hospital,W01001963,Rhondda Cynon Taf 014H,Criminal damage and arson,Investigation complete; no suspect identified,
4531ce896aa4885d310ce39fbc4747e93d5442693a674db78b0bd49159665ee5,2024-09,South Wales Police,South Wales Police,-3.454376,51.631167,On or near Supermarket,W01001963,Rhondda Cynon Taf 014H,Criminal damage and arson,Investigation complete; no suspect identified,
91b9547474f92fd0581bc7f368c5dabe59c69f9d6fa645d03cef241e07e8aee9,2024-09,South Wales Police,South Wales Police,-3.454940,51.631178,On or near Petrol Station,W01001963,Rhondda Cynon Taf 014H,Criminal damage and arson,Investigation complete; no suspect identified,
dc0d3998d0e37c1be075c5e079bffa3315b230de6bc46a8708930c1b19504983,2024-09,South Wales Police,South Wales Police,-3.452579,51.632808,On or near Petrol Station,W01001963,Rhondda Cynon Taf 014H,Other theft,Investigation complete; no suspect identified,
eb4101f29154fdd903984d8ecda4b5d6e8b10921087ed13d3b60f14aaa11a092,2024-09,South Wales Police,South Wales Police,-3.456454,51.626123,On or near Dingle Drive,W01001963,Rhondda Cynon Taf 014H,Public order,Investigation complete; no suspect identified,
305fbe9a9c416e037aea9241d70087f4bf774c7fac9cae57b88c7267d1e5b4ca,2024-09,South Wales Police,South Wales Police,-3.446488,51.634807,On or near Mountain View,W01001963,Rhondda Cynon Taf 014H,Public order,Unable to prosecute suspect,
e6e551fba6cffe50292b5e386fb6780a3cfb923c97ec9ae50b1a779742c6c61e,2024-09,South Wales Police,South Wales Police,-3.445220,51.635398,On or near Harcombe Road,W01001963,Rhondda Cynon Taf 014H,Public order,Unable to prosecute suspect,
a013b2e20ef7dc99e22bf4b9de762be6d5f937db8a055ef0caccf3a08a1b623e,2024-09,South Wales Police,South Wales Police,-3.456454,51.626123,On or near Dingle Drive,W01001963,Rhondda Cynon Taf 014H,Shoplifting,Under investigation,
202edfaf3a8193e48f77259e5f3810db787ccf836dc53a1c795d743794b95233,2024-09,South Wales Police,South Wales Police,-3.456454,51.626123,On or near Dingle Drive,W01001963,Rhondda Cynon Taf 014H,Shoplifting,Investigation complete; no suspect identified,
13ab9447ea7f77c7c0694f8c7cbec8d66aca3b36afd0622f50238d80801420f9,2024-09,South Wales Police,South Wales Police,-3.454376,51.631167,On or near Supermarket,W01001963,Rhondda Cynon Taf 014H,Shoplifting,Investigation complete; no suspect identified,
ac937db105727b36e3d6c9a4bcd315dc4f942c95369b1cf12bcee884ef77456e,2024-09,South Wales Police,South Wales Police,-3.456454,51.626123,On or near Dingle Drive,W01001963,Rhondda Cynon Taf 014H,Shoplifting,Investigation complete; no suspect identified,
b718dcf7a8730f7c7de33caa469b02758e4bab3e4fddd52cb6f932e907f5de14,2024-09,South Wales Police,South Wales Police,-3.445220,51.635398,On or near Harcombe Road,W01001963,Rhondda Cynon Taf 014H,Violence and sexual offences,Unable to prosecute suspect,
16dd79be0a6bfd693ad688c17dffa0d57aa797ea00690538a23efd2eec278f86,2024-09,South Wales Police,South Wales Police,-3.454889,51.640413,On or near Pontrhondda Avenue,W01001963,Rhondda Cynon Taf 014H,Violence and sexual offences,Investigation complete; no suspect identified,
3c93ecb3f06afe5fdfdabc84cf4bf2f89b8a8ad716416715aafa338b76d499c7,2024-09,South Wales Police,South Wales Police,-3.445220,51.635398,On or near Harcombe Road,W01001963,Rhondda Cynon Taf 014H,Violence and sexual offences,Awaiting court outcome,
13a83e856722a36cbe75dbbb14e5ca2333a70e40443d47152a189054bf66f37a,2024-09,South Wales Police,South Wales Police,-3.452782,51.639135,On or near Pontrhondda Road,W01001963,Rhondda Cynon Taf 014H,Violence and sexual offences,Awaiting court outcome,
d6f43927d6537303e04873eb7b03d5a5f9fc946fe69211e9336b17741cb1d105,2024-09,South Wales Police,South Wales Police,-3.448465,51.636545,On or near Partridge Road,W01001963,Rhondda Cynon Taf 014H,Violence and sexual offences,Unable to prosecute suspect,
a1f8eeaa5e411b90081e1a2304ff6f1c4cc12a9a5199c90954febb5089d36367,2024-09,South Wales Police,South Wales Police,-3.445220,51.635398,On or near Harcombe Road,W01001963,Rhondda Cynon Taf 014H,Violence and sexual offences,Awaiting court outcome,
ed7416f47152d0620332cc9b0f7e4cc90cc39d8b597eb09bfdab3640a6f2c1c9,2024-09,South Wales Police,South Wales Police,-3.452579,51.632808,On or near Petrol Station,W01001963,Rhondda Cynon Taf 014H,Violence and sexual offences,Unable to prosecute suspect,
072531225f82ad246658744e28c457f584b4131c909bcf4604feeab9f3bdc11f,2024-09,South Wales Police,South Wales Police,-3.454889,51.640413,On or near Pontrhondda Avenue,W01001963,Rhondda Cynon Taf 014H,Violence and sexual offences,Unable to prosecute suspect,
864b3b5e3f3d1206181826240dc3ac1e66b9e27d1714ecab49e4598aaac0e140,2024-09,South Wales Police,South Wales Police,-3.446488,51.634807,On or near Mountain View,W01001963,Rhondda Cynon Taf 014H,Violence and sexual offences,Under investigation,
,2024-09,South Wales Police,South Wales Police,-3.336048,51.621522,On or near Garth Avenue,W01001180,Rhondda Cynon Taf 015A,Anti-social behaviour,,
e5634c197cabe66d458eddcbc8b463bd98cdecb5b9f3b5f153177cd0ee437bb8,2024-09,South Wales Police,South Wales Police,-3.329195,51.617392,On or near Ynysybwl Road,W01001180,Rhondda Cynon Taf 015A,Criminal damage and arson,Investigation complete; no suspect identified,
eadcd2bd67d82484d600cc8ce054a5c36685f250ecf88f0681a5325560aafba0,2024-09,South Wales Police,South Wales Police,-3.329195,51.617392,On or near Ynysybwl Road,W01001180,Rhondda Cynon Taf 015A,Criminal damage and arson,Investigation complete; no suspect identified,
eea93a6255b8e4ee33abaecb9784d123e1a806195b96d4d93f798e48d7db4ec9,2024-09,South Wales Police,South Wales Police,-3.336048,51.621522,On or near Garth Avenue,W01001180,Rhondda Cynon Taf 015A,Public order,Unable to prosecute suspect,
6e4ccb587dec02a15ec597fe9ea6a7b36a5c958d74dc6f23f494f3345e6e80ab,2024-09,South Wales Police,South Wales Police,-3.334342,51.620004,On or near Coed-Y-Lan Road,W01001180,Rhondda Cynon Taf 015A,Public order,Unable to prosecute suspect,
1c27e1cacb4a17f14d215e177cc22b55965c0b29b257b6a5855964b55da47e64,2024-09,South Wales Police,South Wales Police,-3.336048,51.621522,On or near Garth Avenue,W01001180,Rhondda Cynon Taf 015A,Violence and sexual offences,Under investigation,
5e375c8692150487f8332667a3ac97f33e38449978ea4fcaf565e75a92c831b6,2024-09,South Wales Police,South Wales Police,-3.336048,51.621522,On or near Garth Avenue,W01001180,Rhondda Cynon Taf 015A,Violence and sexual offences,Investigation complete; no suspect identified,
02a81b1f6348eb357adc0682b96b71b600febc53e222b5a26b07e6e6e65d8df8,2024-09,South Wales Police,South Wales Police,-3.331247,51.622836,On or near Greenmeadow Close,W01001180,Rhondda Cynon Taf 015A,Violence and sexual offences,Unable to prosecute suspect,
e87c1a6396626066043b31cacdd9ca5a5f71517072a450cf029104ec4724b4dc,2024-09,South Wales Police,South Wales Police,-3.334067,51.619998,On or near Gardner Close,W01001180,Rhondda Cynon Taf 015A,Violence and sexual offences,Unable to prosecute suspect,
56c44ccd7315c8c751c3f2e18ac79254eefbdfacd3a0c28e8d580474ae435af1,2024-09,South Wales Police,South Wales Police,-3.331247,51.622836,On or near Greenmeadow Close,W01001180,Rhondda Cynon Taf 015A,Violence and sexual offences,Under investigation,
30f728a933bb53d60f543977d6fc73b35f14220a13fd39d7ecf0dff73756c3b4,2024-09,South Wales Police,South Wales Police,-3.332812,51.622530,On or near Derwendeg Avenue,W01001180,Rhondda Cynon Taf 015A,Violence and sexual offences,Unable to prosecute suspect,
7fc4736a60fffe6f600b17e7a63e583a2131fd14ac1b7f75d74f1b9da6f72e1f,2024-09,South Wales Police,South Wales Police,-3.332812,51.622530,On or near Derwendeg Avenue,W01001180,Rhondda Cynon Taf 015A,Violence and sexual offences,Awaiting court outcome,
,2024-09,South Wales Police,South Wales Police,-3.339324,51.623409,On or near Cefn Lane,W01001181,Rhondda Cynon Taf 015B,Anti-social behaviour,,
3b1c00f646f8476ca9bc87329896bb2b83f1de3f4910fa14f280cbc02aa515d6,2024-09,South Wales Police,South Wales Police,-3.334257,51.624024,On or near Grovers Close,W01001181,Rhondda Cynon Taf 015B,Burglary,Unable to prosecute suspect,
3ef28c82065c0908eee891c0cdcb43116b5fc66677f524196e20340ebcf73dc5,2024-09,South Wales Police,South Wales Police,-3.339228,51.622088,On or near Clayton Crescent,W01001181,Rhondda Cynon Taf 015B,Criminal damage and arson,Investigation complete; no suspect identified,
697749fbcead62af1c459b7d79ebe734745fd92a934c0dc37c362e015786ad01,2024-09,South Wales Police,South Wales Police,-3.339228,51.622088,On or near Clayton Crescent,W01001181,Rhondda Cynon Taf 015B,Public order,Unable to prosecute suspect,
cbae0aed5975dd6345477b7e97d5a580c90329f335e443096d41f756c8e92b53,2024-09,South Wales Police,South Wales Police,-3.337494,51.623547,On or near Cefn Lane,W01001181,Rhondda Cynon Taf 015B,Violence and sexual offences,Local resolution,
0047039e72395292a01640c8521fae6d23232185a49c613dc4a119537127f7cf,2024-09,South Wales Police,South Wales Police,-3.342054,51.621903,On or near Greenfield Avenue,W01001181,Rhondda Cynon Taf 015B,Violence and sexual offences,Unable to prosecute suspect,
530a29408351741e092b289d417ccf1b6515c46062e6d45a35414cb0b91a962f,2024-09,South Wales Police,South Wales Police,-3.338865,51.621059,On or near Orchard Drive,W01001181,Rhondda Cynon Taf 015B,Violence and sexual offences,Under investigation,
10eb5eefa6b5d2a761a5db7a0dede1e9e4e21c31c3bc06c23b0b797b2ff1d9e3,2024-09,South Wales Police,South Wales Police,-3.338865,51.621059,On or near Orchard Drive,W01001181,Rhondda Cynon Taf 015B,Violence and sexual offences,Under investigation,
01fe3e8485afd1756e278ea244a789bf892ecec4d956e90140247009b80348c9,2024-09,South Wales Police,South Wales Police,-3.339228,51.622088,On or near Clayton Crescent,W01001181,Rhondda Cynon Taf 015B,Violence and sexual offences,Under investigation,
6d3cc56d653d8edff22687e766f081a682bf3cb08e76dce30f7c4039fd789ea8,2024-09,South Wales Police,South Wales Police,-3.339324,51.623409,On or near Cefn Lane,W01001181,Rhondda Cynon Taf 015B,Violence and sexual offences,Investigation complete; no suspect identified,
,2024-09,South Wales Police,South Wales Police,-3.354576,51.628620,On or near Ffordd Gower Davies,W01001282,Rhondda Cynon Taf 015C,Anti-social behaviour,,
,2024-09,South Wales Police,South Wales Police,-3.357284,51.637554,On or near Gelli Road,W01001282,Rhondda Cynon Taf 015C,Anti-social behaviour,,
b3fadf713a6f08eab1322cfd01b00b7022c9817fdffc5032fdbcd64e7b711bd6,2024-09,South Wales Police,South Wales Police,-3.354220,51.629775,On or near New Road,W01001282,Rhondda Cynon Taf 015C,Burglary,Under investigation,
8385c5aa00c7035063007155d0310225fdb00fc844e8410edfbfd50b570afebf,2024-09,South Wales Police,South Wales Police,-3.359720,51.638317,On or near Augustus Street,W01001282,Rhondda Cynon Taf 015C,Other theft,Investigation complete; no suspect identified,
3f3bcd15e4780bc27f16ed5488dcab9d16f6fba2afae32c3df0f6e1c696430ec,2024-09,South Wales Police,South Wales Police,-3.358797,51.636934,On or near Thompson Street,W01001282,Rhondda Cynon Taf 015C,Public order,Unable to prosecute suspect,
06cdb18761f80c359d7fe06ee20f9022ef3062bbe5f501565ef643ecfeac1816,2024-09,South Wales Police,South Wales Police,-3.357284,51.637554,On or near Gelli Road,W01001282,Rhondda Cynon Taf 015C,Public order,Unable to prosecute suspect,
05bca3dd70bb02af4670fda2478894361eb9dc74395670abc77cedbb093a8c0a,2024-09,South Wales Police,South Wales Police,-3.355887,51.630916,On or near Dan Y Cribyn,W01001282,Rhondda Cynon Taf 015C,Public order,Unable to prosecute suspect,
ccbb11ce14ad01082889a13d4a06cf2bf10346446dd939786187b454f9251f82,2024-09,South Wales Police,South Wales Police,-3.355887,51.630916,On or near Dan Y Cribyn,W01001282,Rhondda Cynon Taf 015C,Public order,Unable to prosecute suspect,
6d5d8657013db22f1ab169b7d96e001cbde090bd00b8dbb284e89efcfd9671f6,2024-09,South Wales Police,South Wales Police,-3.357284,51.637554,On or near Gelli Road,W01001282,Rhondda Cynon Taf 015C,Violence and sexual offences,Unable to prosecute suspect,
d4a54ba780949aef0c485d32aeb71228b65452d3c8c34fbf71dddc0f2d9e9e0c,2024-09,South Wales Police,South Wales Police,-3.361206,51.638713,On or near Paget Street,W01001282,Rhondda Cynon Taf 015C,Violence and sexual offences,Unable to prosecute suspect,
b96e919c7a74e1ad795173178376e6d655a46769dd54bebc3f589cfe75c3bca5,2024-09,South Wales Police,South Wales Police,-3.354220,51.629775,On or near New Road,W01001282,Rhondda Cynon Taf 015C,Violence and sexual offences,Under investigation,
,2024-09,South Wales Police,South Wales Police,-3.369616,51.643966,On or near Buarth-Y-Capel,W01001283,Rhondda Cynon Taf 015D,Anti-social behaviour,,
,2024-09,South Wales Police,South Wales Police,-3.361987,51.641141,On or near Church Street,W01001283,Rhondda Cynon Taf 015D,Anti-social behaviour,,
,2024-09,South Wales Police,South Wales Police,-3.374109,51.647249,On or near Cyncoed,W01001283,Rhondda Cynon Taf 015D,Anti-social behaviour,,
,2024-09,South Wales Police,South Wales Police,-3.374109,51.647249,On or near Cyncoed,W01001283,Rhondda Cynon Taf 015D,Anti-social behaviour,,
ed151a86a24a7fa426d87923236701cfa106c4d937fe62650aba4f81032c062e,2024-09,South Wales Police,South Wales Police,-3.374109,51.647249,On or near Cyncoed,W01001283,Rhondda Cynon Taf 015D,Other theft,Under investigation,
9f5832fcc9662355239f36cd331fe7a0b5be538af395f407fb85cc48e17491b4,2024-09,South Wales Police,South Wales Police,-3.366909,51.644312,On or near Glanffrwd Terrace,W01001283,Rhondda Cynon Taf 015D,Public order,Unable to prosecute suspect,
e7653eca0054a345a078f2679cf340d03adb7d6658ef1832d3aea60ce489a999,2024-09,South Wales Police,South Wales Police,-3.368707,51.645442,On or near Old Ynysbwl Road,W01001283,Rhondda Cynon Taf 015D,Vehicle crime,Investigation complete; no suspect identified,
800d8d690837db86dc6c33eca9f9afdf605a5064ade3f750c7bc7b5a4f6f83d2,2024-09,South Wales Police,South Wales Police,-3.366909,51.644312,On or near Glanffrwd Terrace,W01001283,Rhondda Cynon Taf 015D,Violence and sexual offences,Unable to prosecute suspect,
1bd2497ef4799427316aeffd0fb90d5732c14e0a37627db19b4e9f7f93b9192d,2024-09,South Wales Police,South Wales Police,-3.363962,51.642907,On or near Tai Newydd,W01001283,Rhondda Cynon Taf 015D,Violence and sexual offences,Unable to prosecute suspect,
ce7242312addd3d420c905a7f97d54c114c234f93df0ea6faaa13c7b44884610,2024-09,South Wales Police,South Wales Police,-3.483071,51.627148,On or near Morton Terrace,W01001166,Rhondda Cynon Taf 016A,Criminal damage and arson,Investigation complete; no suspect identified,
6732bb687be7a0a186ad34634b24ed5b148d738decdae4c87db6d5d89f8e984d,2024-09,South Wales Police,South Wales Police,-3.477518,51.626993,On or near Wern Street,W01001166,Rhondda Cynon Taf 016A,Violence and sexual offences,Unable to prosecute suspect,
400dc0b7ab311e5eced0c86569def905f99f0a0e50c3a74720f28ff313751759,2024-09,South Wales Police,South Wales Police,-3.481065,51.625905,On or near Emlyn Terrace,W01001166,Rhondda Cynon Taf 016A,Other crime,Under investigation,
d3a4e0590d08a177c5034dcb58dde25614305af4239cb00c8d22a8ab322488ca,2024-09,South Wales Police,South Wales Police,-3.460520,51.624967,On or near Davies Street,W01001247,Rhondda Cynon Taf 016C,Other theft,Unable to prosecute suspect,
d4597fdb611edc862621d92e311cd6eb664337097612a84bdb709353b5d35340,2024-09,South Wales Police,South Wales Police,-3.457478,51.625607,On or near Llwynypia Road,W01001247,Rhondda Cynon Taf 016C,Public order,Unable to prosecute suspect,
0baada8c29e01c5470071a30f75f4e52a99462ed0606004f06c45a4a017ac996,2024-09,South Wales Police,South Wales Police,-3.456903,51.625237,On or near Church Street,W01001247,Rhondda Cynon Taf 016C,Violence and sexual offences,Under investigation,
,2024-09,South Wales Police,South Wales Police,-3.459671,51.622801,On or near Ardwyn Terrace,W01001248,Rhondda Cynon Taf 016D,Anti-social behaviour,,
01cfe1698259ba0f4c73a1e4dcf0e002f9fddfce6f26d15e16fa660184581923,2024-09,South Wales Police,South Wales Police,-3.457474,51.623665,On or near Parking Area,W01001248,Rhondda Cynon Taf 016D,Public order,Unable to prosecute suspect,
7affdb667af2e9393e22b95d290bfe66ac9d894f17c9b9f3587e4211bd7b6faa,2024-09,South Wales Police,South Wales Police,-3.457955,51.619307,On or near Parc Gellifaelog,W01001248,Rhondda Cynon Taf 016D,Public order,Unable to prosecute suspect,
a4d8fd90ec7cf8a772c7ccf9b564dcb70db1284f4f11fb043c2120df1d37bdf0,2024-09,South Wales Police,South Wales Police,-3.455296,51.621516,On or near Compton Road,W01001248,Rhondda Cynon Taf 016D,Public order,Unable to prosecute suspect,
ca28c3c7d1fe65800b0da70fe7bde6c77bda63c4485c0172bcdab9a51897ec19,2024-09,South Wales Police,South Wales Police,-3.455296,51.621516,On or near Compton Road,W01001248,Rhondda Cynon Taf 016D,Shoplifting,Suspect charged as part of another case,
4236fe456d62f36086321df6e19ce3d65229e9d2d1e54f734e52ee181ea52b38,2024-09,South Wales Police,South Wales Police,-3.455296,51.621516,On or near Compton Road,W01001248,Rhondda Cynon Taf 016D,Shoplifting,Suspect charged as part of another case,
30db5d756b43a20520a3c28cd7b6d238051e0baa23969ead25c9c6ed64834068,2024-09,South Wales Police,South Wales Police,-3.450824,51.619917,On or near Bridge Street,W01001248,Rhondda Cynon Taf 016D,Violence and sexual offences,Unable to prosecute suspect,
6a5d7013799abc7bc1f76a7460abdb829d69791282dffb031e34d328b33820c7,2024-09,South Wales Police,South Wales Police,-3.450824,51.619917,On or near Bridge Street,W01001248,Rhondda Cynon Taf 016D,Violence and sexual offences,Unable to prosecute suspect,
a0656e7575f01be9d0b63e749b32fd3471c8a36beb7d2731314937cc17be87d9,2024-09,South Wales Police,South Wales Police,-3.457474,51.623665,On or near Parking Area,W01001248,Rhondda Cynon Taf 016D,Violence and sexual offences,Unable to prosecute suspect,
16f747531334c3f2c87e8d4355904b23e82f948fdde5a88b1a4fc4da44893989,2024-09,South Wales Police,South Wales Police,-3.450824,51.619917,On or near Bridge Street,W01001248,Rhondda Cynon Taf 016D,Violence and sexual offences,Unable to prosecute suspect,
090b2b61ec39941a199cccfe53121e0d87fff46ccd9d250fac2675cca094cb64,2024-09,South Wales Police,South Wales Police,-3.458041,51.617930,On or near Cwrt Gelli,W01001248,Rhondda Cynon Taf 016D,Violence and sexual offences,Unable to prosecute suspect,
3c6e0595b71c475e9050ae0af53f0bcb2de56f3107537604d05665f1c3c3cee5,2024-09,South Wales Police,South Wales Police,-3.453581,51.619406,On or near Derwydd Road,W01001248,Rhondda Cynon Taf 016D,Violence and sexual offences,Offender given a caution,
fefc0382353dcb55e9d05e9e759dfa93a3078840b0c86cc8687f6cbad0107682,2024-09,South Wales Police,South Wales Police,-3.458041,51.617930,On or near Cwrt Gelli,W01001248,Rhondda Cynon Taf 016D,Violence and sexual offences,Under investigation,
,2024-09,South Wales Police,South Wales Police,-3.383168,51.607713,On or near Mount Pleasant,W01001171,Rhondda Cynon Taf 017A,Anti-social behaviour,,
adebdad6a201f40e6a0a30097e030b11486265d74a2f47feda2ba341f1c1f33d,2024-09,South Wales Police,South Wales Police,-3.380399,51.608780,On or near Bethesda Street,W01001171,Rhondda Cynon Taf 017A,Drugs,Further investigation is not in the public interest,
9221f42e9caac3555ece1cc1fd76eee194b1403d923061c59637a1855ff23c66,2024-09,South Wales Police,South Wales Police,-3.401192,51.608219,On or near Pine Walk Drive,W01001171,Rhondda Cynon Taf 017A,Vehicle crime,Investigation complete; no suspect identified,
,2024-09,South Wales Police,South Wales Police,-3.408077,51.618369,On or near Derwen Aur,W01001229,Rhondda Cynon Taf 017B,Anti-social behaviour,,
,2024-09,South Wales Police,South Wales Police,-3.409128,51.612215,On or near Nightclub,W01001229,Rhondda Cynon Taf 017B,Anti-social behaviour,,
0835709aa2aba00da9123634b2658f403c25ff2037459261304d18503e45f86d,2024-09,South Wales Police,South Wales Police,-3.408957,51.613692,On or near Porth Street,W01001229,Rhondda Cynon Taf 017B,Criminal damage and arson,Unable to prosecute suspect,
aa05465bc47e2272e34cd98770bf39ba7988348c1b21bb461e39c0af9ea64b2a,2024-09,South Wales Police,South Wales Police,-3.409128,51.612215,On or near Nightclub,W01001229,Rhondda Cynon Taf 017B,Public order,Unable to prosecute suspect,
308fe01a4c72f0dc0fb02114add5ddc2894f21438936284ec2023b2000dcea0d,2024-09,South Wales Police,South Wales Police,-3.409434,51.612760,On or near B4278,W01001229,Rhondda Cynon Taf 017B,Public order,Unable to prosecute suspect,
e089518ca8360868fa9dec3c197697e094160dbe0d053a95fd01ea34d57a4f5d,2024-09,South Wales Police,South Wales Police,-3.409434,51.612760,On or near B4278,W01001229,Rhondda Cynon Taf 017B,Shoplifting,Awaiting court outcome,
041a97334de22050a7c50bf2937febf51ee966719e7150570cc006284f04b76e,2024-09,South Wales Police,South Wales Police,-3.409434,51.612760,On or near B4278,W01001229,Rhondda Cynon Taf 017B,Shoplifting,Awaiting court outcome,
2b375cecb430387c30f71dae286d666980540cbcd4b7466951cd51712019a8f4,2024-09,South Wales Police,South Wales Police,-3.397499,51.612129,On or near Church Walk,W01001229,Rhondda Cynon Taf 017B,Vehicle crime,Investigation complete; no suspect identified,
0930d8497e635912112d574c976bf8c073a0cd7158e1b76b312b37065ea9f536,2024-09,South Wales Police,South Wales Police,-3.406525,51.614899,On or near Brynheulog Terrace,W01001229,Rhondda Cynon Taf 017B,Violence and sexual offences,Unable to prosecute suspect,
82fb3bc9961bbfe99e1fe7dc4f03519fb2b7ec51f659b99a92dfeb7aa36452f6,2024-09,South Wales Police,South Wales Police,-3.408242,51.612064,On or near Station Street,W01001229,Rhondda Cynon Taf 017B,Violence and sexual offences,Under investigation,
6155b3c5a9dffbf981d49b97d36f02a1cbce18fa8b7a918cf8545c04c7ad465c,2024-09,South Wales Police,South Wales Police,-3.416582,51.617368,On or near Penmain Street,W01001230,Rhondda Cynon Taf 017C,Other theft,Under investigation,
a5bd74b86ac67ad114276155eb6ca35128d68921f89d771903d99628b13fd5dc,2024-09,South Wales Police,South Wales Police,-3.418355,51.616771,On or near Sports/Recreation Area,W01001230,Rhondda Cynon Taf 017C,Public order,Unable to prosecute suspect,
0fbc85f0d83962dee94c81ec62194f4aea7eed2f88b6e53f65c24f40d050ca14,2024-09,South Wales Police,South Wales Police,-3.418355,51.616771,On or near Sports/Recreation Area,W01001230,Rhondda Cynon Taf 017C,Public order,Local resolution,
5cc552ab5cb9c20ae24127e121449c19ccc9a005692b37e4c71615cf11e2af93,2024-09,South Wales Police,South Wales Police,-3.418355,51.616771,On or near Sports/Recreation Area,W01001230,Rhondda Cynon Taf 017C,Violence and sexual offences,Under investigation,
7d700a866c96e581202173c4fef1ba067d229eb2050f0083127975e504552845,2024-09,South Wales Police,South Wales Police,-3.418355,51.616771,On or near Sports/Recreation Area,W01001230,Rhondda Cynon Taf 017C,Violence and sexual offences,Under investigation,
c6a2956aa810ee26aec09e2da4f3c06b3f5f928819a95cb4a3776500edbcd629,2024-09,South Wales Police,South Wales Police,-3.418355,51.616771,On or near Sports/Recreation Area,W01001230,Rhondda Cynon Taf 017C,Violence and sexual offences,Unable to prosecute suspect,
1ef7f662e3a1e5ccd2274ebc1ea4d29d42806d4017a064a00bcc31ae79b86226,2024-09,South Wales Police,South Wales Police,-3.422568,51.617098,On or near Bronheulwen,W01001230,Rhondda Cynon Taf 017C,Violence and sexual offences,Under investigation,
60345822e09dae93b5e2e8fa61c92d630302396d08592fc4042dc9beba2c16fa,2024-09,South Wales Police,South Wales Police,-3.418355,51.616771,On or near Sports/Recreation Area,W01001230,Rhondda Cynon Taf 017C,Violence and sexual offences,Unable to prosecute suspect,
d49e710d23d7fefe9b44e08b616e335ec9d5ef50fc6fad7ad18929eacd2af9d7,2024-09,South Wales Police,South Wales Police,-3.418355,51.616771,On or near Sports/Recreation Area,W01001230,Rhondda Cynon Taf 017C,Violence and sexual offences,Unable to prosecute suspect,
d38e57b2cb03b7209930d3d95fbb9e50b00f98c53c2f05d5447e3a5af3d753f5,2024-09,South Wales Police,South Wales Police,-3.418810,51.615641,On or near Cemetery Road,W01001230,Rhondda Cynon Taf 017C,Violence and sexual offences,Unable to prosecute suspect,
,2024-09,South Wales Police,South Wales Police,-3.407628,51.612287,On or near Parking Area,W01001231,Rhondda Cynon Taf 017D,Anti-social behaviour,,
,2024-09,South Wales Police,South Wales Police,-3.396924,51.612685,On or near Rhodfa Sant Luc,W01001231,Rhondda Cynon Taf 017D,Anti-social behaviour,,
,2024-09,South Wales Police,South Wales Police,-3.407628,51.612287,On or near Parking Area,W01001231,Rhondda Cynon Taf 017D,Anti-social behaviour,,
,2024-09,South Wales Police,South Wales Police,-3.407628,51.612287,On or near Parking Area,W01001231,Rhondda Cynon Taf 017D,Anti-social behaviour,,
1bf376c78517b6391cd878aa234ab503d5e710089489836ad229e84ecd6a2b48,2024-09,South Wales Police,South Wales Police,-3.396924,51.612685,On or near Rhodfa Sant Luc,W01001231,Rhondda Cynon Taf 017D,Criminal damage and arson,Unable to prosecute suspect,
e225d98e80f1f5b5f3a5458af61dec6c4cfed4ddc2bd0039e7e9c82fa87bf67e,2024-09,South Wales Police,South Wales Police,-3.404867,51.610783,On or near Parking Area,W01001231,Rhondda Cynon Taf 017D,Other theft,Unable to prosecute suspect,
5de8be716d1758d1aa8ee5362420e00de00ede688e43f4dcb49359094adda223,2024-09,South Wales Police,South Wales Police,-3.405779,51.610403,On or near Parking Area,W01001231,Rhondda Cynon Taf 017D,Other theft,Investigation complete; no suspect identified,
f4e01326491bdb780eee917cd949cda2302deec943dde7efd25eabfb4c6483cf,2024-09,South Wales Police,South Wales Police,-3.405779,51.610403,On or near Parking Area,W01001231,Rhondda Cynon Taf 017D,Possession of weapons,Investigation complete; no suspect identified,
8667a3124d040bddcca84e29570fad7c676f7e19b0792e084177cad3a8bdfb9b,2024-09,South Wales Police,South Wales Police,-3.407011,51.611458,On or near Hannah Street,W01001231,Rhondda Cynon Taf 017D,Public order,Investigation complete; no suspect identified,
7d0af4d833f66c29d9095ffe263ca98b02eb764e666e2ff6d692f08a1c4d7ec6,2024-09,South Wales Police,South Wales Police,-3.407628,51.612287,On or near Parking Area,W01001231,Rhondda Cynon Taf 017D,Public order,Investigation complete; no suspect identified,
7d691dbc7042cacb9dcdf04b59830b599a813fdaae693ee628c00b98fedabee6,2024-09,South Wales Police,South Wales Police,-3.405779,51.610403,On or near Parking Area,W01001231,Rhondda Cynon Taf 017D,Shoplifting,Investigation complete; no suspect identified,
02161cbb2bddb55a3906c904c8a8ffd95491d52e7f95ed519737444e82140c31,2024-09,South Wales Police,South Wales Police,-3.399388,51.611082,On or near Primrose Terrace,W01001231,Rhondda Cynon Taf 017D,Violence and sexual offences,Awaiting court outcome,
000caa6162f0c4f1468fe264d0d4a8768ae72bcf5e00864225dc8115df1f8586,2024-09,South Wales Police,South Wales Police,-3.396924,51.612685,On or near Rhodfa Sant Luc,W01001231,Rhondda Cynon Taf 017D,Violence and sexual offences,Unable to prosecute suspect,
8735135454d5fa61d5b2a12c082e727bf524bce5565e6f1840215dc751dc570a,2024-09,South Wales Police,South Wales Police,-3.406000,51.611929,On or near Syphon Street,W01001231,Rhondda Cynon Taf 017D,Violence and sexual offences,Unable to prosecute suspect,
27b8d4cc908ebb3eed5d849bd0b1365aa6dda82b2bcf265e2dd5b62267263670,2024-09,South Wales Police,South Wales Police,-3.391583,51.613261,On or near Lewis Terrace,W01001231,Rhondda Cynon Taf 017D,Violence and sexual offences,Unable to prosecute suspect,
bc7f0a706ef34f87c412a20a9d2caf91311d5cb2be927568491111fd4c9c4c65,2024-09,South Wales Police,South Wales Police,-3.405255,51.610265,On or near Jenkin Street,W01001231,Rhondda Cynon Taf 017D,Violence and sexual offences,Investigation complete; no suspect identified,
,2024-09,South Wales Police,South Wales Police,-3.420451,51.637184,On or near Heol Ceiriog,W01001280,Rhondda Cynon Taf 017E,Anti-social behaviour,,
,2024-09,South Wales Police,South Wales Police,-3.419603,51.636880,On or near Heol Goronwy,W01001280,Rhondda Cynon Taf 017E,Anti-social behaviour,,
afe19c8c9ef7c81bbbbd7e496e53286b5d6402bc0438005df37509885bc7978f,2024-09,South Wales Police,South Wales Police,-3.417412,51.634739,On or near Chapel Terrace,W01001280,Rhondda Cynon Taf 017E,Public order,Unable to prosecute suspect,
285ea889584772ee55b6043bd2c7a4579e09884e64ab414c3dca79e4240a0f7f,2024-09,South Wales Police,South Wales Police,-3.411908,51.625004,On or near Gynor Place,W01001280,Rhondda Cynon Taf 017E,Shoplifting,Investigation complete; no suspect identified,
398ddddf6ff7d6832774b2aab9f9ef82b2ac8bb98283f01d0b6c6135501e44d4,2024-09,South Wales Police,South Wales Police,-3.411897,51.627891,On or near Graig Road,W01001280,Rhondda Cynon Taf 017E,Violence and sexual offences,Investigation complete; no suspect identified,
6de72b06dcc04626332015ebf1c45c5ff17049ab1195f64de78e8b6ee327e425,2024-09,South Wales Police,South Wales Police,-3.420972,51.633968,On or near Aberllechau Road,W01001280,Rhondda Cynon Taf 017E,Violence and sexual offences,Unable to prosecute suspect,
69dc95724520707dbcd17b893c0ea409ce2c6042e5cf9c88b45c00f2742442c6,2024-09,South Wales Police,South Wales Police,-3.411897,51.627891,On or near Graig Road,W01001280,Rhondda Cynon Taf 017E,Violence and sexual offences,Unable to prosecute suspect,
b2024aee85c247359626305f7c43ebf2fe72356252b7bb9f4903c44f8ef52e6f,2024-09,South Wales Police,South Wales Police,-3.417412,51.634739,On or near Chapel Terrace,W01001280,Rhondda Cynon Taf 017E,Violence and sexual offences,Under investigation,
cf17f5412dff61115766581f4dfb0e674c7cf3f774c0a5ee54f0bcc2f6ac52b6,2024-09,South Wales Police,South Wales Police,-3.408709,51.629467,On or near Standard View,W01001281,Rhondda Cynon Taf 017F,Violence and sexual offences,Unable to prosecute suspect,
d68b5aee46c068ea70879982c42d916e19bb8583a4e8f678880a37b1e2a79689,2024-09,South Wales Police,South Wales Police,-3.412676,51.621812,On or near Vicarage Road,W01001281,Rhondda Cynon Taf 017F,Violence and sexual offences,Awaiting court outcome,
,2024-09,South Wales Police,South Wales Police,-3.439580,51.614255,On or near Milbourne Street,W01001217,Rhondda Cynon Taf 018A,Anti-social behaviour,,
,2024-09,South Wales Police,South Wales Police,-3.447025,51.613561,On or near Parking Area,W01001217,Rhondda Cynon Taf 018A,Anti-social behaviour,,
1fa44937ceb4caf5119e47c59f865658c061dd14a71102dde5359fab2236ad23,2024-09,South Wales Police,South Wales Police,-3.438773,51.615219,On or near Aubrey Road,W01001217,Rhondda Cynon Taf 018A,Violence and sexual offences,Unable to prosecute suspect,
b63b98b613c0e7b617723d647065e3761a19551fd14b2973f23b5917e2f3ac65,2024-09,South Wales Police,South Wales Police,-3.439580,51.614255,On or near Milbourne Street,W01001217,Rhondda Cynon Taf 018A,Violence and sexual offences,Under investigation,
8754d08fa2255b7204ea77a0d133a967aa2ea118a8fc99ebc296c585a21be991,2024-09,South Wales Police,South Wales Police,-3.437945,51.615543,On or near Twyn Gwyn Road,W01001217,Rhondda Cynon Taf 018A,Violence and sexual offences,Unable to prosecute suspect,
677df6c281262d4e7b2fec8ec064c68d4ddcea933cc2e688a73739a6e80eb50f,2024-09,South Wales Police,South Wales Police,-3.439580,51.614255,On or near Milbourne Street,W01001217,Rhondda Cynon Taf 018A,Violence and sexual offences,Unable to prosecute suspect,
87433a84230ca7943cc0043f49ac4efb15a6cb17bd56e73ac26c2555e6cdf3e4,2024-09,South Wales Police,South Wales Police,-3.438773,51.615219,On or near Aubrey Road,W01001217,Rhondda Cynon Taf 018A,Violence and sexual offences,Unable to prosecute suspect,
a707f188f80360f96b548232765383075ffb83c87dd0105ec57717ecf0b7f0c7,2024-09,South Wales Police,South Wales Police,-3.442493,51.614561,On or near Llanfair Road,W01001217,Rhondda Cynon Taf 018A,Violence and sexual offences,Unable to prosecute suspect,
88e62cdcd66aab1dc9947432a3eafe246917ae49598eea7ad4904ced2de6d1aa,2024-09,South Wales Police,South Wales Police,-3.438773,51.615219,On or near Aubrey Road,W01001217,Rhondda Cynon Taf 018A,Violence and sexual offences,Under investigation,
0a4b257a4a5d971a42417825535cf954f34a15ab823104f63a453f671aa0bd0d,2024-09,South Wales Police,South Wales Police,-3.441059,51.614426,On or near Bryn Terrace,W01001217,Rhondda Cynon Taf 018A,Violence and sexual offences,Unable to prosecute suspect,
5f9f7a0ea9626be3717d89ba19f147009a62e05ac69c8875becb149fe84367c9,2024-09,South Wales Police,South Wales Police,-3.444676,51.612799,On or near Bank Street,W01001217,Rhondda Cynon Taf 018A,Violence and sexual offences,Unable to prosecute suspect,
97ac52eec76f75cac5647e528b3f2e3611588e1f65e6a1ef31d821c2a2e6a321,2024-09,South Wales Police,South Wales Police,-3.445391,51.613042,On or near Greenfield Street,W01001217,Rhondda Cynon Taf 018A,Other crime,Unable to prosecute suspect,
,2024-09,South Wales Police,South Wales Police,-3.449102,51.617987,On or near Petrol Station,W01001218,Rhondda Cynon Taf 018B,Anti-social behaviour,,
7518a8b5b871f18c4a41e642ab135823d66c22863d220ca7144233f8a616c212,2024-09,South Wales Police,South Wales Police,-3.450073,51.617211,On or near Hughes Street,W01001218,Rhondda Cynon Taf 018B,Burglary,Under investigation,
744abc04d7e2d4c7a679c566d989b68a86b8a49830f7243949b2a39acc19b68b,2024-09,South Wales Police,South Wales Police,-3.450730,51.615602,On or near Penmaesglas Terrace,W01001218,Rhondda Cynon Taf 018B,Criminal damage and arson,Awaiting court outcome,
168e075217d7e713c8f4b13903baa37734527e9d85f3ce3fb22c4f0c01678686,2024-09,South Wales Police,South Wales Police,-3.448748,51.617308,On or near Parking Area,W01001218,Rhondda Cynon Taf 018B,Criminal damage and arson,Investigation complete; no suspect identified,
514df050d7286cc2ad3d445673d5f62f2c87d240098b8b72002eb5276a318824,2024-09,South Wales Police,South Wales Police,-3.448380,51.612574,On or near Gethin Road,W01001218,Rhondda Cynon Taf 018B,Other theft,Investigation complete; no suspect identified,
ba229224c6ed569c90de1784d6ea75efd4f838c1183d0b4aa7af5b0f90cec198,2024-09,South Wales Police,South Wales Police,-3.453631,51.614622,On or near Llewellyn Street,W01001218,Rhondda Cynon Taf 018B,Public order,Unable to prosecute suspect,
85144b615c124509554d7b3a43893cc769470eff6d08735c6bd682700db20e48,2024-09,South Wales Police,South Wales Police,-3.451341,51.614848,On or near Gilfach Road,W01001218,Rhondda Cynon Taf 018B,Public order,Unable to prosecute suspect,
47354ea2a998723f559f3724625fb2d0cacec3ee42b3e8c1a963ee2837a2ad0a,2024-09,South Wales Police,South Wales Police,-3.453631,51.614622,On or near Llewellyn Street,W01001218,Rhondda Cynon Taf 018B,Violence and sexual offences,Unable to prosecute suspect,
9538a44af21e8a9a15858da584bb142ccf7bbb8601bae0c44393a64a1744e022,2024-09,South Wales Police,South Wales Police,-3.450730,51.615602,On or near Penmaesglas Terrace,W01001218,Rhondda Cynon Taf 018B,Violence and sexual offences,Unable to prosecute suspect,
b9bf4b318a63add2171c181a8528b52ffb5c4772f551fb8b929c7e8cc61ac0c2,2024-09,South Wales Police,South Wales Police,-3.453631,51.614622,On or near Llewellyn Street,W01001218,Rhondda Cynon Taf 018B,Violence and sexual offences,Unable to prosecute suspect,
b696e070c1e6ca3be500ae932ee5f9be385d657f6d7ccf81e77f394166e0652f,2024-09,South Wales Police,South Wales Police,-3.450073,51.617211,On or near Hughes Street,W01001218,Rhondda Cynon Taf 018B,Violence and sexual offences,Unable to prosecute suspect,
fadce00c39234b2bdb6350c8b310686b5eafac26114357b524c0b2d58c13a0db,2024-09,South Wales Police,South Wales Police,-3.451341,51.614848,On or near Gilfach Road,W01001218,Rhondda Cynon Taf 018B,Violence and sexual offences,Under investigation,
dfd93a6b50d9ab123196f37cd2eeabde234ba5f76e9cc4d0aa141a8ea7a48abc,2024-09,South Wales Police,South Wales Police,-3.453631,51.614622,On or near Llewellyn Street,W01001218,Rhondda Cynon Taf 018B,Violence and sexual offences,Unable to prosecute suspect,
d5e936e553e91b2b1e76a293af5ccd5361b9d1728e8f25f2ec44b8fd877624d8,2024-09,South Wales Police,South Wales Police,-3.451860,51.616172,On or near Blaenlau Street,W01001218,Rhondda Cynon Taf 018B,Violence and sexual offences,Unable to prosecute suspect,
f256e5b2ee0947bfc9f1ec4dd2cd7a81b56e5ca7e2ececbc4a06df43ddd8eb17,2024-09,South Wales Police,South Wales Police,-3.453631,51.614622,On or near Llewellyn Street,W01001218,Rhondda Cynon Taf 018B,Other crime,Further investigation is not in the public interest,
,2024-09,South Wales Police,South Wales Police,-3.442592,51.609048,On or near Cornwall Road,W01001219,Rhondda Cynon Taf 018C,Anti-social behaviour,,
2d85253063f01d5cfe473d815b38347b7eccd8e3e4a425db3cfea4e4cca422b2,2024-09,South Wales Police,South Wales Police,-3.447458,51.609474,On or near Parking Area,W01001219,Rhondda Cynon Taf 018C,Criminal damage and arson,Unable to prosecute suspect,
dc8bfe05b46fff0bc6a597c05b96f0b9580f153d621a526a3f6fc851c0847940,2024-09,South Wales Police,South Wales Police,-3.447458,51.609474,On or near Parking Area,W01001219,Rhondda Cynon Taf 018C,Public order,Investigation complete; no suspect identified,
9e2f2d6b8ad9d3e3099977fcc6d78fe67a9bd2260cb228410309ade82b0810d4,2024-09,South Wales Police,South Wales Police,-3.451698,51.613342,On or near Penpisgah Road,W01001219,Rhondda Cynon Taf 018C,Violence and sexual offences,Investigation complete; no suspect identified,
8a364de554216e6bfbea4cfa46b47afe418f366fdd57d24f63aa494c85f0b4b1,2024-09,South Wales Police,South Wales Police,-3.452968,51.613326,On or near Thomas Street,W01001219,Rhondda Cynon Taf 018C,Violence and sexual offences,Unable to prosecute suspect,
0db7f1593e927dc59f70b280ab620261eb9bd4e93a43ad01b17d8773d394992d,2024-09,South Wales Police,South Wales Police,-3.447436,51.611497,On or near Penygraig Road,W01001219,Rhondda Cynon Taf 018C,Violence and sexual offences,Unable to prosecute suspect,
40f9d530b871ae702929e7d126f3563a240da3f6e84c11b1bf242959f8c14a75,2024-09,South Wales Police,South Wales Police,-3.452968,51.613326,On or near Thomas Street,W01001219,Rhondda Cynon Taf 018C,Violence and sexual offences,Unable to prosecute suspect,
3b67c0cbd8c96a52f9c53324c3cc75a5aa717d393a954a01b380d12b1256d518,2024-09,South Wales Police,South Wales Police,-3.442453,51.607368,On or near Parking Area,W01001219,Rhondda Cynon Taf 018C,Other crime,Unable to prosecute suspect,
,2024-09,South Wales Police,South Wales Police,-3.441211,51.607851,On or near Alfred Street,W01001220,Rhondda Cynon Taf 018D,Anti-social behaviour,,
d027954eac40b5a58745399ceca2a371e0ea8da181ed78e8fd5799b08a6af6ba,2024-09,South Wales Police,South Wales Police,-3.438951,51.605784,On or near School Street,W01001220,Rhondda Cynon Taf 018D,Drugs,Awaiting court outcome,
973d0b0b3c868c26c09354206371137bbdd1682da11a1a0303c0c646a7f96b89,2024-09,South Wales Police,South Wales Police,-3.443433,51.613228,On or near Lewis Street,W01001220,Rhondda Cynon Taf 018D,Violence and sexual offences,Awaiting court outcome,
69922ca77024ab344a91219412584ea98f8633eb8aef20e0e31b8a1f19352de0,2024-09,South Wales Police,South Wales Police,-3.445197,51.611938,On or near Amos Hill,W01001220,Rhondda Cynon Taf 018D,Violence and sexual offences,Awaiting court outcome,
c6251d6e3b0b6eb78dbd94fc2d867599fcb500a2da31b59997e21dbf7e2ad05d,2024-09,South Wales Police,South Wales Police,-3.440944,51.607603,On or near Caroline Street,W01001220,Rhondda Cynon Taf 018D,Violence and sexual offences,Investigation complete; no suspect identified,
cefb6938e68b37ca89b0c3a22b211c845b2e0ac34551abd580582f99e0ecb320,2024-09,South Wales Police,South Wales Police,-3.445120,51.611337,On or near Vale View,W01001220,Rhondda Cynon Taf 018D,Violence and sexual offences,Unable to prosecute suspect,
9238e99cbd1c164797c8d76b66287f98347883dad7a1a0dd88d0443b3bc7db21,2024-09,South Wales Police,South Wales Police,-3.443433,51.613228,On or near Lewis Street,W01001220,Rhondda Cynon Taf 018D,Violence and sexual offences,Under investigation,
5dce0a24a5b764b5a4438cbac809c59bd6b93e0003866c01cb00f13a73696189,2024-09,South Wales Police,South Wales Police,-3.439867,51.605979,On or near Gwaun Yr Ergyd,W01001220,Rhondda Cynon Taf 018D,Violence and sexual offences,Unable to prosecute suspect,
aedf6e7e7ec0c71144308a295c3013a8dd5ebfe84ad0e69803b30149c4b85f5e,2024-09,South Wales Police,South Wales Police,-3.439230,51.619619,On or near Garth Wen,W01001259,Rhondda Cynon Taf 018E,Drugs,Offender given a caution,
bf68c164351017ba2f7f09497087b40b5a486a5388dda3d64ac29e498eb28911,2024-09,South Wales Police,South Wales Police,-3.441800,51.619120,On or near Royal Terrace,W01001259,Rhondda Cynon Taf 018E,Drugs,Awaiting court outcome,
b9759a977c8b569e21afcff4582cbe8f7acd744d7cc252007011cee74e6bc123,2024-09,South Wales Police,South Wales Police,-3.439230,51.619619,On or near Garth Wen,W01001259,Rhondda Cynon Taf 018E,Other theft,Investigation complete; no suspect identified,
193b65a174e7615546af795845673be0df0c27d1ac20484fc2b8f24c2873e660,2024-09,South Wales Police,South Wales Police,-3.433301,51.618487,On or near Alaw Road,W01001259,Rhondda Cynon Taf 018E,Violence and sexual offences,Under investigation,
ca661f8601ab8cba82323f12868a480210f31e64e24941fd65dc0ad13887e879,2024-09,South Wales Police,South Wales Police,-3.433301,51.618487,On or near Alaw Road,W01001259,Rhondda Cynon Taf 018E,Violence and sexual offences,Unable to prosecute suspect,
02dcbfdc8fc59db5b31437e26b871fba422c06f469229c1b69413a9fa0b50cf8,2024-09,South Wales Police,South Wales Police,-3.439230,51.619619,On or near Garth Wen,W01001259,Rhondda Cynon Taf 018E,Violence and sexual offences,Unable to prosecute suspect,
d90e1c1ecd23d84746750954199f89bb4ae31a13c73365b32cd6c2718a429057,2024-09,South Wales Police,South Wales Police,-3.439230,51.619619,On or near Garth Wen,W01001259,Rhondda Cynon Taf 018E,Violence and sexual offences,Under investigation,
5ecca0d72e972b040eb9953227da3cb93d5250522afed1c0c2056ad9089c6859,2024-09,South Wales Police,South Wales Police,-3.439230,51.619619,On or near Garth Wen,W01001259,Rhondda Cynon Taf 018E,Violence and sexual offences,Unable to prosecute suspect,
f8276b2f33befaa47a2846f40163861560b8748a9c396803e04ac7e87c84ed62,2024-09,South Wales Police,South Wales Police,-3.439230,51.619619,On or near Garth Wen,W01001259,Rhondda Cynon Taf 018E,Violence and sexual offences,Unable to prosecute suspect,
bf9a001d740f2cab2a309df8852ef382c500f821d878d133413900f6e3a7446c,2024-09,South Wales Police,South Wales Police,-3.445287,51.619329,On or near Victoria Street,W01001261,Rhondda Cynon Taf 018F,Shoplifting,Investigation complete; no suspect identified,
bdaf4ae0292da6a1e194702b57cf2af7ff95654c41dc14708d95f0e35581b566,2024-09,South Wales Police,South Wales Police,-3.445287,51.619329,On or near Victoria Street,W01001261,Rhondda Cynon Taf 018F,Violence and sexual offences,Unable to prosecute suspect,
0db3943f47e676f75ceceba213ca021a248c1f13d025df2f4fc105ef22333fb3,2024-09,South Wales Police,South Wales Police,-3.445287,51.619329,On or near Victoria Street,W01001261,Rhondda Cynon Taf 018F,Other crime,Unable to prosecute suspect,
,2024-09,South Wales Police,South Wales Police,-3.319357,51.623294,On or near Richard Street,W01001164,Rhondda Cynon Taf 019A,Anti-social behaviour,,
,2024-09,South Wales Police,South Wales Police,-3.318878,51.625223,On or near Park Place,W01001164,Rhondda Cynon Taf 019A,Anti-social behaviour,,
f6beee30ce5f4ef1767e3f3c8909d7d09a2171a03dc52c3ab78106d255a014f5,2024-09,South Wales Police,South Wales Police,-3.318878,51.625223,On or near Park Place,W01001164,Rhondda Cynon Taf 019A,Criminal damage and arson,Local resolution,
6e0ab0736a04b0532910a6fda59824f671eaacd16c76388f4f3f969809296133,2024-09,South Wales Police,South Wales Police,-3.317076,51.621359,On or near Brynderwen Road,W01001164,Rhondda Cynon Taf 019A,Criminal damage and arson,Investigation complete; no suspect identified,
eaa72c8e904431ebf7f029da713a9d232fb7e5509b4f288a5f5165ebecb45442,2024-09,South Wales Police,South Wales Police,-3.318878,51.625223,On or near Park Place,W01001164,Rhondda Cynon Taf 019A,Possession of weapons,Further investigation is not in the public interest,
8ec65213573d045d6b345d90289e3a94a59c8bbd0caa7381ffc42a04d38d0019,2024-09,South Wales Police,South Wales Police,-3.318878,51.625223,On or near Park Place,W01001164,Rhondda Cynon Taf 019A,Violence and sexual offences,Unable to prosecute suspect,
d4b6f97d2d07d6840e06e056a491c9fc11d89a3a117c03fa1b43158d96724261,2024-09,South Wales Police,South Wales Police,-3.318878,51.625223,On or near Park Place,W01001164,Rhondda Cynon Taf 019A,Violence and sexual offences,Under investigation,
995df39503c2baac74f4efb978839ea8c5102a0d1b9a24b8bd6e3b8f9102d6a5,2024-09,South Wales Police,South Wales Police,-3.318878,51.625223,On or near Park Place,W01001164,Rhondda Cynon Taf 019A,Violence and sexual offences,Unable to prosecute suspect,
d5c13ae9d58dbfca5254a051cb23bb4290520f14a0b8b88664dacabe40aa37e8,2024-09,South Wales Police,South Wales Police,-3.318878,51.625223,On or near Park Place,W01001164,Rhondda Cynon Taf 019A,Violence and sexual offences,Unable to prosecute suspect,
eb358b1155ce494a2158d937eb903ea66cde66ebe129c02c783d17c2b9b0684a,2024-09,South Wales Police,South Wales Police,-3.318878,51.625223,On or near Park Place,W01001164,Rhondda Cynon Taf 019A,Violence and sexual offences,Local resolution,
,2024-09,South Wales Police,South Wales Police,-3.318418,51.615832,On or near Llanfabon Court,W01001165,Rhondda Cynon Taf 019B,Anti-social behaviour,,
,2024-09,South Wales Police,South Wales Police,-3.326544,51.610687,On or near Coronation Terrace,W01001165,Rhondda Cynon Taf 019B,Anti-social behaviour,,
099a4dea69eb62da1c7b29c97e806c5529839e4dcb3521f9aa9cb24ec690fbc0,2024-09,South Wales Police,South Wales Police,-3.326544,51.610687,On or near Coronation Terrace,W01001165,Rhondda Cynon Taf 019B,Criminal damage and arson,Investigation complete; no suspect identified,
bdc7ccab59da648d630ffb6033a1767de626466c111c1ac346ab3044c5613758,2024-09,South Wales Police,South Wales Police,-3.324674,51.613909,On or near Pontshonnorton Road,W01001165,Rhondda Cynon Taf 019B,Public order,Investigation complete; no suspect identified,
dd39ee721ec441a25c68ae8486e6b09fb879674f4ad5c575c69d16c9617c59c4,2024-09,South Wales Police,South Wales Police,-3.319663,51.618426,On or near Oakland Crescent,W01001165,Rhondda Cynon Taf 019B,Public order,Under investigation,
9da1074dd8eba22a7edbe996154d44077dbcdedfcf6a1bd26ddc0794cd47cbd8,2024-09,South Wales Police,South Wales Police,-3.325684,51.612405,On or near Evans Square,W01001165,Rhondda Cynon Taf 019B,Violence and sexual offences,Unable to prosecute suspect,
173183d69741c239b921c38575987aaecf54770fd1d75486ca5adc8ead301a6f,2024-09,South Wales Police,South Wales Police,-3.325684,51.612405,On or near Evans Square,W01001165,Rhondda Cynon Taf 019B,Violence and sexual offences,Under investigation,
25caa3847c2a535db1550823897fd8d45a40931e2f98ed733a49d156b42bfd23,2024-09,South Wales Police,South Wales Police,-3.325684,51.612405,On or near Evans Square,W01001165,Rhondda Cynon Taf 019B,Violence and sexual offences,Unable to prosecute suspect,
fc50d5a9188a469927421dde5a89bee62a6d9e163881f2c7e6e13777b5eeebdf,2024-09,South Wales Police,South Wales Police,-3.318418,51.615832,On or near Llanfabon Court,W01001165,Rhondda Cynon Taf 019B,Violence and sexual offences,Unable to prosecute suspect,
,2024-09,South Wales Police,South Wales Police,-3.328937,51.608547,On or near Bryn Olwg,W01001257,Rhondda Cynon Taf 019D,Anti-social behaviour,,
,2024-09,South Wales Police,South Wales Police,-3.327358,51.602954,On or near Hospital Road,W01001257,Rhondda Cynon Taf 019D,Anti-social behaviour,,
2ff79cf2aa6d3d948ebed2b00a52b38893dffbd3eaa3ac00d94f12c89ca7873e,2024-09,South Wales Police,South Wales Police,-3.327057,51.604000,On or near Pencoed Avenue,W01001257,Rhondda Cynon Taf 019D,Burglary,Investigation complete; no suspect identified,
7edd0e4c22e746af6e076161aff37eaa472f1c26f9b62aec4897f5aed566c4fe,2024-09,South Wales Police,South Wales Police,-3.327057,51.604000,On or near Pencoed Avenue,W01001257,Rhondda Cynon Taf 019D,Vehicle crime,Investigation complete; no suspect identified,
64e565dfd64be3cc073a0599cbd0f2ad9d5533dd387a7362df2bba76f0c654a6,2024-09,South Wales Police,South Wales Police,-3.329692,51.608188,On or near Fron Terrace,W01001257,Rhondda Cynon Taf 019D,Violence and sexual offences,Under investigation,
0ce188d35c06860966ad169b11037c435c3b95a40e900f67e681d56d30e63ccc,2024-09,South Wales Police,South Wales Police,-3.326344,51.608792,On or near Heatherview Road,W01001257,Rhondda Cynon Taf 019D,Violence and sexual offences,Unable to prosecute suspect,
57959dd098f041b9fa735f9bfc98686b47b8249f41c418adb31082c9e5ff66f5,2024-09,South Wales Police,South Wales Police,-3.330755,51.606017,On or near The Avenue,W01001257,Rhondda Cynon Taf 019D,Violence and sexual offences,Unable to prosecute suspect,
,2024-09,South Wales Police,South Wales Police,-3.337429,51.602192,On or near Park/Open Space,W01001258,Rhondda Cynon Taf 019E,Anti-social behaviour,,
,2024-09,South Wales Police,South Wales Police,-3.337429,51.602192,On or near Park/Open Space,W01001258,Rhondda Cynon Taf 019E,Anti-social behaviour,,
61a49aa3e72ff82c326509bfa4312235fc1b4cb33f95ba7b7353e127942bf570,2024-09,South Wales Police,South Wales Police,-3.337369,51.606536,On or near Sion Street,W01001258,Rhondda Cynon Taf 019E,Burglary,Investigation complete; no suspect identified,
6642bbdc9fa88fe34d8bfb234174e96d0513fc2380d5b0083af1582d17ffe80a,2024-09,South Wales Police,South Wales Police,-3.337369,51.606536,On or near Sion Street,W01001258,Rhondda Cynon Taf 019E,Criminal damage and arson,Investigation complete; no suspect identified,
8b7c80106bb368dcb70a74a01fa82f427d3721c1ab8e14148fe03c103d7f0d80,2024-09,South Wales Police,South Wales Police,-3.328998,51.600256,On or near Petrol Station,W01001258,Rhondda Cynon Taf 019E,Public order,Under investigation,
2dd9281ca48a388d86e800bb985bff734a0cc5d2678ec5255a56091dc8a1f422,2024-09,South Wales Police,South Wales Police,-3.335807,51.608415,On or near Central Square,W01001258,Rhondda Cynon Taf 019E,Public order,Unable to prosecute suspect,
0c2fdcd328c661e02ed3f9c5ac6312bc5d71e25918a5576b6ee1638ce84be582,2024-09,South Wales Police,South Wales Police,-3.337012,51.604705,On or near Parking Area,W01001258,Rhondda Cynon Taf 019E,Public order,Investigation complete; no suspect identified,
4ab3b314b5cfddd2247c5871fe20aac0effc2ba39a650a6c479d7be8d0e7c21a,2024-09,South Wales Police,South Wales Police,-3.328998,51.600256,On or near Petrol Station,W01001258,Rhondda Cynon Taf 019E,Shoplifting,Under investigation,
2b365224578a41cca83b8ca4f406a914d810b3d03ff0eb9883c66675bf9e5d54,2024-09,South Wales Police,South Wales Police,-3.332511,51.602859,On or near Ynysangharad Road,W01001258,Rhondda Cynon Taf 019E,Shoplifting,Investigation complete; no suspect identified,
54acf8848cc0755f16420e2c84c837667897740df80fb48cd72360504b7aa1c6,2024-09,South Wales Police,South Wales Police,-3.328998,51.600256,On or near Petrol Station,W01001258,Rhondda Cynon Taf 019E,Vehicle crime,Investigation complete; no suspect identified,
6e8e5218375ef5210d7263dc970d260fe4a916998cbe548a397a1eb51d4987f9,2024-09,South Wales Police,South Wales Police,-3.335008,51.606769,On or near Bakers Wharf,W01001258,Rhondda Cynon Taf 019E,Violence and sexual offences,Under investigation,
6969fc53d69cb4de0237f96b82979bccc4844534407b434cce3a7d1802a8fcc6,2024-09,South Wales Police,South Wales Police,-3.335807,51.608415,On or near Central Square,W01001258,Rhondda Cynon Taf 019E,Violence and sexual offences,Unable to prosecute suspect,
2d14a852c096adfb2043e30d209639782d8112511aa2e8d34adaf819f16d2174,2024-09,South Wales Police,South Wales Police,-3.337012,51.604705,On or near Parking Area,W01001258,Rhondda Cynon Taf 019E,Violence and sexual offences,Unable to prosecute suspect,
9a6d972fb9a4bc1e461d15a235abd480aa97891258f50e926d36d96733c088e8,2024-09,South Wales Police,South Wales Police,-3.336253,51.605901,On or near North Street,W01001258,Rhondda Cynon Taf 019E,Violence and sexual offences,Unable to prosecute suspect,
,2024-09,South Wales Police,South Wales Police,-3.408732,51.609226,On or near School Street,W01001172,Rhondda Cynon Taf 020A,Anti-social behaviour,,
83363d5bf8c80a4e5070b3226b2e1ee95f83139e1516a6184911133a358628fc,2024-09,South Wales Police,South Wales Police,-3.407688,51.607674,On or near Belmont Terrace,W01001172,Rhondda Cynon Taf 020A,Vehicle crime,Investigation complete; no suspect identified,
3b7be9ccb4f535c254685aeb871271afd765567c9325dd586ea340c689cd64b4,2024-09,South Wales Police,South Wales Police,-3.406537,51.606896,On or near Wyndham Street,W01001172,Rhondda Cynon Taf 020A,Vehicle crime,Investigation complete; no suspect identified,
f8cbdc520d90820d4c6201fbc355bc46a88f51996a453d70c017a9144b6fa516,2024-09,South Wales Police,South Wales Police,-3.404743,51.607700,On or near Cross Street,W01001172,Rhondda Cynon Taf 020A,Vehicle crime,Under investigation,
0d9fbbe0125eae238916947375ed9577bbd82c9cba324da044f96cce6590d48b,2024-09,South Wales Police,South Wales Police,-3.408516,51.607843,On or near Bedw Street,W01001172,Rhondda Cynon Taf 020A,Violence and sexual offences,Unable to prosecute suspect,
,2024-09,South Wales Police,South Wales Police,-3.418269,51.600137,On or near Rhiwgarn,W01001173,Rhondda Cynon Taf 020B,Anti-social behaviour,,
d0f99971e24b9bb61da15d4c553a3f91b3607ad6bc018c378b7dc597649f6a31,2024-09,South Wales Police,South Wales Police,-3.417505,51.605262,On or near Tan-Y-Bryn,W01001173,Rhondda Cynon Taf 020B,Criminal damage and arson,Investigation complete; no suspect identified,
245d5addb50fc5c7e4e1827a97ba9fa086f5d5c452cbc24cfdd7b9b1a0588412,2024-09,South Wales Police,South Wales Police,-3.420542,51.600784,On or near Pen-Y-Banc,W01001173,Rhondda Cynon Taf 020B,Theft from the person,Unable to prosecute suspect,
142a96cc05674b5809028e886d931fabfa8e29eedf656fe3ddecd14c49021884,2024-09,South Wales Police,South Wales Police,-3.423612,51.601996,On or near Trem-Y-Glyn,W01001173,Rhondda Cynon Taf 020B,Violence and sexual offences,Unable to prosecute suspect,
4657c7c5c582c124c88c619c084e65d4b8b396a0eb60ee7a75474b85cdb4c596,2024-09,South Wales Police,South Wales Police,-3.421696,51.603539,On or near Nant Gwyn,W01001173,Rhondda Cynon Taf 020B,Violence and sexual offences,Awaiting court outcome,
9c33ce47ffe77198348e59becde19e491d9fb36872ebdb89eb9f4b0959eda32c,2024-09,South Wales Police,South Wales Police,-3.418269,51.600137,On or near Rhiwgarn,W01001173,Rhondda Cynon Taf 020B,Violence and sexual offences,Unable to prosecute suspect,
4d996f3e90f1399391e46eed96fe204f09216af1a757af55355ed14355e577bc,2024-09,South Wales Police,South Wales Police,-3.421968,51.600218,On or near Trebanog Road,W01001173,Rhondda Cynon Taf 020B,Violence and sexual offences,Awaiting court outcome,
60edb219508c2436c405c294b5d33ed7df0477f240239f7edfcd11460178aa22,2024-09,South Wales Police,South Wales Police,-3.417065,51.605043,On or near Bryn Ffynon,W01001173,Rhondda Cynon Taf 020B,Violence and sexual offences,Unable to prosecute suspect,
7df2d908cc16e280f545ba4a981a41ef7baff6ae99924d77163f06dd4651138d,2024-09,South Wales Police,South Wales Police,-3.423612,51.601996,On or near Trem-Y-Glyn,W01001173,Rhondda Cynon Taf 020B,Violence and sexual offences,Unable to prosecute suspect,
95889e471fd9d2c4234ac22b28a89cbcd62731d5603277859352401516770228,2024-09,South Wales Police,South Wales Police,-3.420267,51.604474,On or near Ton Hywel,W01001173,Rhondda Cynon Taf 020B,Violence and sexual offences,Unable to prosecute suspect,
9bfc627f71bf60a73c944222a858eeb6b374c2f4f7c6aadc3bf1e903afb2f40d,2024-09,South Wales Police,South Wales Police,-3.423612,51.601996,On or near Trem-Y-Glyn,W01001173,Rhondda Cynon Taf 020B,Violence and sexual offences,Unable to prosecute suspect,
1244cb7a8bc8ad76cb6b71cf8c75a761b9ea7c2c02309fac2140646dc7d0af50,2024-09,South Wales Police,South Wales Police,-3.420042,51.600017,On or near Waun Wen,W01001173,Rhondda Cynon Taf 020B,Violence and sexual offences,Under investigation,
998eccb9ff453be97a2be02f1a990c59d22073559d3ec07d795bbe14d545d3e1,2024-09,South Wales Police,South Wales Police,-3.423612,51.601996,On or near Trem-Y-Glyn,W01001173,Rhondda Cynon Taf 020B,Violence and sexual offences,Unable to prosecute suspect,
228c819b1558230fb53782125cc5341b594e2e91265e41af9cf3e6de0aed92a8,2024-09,South Wales Police,South Wales Police,-3.420542,51.600784,On or near Pen-Y-Banc,W01001173,Rhondda Cynon Taf 020B,Violence and sexual offences,Under investigation,
97eeb2a79f5ec8a49f373b02df215a20230f91697d3a6ed4e11e960a3dd8d133,2024-09,South Wales Police,South Wales Police,-3.418444,51.604361,On or near Glan Ffrwd,W01001173,Rhondda Cynon Taf 020B,Violence and sexual offences,Unable to prosecute suspect,
2dd74c4a67261e64bff3ab48b6b5add8d022966305dafc6521ad241bdefbdd9a,2024-09,South Wales Police,South Wales Police,-3.423612,51.601996,On or near Trem-Y-Glyn,W01001173,Rhondda Cynon Taf 020B,Violence and sexual offences,Unable to prosecute suspect,
36f04b681c18ec8aa59d32cbbbd3e9b4fc1e336bf541eafb4316e79ab4538ff7,2024-09,South Wales Police,South Wales Police,-3.422281,51.596375,On or near Cwrt Y Mynydd,W01001173,Rhondda Cynon Taf 020B,Other crime,Unable to prosecute suspect,
6ca327274dd24ca735c6a7e1affc453ebb9da6b0285a07d4e901a064f69a7aee,2024-09,South Wales Police,South Wales Police,-3.415456,51.603453,On or near Heol Eurwen Davies,W01001174,Rhondda Cynon Taf 020C,Burglary,Under investigation,
84bf1e9aee33c1a3959419d578a8df9c33c5070b17b0524277028b135b3937aa,2024-09,South Wales Police,South Wales Police,-3.411740,51.606555,On or near Graigwen Road,W01001174,Rhondda Cynon Taf 020C,Public order,Under investigation,
e5d255b66ed301d1bfcaebeafcf189f383f8aa0f4f91e0570c1fcedfdcb5c119,2024-09,South Wales Police,South Wales Police,-3.411740,51.606555,On or near Graigwen Road,W01001174,Rhondda Cynon Taf 020C,Public order,Under investigation,
cee502986bbf044605920ff753fcbdbed5ed83863fa5820fbab2a1c7903e8853,2024-09,South Wales Police,South Wales Police,-3.409901,51.604994,On or near Maes Bedw,W01001174,Rhondda Cynon Taf 020C,Public order,Unable to prosecute suspect,
49cc7d92f53f329349ede7df7f7b45ca64d25425acf55aa50f0e047155672ddb,2024-09,South Wales Police,South Wales Police,-3.411563,51.607375,On or near Heol Horeb,W01001174,Rhondda Cynon Taf 020C,Violence and sexual offences,Unable to prosecute suspect,
734ec9767902626cde68c57674095d062dbba3d049a220ede9dac772da9f7263,2024-09,South Wales Police,South Wales Police,-3.415779,51.599448,On or near Llandaff Way,W01001174,Rhondda Cynon Taf 020C,Violence and sexual offences,Under investigation,
22485851010e0f592393e182481ea40cf9adb00ac083ae09136d1ce455fe2ef6,2024-09,South Wales Police,South Wales Police,-3.409901,51.604994,On or near Maes Bedw,W01001174,Rhondda Cynon Taf 020C,Violence and sexual offences,Unable to prosecute suspect,
ec9b61a54e0cbaa3b705ba17c9bbcd1908e0bd5a6cde348d95268681a58a6bb5,2024-09,South Wales Police,South Wales Police,-3.415779,51.599448,On or near Llandaff Way,W01001174,Rhondda Cynon Taf 020C,Violence and sexual offences,Unable to prosecute suspect,
076533001ab35ca7d569fc9c92973334b0d1217262af619673e53830bd6b76af,2024-09,South Wales Police,South Wales Police,-3.415779,51.599448,On or near Llandaff Way,W01001174,Rhondda Cynon Taf 020C,Violence and sexual offences,Under investigation,
8e9f033dd54c4c143494936a03a2b6ab74941f4d2adfea8814d50aa8444e0f79,2024-09,South Wales Police,South Wales Police,-3.417332,51.599726,On or near Shrewsbury Avenue,W01001174,Rhondda Cynon Taf 020C,Violence and sexual offences,Under investigation,
a26c88d53305b08d54570ef0866e7fb8282b42a299f323e54e983e1e8ca53c7e,2024-09,South Wales Police,South Wales Police,-3.409901,51.604994,On or near Maes Bedw,W01001174,Rhondda Cynon Taf 020C,Violence and sexual offences,Unable to prosecute suspect,
3916ac9a134c8b4c5460980ab97d17eccc2ca1c24e3d0c149aab535d56b13dcd,2024-09,South Wales Police,South Wales Police,-3.415779,51.599448,On or near Llandaff Way,W01001174,Rhondda Cynon Taf 020C,Violence and sexual offences,Unable to prosecute suspect,
bcbf3742bd7bd890c3c936843d0b0e564b54b2b3ac2a28c1f001077f0c79b77b,2024-09,South Wales Police,South Wales Police,-3.411292,51.604222,On or near Bryn Bedw,W01001174,Rhondda Cynon Taf 020C,Other crime,Under investigation,
6ef5794c368b71a7b82bbe31d3ae1f99a3890334e2cefac641fc3e777cb01eb3,2024-09,South Wales Police,South Wales Police,-3.416949,51.599011,On or near Henllys,W01001174,Rhondda Cynon Taf 020C,Other crime,Unable to prosecute suspect,
,2024-09,South Wales Police,South Wales Police,-3.426589,51.615421,On or near Appletree Avenue,W01001232,Rhondda Cynon Taf 020D,Anti-social behaviour,,
,2024-09,South Wales Police,South Wales Police,-3.426589,51.615421,On or near Appletree Avenue,W01001232,Rhondda Cynon Taf 020D,Anti-social behaviour,,
,2024-09,South Wales Police,South Wales Police,-3.424638,51.614923,On or near Appletree Road,W01001232,Rhondda Cynon Taf 020D,Anti-social behaviour,,
,2024-09,South Wales Police,South Wales Police,-3.426589,51.615421,On or near Appletree Avenue,W01001232,Rhondda Cynon Taf 020D,Anti-social behaviour,,
,2024-09,South Wales Police,South Wales Police,-3.426589,51.615421,On or near Appletree Avenue,W01001232,Rhondda Cynon Taf 020D,Anti-social behaviour,,
,2024-09,South Wales Police,South Wales Police,-3.426589,51.615421,On or near Appletree Avenue,W01001232,Rhondda Cynon Taf 020D,Anti-social behaviour,,
,2024-09,South Wales Police,South Wales Police,-3.426589,51.615421,On or near Appletree Avenue,W01001232,Rhondda Cynon Taf 020D,Anti-social behaviour,,
,2024-09,South Wales Police,South Wales Police,-3.426589,51.615421,On or near Appletree Avenue,W01001232,Rhondda Cynon Taf 020D,Anti-social behaviour,,
,2024-09,South Wales Police,South Wales Police,-3.424638,51.614923,On or near Appletree Road,W01001232,Rhondda Cynon Taf 020D,Anti-social behaviour,,
57c2ac517aaf204c591b9d44e7953692b9489306a5e4f6592193c1c33385016f,2024-09,South Wales Police,South Wales Police,-3.417838,51.614574,On or near Supermarket,W01001232,Rhondda Cynon Taf 020D,Criminal damage and arson,Unable to prosecute suspect,
3b610b17a3348ebd08ad4e46e014d3ac23b7856b8891f6ff9532f00ae90cbe4f,2024-09,South Wales Police,South Wales Police,-3.423231,51.614743,On or near Ashfield Close,W01001232,Rhondda Cynon Taf 020D,Drugs,Under investigation,
391484b4a3db277437fd6b5bcda3f6b627081e09e6cd3c53a69985c860e6cec9,2024-09,South Wales Police,South Wales Police,-3.428758,51.614595,On or near Graig Ddu Place,W01001232,Rhondda Cynon Taf 020D,Other theft,Investigation complete; no suspect identified,
ee0af8df6d6b4c45d93a1d6015f2d0af14300dd8b83ffef9864caeef5f2a8a25,2024-09,South Wales Police,South Wales Police,-3.415164,51.615883,On or near Grawen Street,W01001232,Rhondda Cynon Taf 020D,Public order,Unable to prosecute suspect,
deff0c794d575aca3554dc0c76d989f207e5be813296f985790de9a2a1e4f9bb,2024-09,South Wales Police,South Wales Police,-3.417838,51.614574,On or near Supermarket,W01001232,Rhondda Cynon Taf 020D,Public order,Under investigation,
c297eaa94302792687840119887bea12ed07b4666583d9d4de237bfd3903baae,2024-09,South Wales Police,South Wales Police,-3.412383,51.614244,On or near Supermarket,W01001232,Rhondda Cynon Taf 020D,Shoplifting,Investigation complete; no suspect identified,
fb40f81921e3453d8623c2448389176d3cfa9d0317ca6d99d7df862c9733ff3c,2024-09,South Wales Police,South Wales Police,-3.412383,51.614244,On or near Supermarket,W01001232,Rhondda Cynon Taf 020D,Shoplifting,Unable to prosecute suspect,
188ba01aa8b4293c25431919c8c9b0e8cb043c3a070590e9acd392a74e863264,2024-09,South Wales Police,South Wales Police,-3.426589,51.615421,On or near Appletree Avenue,W01001232,Rhondda Cynon Taf 020D,Violence and sexual offences,Unable to prosecute suspect,
675934639caf3fe9b047b07bc7bc59ff272e0f3f704a94a0bbef604ab0ff851c,2024-09,South Wales Police,South Wales Police,-3.426589,51.615421,On or near Appletree Avenue,W01001232,Rhondda Cynon Taf 020D,Violence and sexual offences,Unable to prosecute suspect,
e9fd1ed5c1d4b76e38cef6eaadc6b209d54ef8f017b3a45072275319dfbf538e,2024-09,South Wales Police,South Wales Police,-3.415084,51.613313,On or near Caemawr Gardens,W01001232,Rhondda Cynon Taf 020D,Violence and sexual offences,Awaiting court outcome,
4c54954fbec7064fc72359fe95db795b8a37417f565133e9480867c1f90e8be4,2024-09,South Wales Police,South Wales Police,-3.435053,51.616334,On or near Pen Dinas,W01001232,Rhondda Cynon Taf 020D,Violence and sexual offences,Unable to prosecute suspect,
eba4161b7b8ee676f62161c640eab14a3e8a1e499955495aba3669e1e2738bfe,2024-09,South Wales Police,South Wales Police,-3.415084,51.613313,On or near Caemawr Gardens,W01001232,Rhondda Cynon Taf 020D,Violence and sexual offences,Under investigation,
85b3fd5d09d628991edcd68312cae2c980b735757969438bd91f3caad98708e3,2024-09,South Wales Police,South Wales Police,-3.435053,51.616334,On or near Pen Dinas,W01001232,Rhondda Cynon Taf 020D,Violence and sexual offences,Investigation complete; no suspect identified,
3e6a40fd04c570cbcc75fe87c95c17387272a1cd7f2742e7b384c532c1b23351,2024-09,South Wales Police,South Wales Police,-3.412383,51.614244,On or near Supermarket,W01001232,Rhondda Cynon Taf 020D,Violence and sexual offences,Unable to prosecute suspect,
cccebe8ab423701bc96a330f902fd3235e40892950d00f59e5a9aae8267a0725,2024-09,South Wales Police,South Wales Police,-3.426589,51.615421,On or near Appletree Avenue,W01001232,Rhondda Cynon Taf 020D,Violence and sexual offences,Unable to prosecute suspect,
83f5a7edc6edb0ba3ad0c2f29b3b07ccacad22cee06b888bab3e78727dab2f47,2024-09,South Wales Police,South Wales Police,-3.415084,51.613313,On or near Caemawr Gardens,W01001232,Rhondda Cynon Taf 020D,Violence and sexual offences,Awaiting court outcome,
5b1a5aeb9dcaa325ff56569dc6afbc150474580d3f5ce614cac52719391821eb,2024-09,South Wales Police,South Wales Police,-3.423231,51.614743,On or near Ashfield Close,W01001232,Rhondda Cynon Taf 020D,Violence and sexual offences,Under investigation,
b2736a1935d303c79f19cd26d378daabea717baa3607d16475fb48f016af0301,2024-09,South Wales Police,South Wales Police,-3.415084,51.613313,On or near Caemawr Gardens,W01001232,Rhondda Cynon Taf 020D,Violence and sexual offences,Awaiting court outcome,
6093512a32bb8b626ddfa65e72b857ba3af98d74946a0d1a7f68c14f13ef5dc3,2024-09,South Wales Police,South Wales Police,-3.415084,51.613313,On or near Caemawr Gardens,W01001232,Rhondda Cynon Taf 020D,Violence and sexual offences,Awaiting court outcome,
78b17bfbddb63400e56df8ec430f322911cfcd091f9392b982ac6d3f7e505680,2024-09,South Wales Police,South Wales Police,-3.424638,51.614923,On or near Appletree Road,W01001232,Rhondda Cynon Taf 020D,Violence and sexual offences,Investigation complete; no suspect identified,
d137521bc5a226e1136e7190e4a489a76d1bf48d5451421210166615813a5335,2024-09,South Wales Police,South Wales Police,-3.415084,51.613313,On or near Caemawr Gardens,W01001232,Rhondda Cynon Taf 020D,Violence and sexual offences,Awaiting court outcome,
3696e966053d1ed2bf64a3dd90426632bba90ff2d7bc215ca6ccd5c570d34a68,2024-09,South Wales Police,South Wales Police,-3.435053,51.616334,On or near Pen Dinas,W01001232,Rhondda Cynon Taf 020D,Violence and sexual offences,Unable to prosecute suspect,
c8ff1fcf832d9262339de57559f60fafda04bf322c130081e7e9f0c80426bd3d,2024-09,South Wales Police,South Wales Police,-3.415084,51.613313,On or near Caemawr Gardens,W01001232,Rhondda Cynon Taf 020D,Violence and sexual offences,Awaiting court outcome,
0687fda58cdafb9842648fc811d13214a3bd9d051bb0b8f90c953af4fb1f4524,2024-09,South Wales Police,South Wales Police,-3.415084,51.613313,On or near Caemawr Gardens,W01001232,Rhondda Cynon Taf 020D,Violence and sexual offences,Awaiting court outcome,
d681d39d384f138be6c781c5a37ebfa709a7aef6bfe2c15f590605e44e4e1a58,2024-09,South Wales Police,South Wales Police,-3.415164,51.615883,On or near Grawen Street,W01001232,Rhondda Cynon Taf 020D,Violence and sexual offences,Unable to prosecute suspect,
c7a6c134de489cc33cf15e56fea66a7f6608a5fb5a6feb04a89e7194a0328bb0,2024-09,South Wales Police,South Wales Police,-3.415084,51.613313,On or near Caemawr Gardens,W01001232,Rhondda Cynon Taf 020D,Violence and sexual offences,Formal action is not in the public interest,
9fb0e57dfa1a3939a917f060c9c3c047d934c0c822ffe598217642a72454b490,2024-09,South Wales Police,South Wales Police,-3.426589,51.615421,On or near Appletree Avenue,W01001232,Rhondda Cynon Taf 020D,Violence and sexual offences,Unable to prosecute suspect,
da9e5ecfa2bf3740815da6c4fedf16bf0971084268aac8d85a53270950c08c6b,2024-09,South Wales Police,South Wales Police,-3.432467,51.614954,On or near Graigddu Road,W01001232,Rhondda Cynon Taf 020D,Violence and sexual offences,Under investigation,
d88d5fbc7358b19bbf645e2673ce381393d7e36881b2a8baedc43069eef91d8c,2024-09,South Wales Police,South Wales Police,-3.415084,51.613313,On or near Caemawr Gardens,W01001232,Rhondda Cynon Taf 020D,Violence and sexual offences,Awaiting court outcome,
,2024-09,South Wales Police,South Wales Police,-3.348828,51.606773,On or near Graigwen Road,W01001227,Rhondda Cynon Taf 021C,Anti-social behaviour,,
3dad28ce6c6e9b5c229c8fa519566067011d6a4c1314855d9b52396dd01c04f1,2024-09,South Wales Police,South Wales Police,-3.348828,51.606773,On or near Graigwen Road,W01001227,Rhondda Cynon Taf 021C,Drugs,Formal action is not in the public interest,
b1ae67f98c2c38a60bdbeb78f360dcbf627dc8f7d1e29efe1542ce5ecde1f613,2024-09,South Wales Police,South Wales Police,-3.344425,51.609746,On or near Pen-Y-Darren Close,W01001227,Rhondda Cynon Taf 021C,Public order,Under investigation,
9cc5723589e2c8c43dfdba1039b3a256491616f5b71e8bbe49a38e01dee3d4a4,2024-09,South Wales Police,South Wales Police,-3.352022,51.609281,On or near Maes-Y-Deri,W01001227,Rhondda Cynon Taf 021C,Vehicle crime,Investigation complete; no suspect identified,
,2024-09,South Wales Police,South Wales Police,-3.340131,51.604220,On or near Crossbrook Street,W01001228,Rhondda Cynon Taf 021D,Anti-social behaviour,,
,2024-09,South Wales Police,South Wales Police,-3.340649,51.607101,On or near Cwrt Coed-Y-Lan,W01001228,Rhondda Cynon Taf 021D,Anti-social behaviour,,
,2024-09,South Wales Police,South Wales Police,-3.339567,51.603184,On or near Parking Area,W01001228,Rhondda Cynon Taf 021D,Anti-social behaviour,,
,2024-09,South Wales Police,South Wales Police,-3.339283,51.605387,On or near Police Station,W01001228,Rhondda Cynon Taf 021D,Anti-social behaviour,,
,2024-09,South Wales Police,South Wales Police,-3.340131,51.604220,On or near Crossbrook Street,W01001228,Rhondda Cynon Taf 021D,Anti-social behaviour,,
,2024-09,South Wales Police,South Wales Police,-3.348337,51.607750,On or near Whiterock Drive,W01001228,Rhondda Cynon Taf 021D,Anti-social behaviour,,
,2024-09,South Wales Police,South Wales Police,-3.348337,51.607750,On or near Whiterock Drive,W01001228,Rhondda Cynon Taf 021D,Anti-social behaviour,,
,2024-09,South Wales Police,South Wales Police,-3.341252,51.602058,On or near Church Street,W01001228,Rhondda Cynon Taf 021D,Anti-social behaviour,,
,2024-09,South Wales Police,South Wales Police,-3.340649,51.607101,On or near Cwrt Coed-Y-Lan,W01001228,Rhondda Cynon Taf 021D,Anti-social behaviour,,
,2024-09,South Wales Police,South Wales Police,-3.340649,51.607101,On or near Cwrt Coed-Y-Lan,W01001228,Rhondda Cynon Taf 021D,Anti-social behaviour,,
,2024-09,South Wales Police,South Wales Police,-3.340292,51.602816,On or near Taff Street,W01001228,Rhondda Cynon Taf 021D,Anti-social behaviour,,
,2024-09,South Wales Police,South Wales Police,-3.341225,51.607013,On or near Lôn Yr Hen Ysgol,W01001228,Rhondda Cynon Taf 021D,Anti-social behaviour,,
da13a9703661e910240bc4bd081cae952420e0df155d653c8a847e1bb7f8c3ac,2024-09,South Wales Police,South Wales Police,-3.340292,51.602816,On or near Taff Street,W01001228,Rhondda Cynon Taf 021D,Burglary,Investigation complete; no suspect identified,
8d83c0593b1e470d26c8901345c01b1ba816d30d27dcb0375d6fd3ffed990ef0,2024-09,South Wales Police,South Wales Police,-3.335325,51.610686,On or near Graigyrhesg Place,W01001228,Rhondda Cynon Taf 021D,Criminal damage and arson,Investigation complete; no suspect identified,
f7e8fac579a4355b9d1eb608cd6b0051a6dcdc83c62e594fd7e60bf381e2e9a4,2024-09,South Wales Police,South Wales Police,-3.340131,51.604220,On or near Crossbrook Street,W01001228,Rhondda Cynon Taf 021D,Drugs,Under investigation,
fc5658c3e7e0e8d111bf69c49c5d703d7e8aa7af37dcc279ba0fda8fad13feea,2024-09,South Wales Police,South Wales Police,-3.343100,51.604987,On or near Tyfica Road,W01001228,Rhondda Cynon Taf 021D,Drugs,Local resolution,
5b3d6594b872ecd2897e36d5a927ce6ef0c2ef0eb67e69c69638cde1200d649e,2024-09,South Wales Police,South Wales Police,-3.340292,51.602816,On or near Taff Street,W01001228,Rhondda Cynon Taf 021D,Drugs,Under investigation,
395ce192f037836fa0a8500851b17ce4f884251b8cfc5634088b683e97a42a1c,2024-09,South Wales Police,South Wales Police,-3.341252,51.602058,On or near Church Street,W01001228,Rhondda Cynon Taf 021D,Other theft,Investigation complete; no suspect identified,
40ccfbc24b2b3c3166c206087fbd5a7507c5c3cb6f54471c5e7f92e90d05fc30,2024-09,South Wales Police,South Wales Police,-3.336712,51.609717,On or near Lewis Terrace,W01001228,Rhondda Cynon Taf 021D,Public order,Unable to prosecute suspect,
43615499744ab6ce00dfdde80d228ed6afeaaebe267eb470e7fa7487c229ae94,2024-09,South Wales Police,South Wales Police,-3.335325,51.610686,On or near Graigyrhesg Place,W01001228,Rhondda Cynon Taf 021D,Public order,Unable to prosecute suspect,
69967053670a19054dd2fdee1015bb7104b60e2b64032392df8a52b516df688e,2024-09,South Wales Police,South Wales Police,-3.339283,51.605387,On or near Police Station,W01001228,Rhondda Cynon Taf 021D,Public order,Unable to prosecute suspect,
fab22d5bf6a565b3059afdf2c2ea173dc78e30d0c0978a3c7fd093015b270688,2024-09,South Wales Police,South Wales Police,-3.340131,51.604220,On or near Crossbrook Street,W01001228,Rhondda Cynon Taf 021D,Public order,Investigation complete; no suspect identified,
c7019965326a908377eaaf0a3171e9b78b00a434ebfb60755accd9c1ad5dc6f3,2024-09,South Wales Police,South Wales Police,-3.341252,51.602058,On or near Church Street,W01001228,Rhondda Cynon Taf 021D,Public order,Unable to prosecute suspect,
6945e4c39fed24ab185d83084faca97aee8ad1cd4c6d46e2713888ba248b89f7,2024-09,South Wales Police,South Wales Police,-3.340487,51.601105,On or near Shopping Area,W01001228,Rhondda Cynon Taf 021D,Shoplifting,Investigation complete; no suspect identified,
ca1fc6d7235b56ed0e6dd61a6fe4d43043694ff5409860fc8ad96a240b5b33e2,2024-09,South Wales Police,South Wales Police,-3.340487,51.601105,On or near Shopping Area,W01001228,Rhondda Cynon Taf 021D,Shoplifting,Unable to prosecute suspect,
a15b1dac98e702ccc884e438c4348828c74c7b31e3e22e250967bcca15011b3d,2024-09,South Wales Police,South Wales Police,-3.340487,51.601105,On or near Shopping Area,W01001228,Rhondda Cynon Taf 021D,Shoplifting,Unable to prosecute suspect,
2259d675a45d52bf640fd371fffdb5137126928b4b858e60f30d82381c7d7e82,2024-09,South Wales Police,South Wales Police,-3.340292,51.602816,On or near Taff Street,W01001228,Rhondda Cynon Taf 021D,Shoplifting,Under investigation,
df6ccdb7f1d9c72c8bf776b2dd841fc6628ff6f0e8d697209bc36bc37494598a,2024-09,South Wales Police,South Wales Police,-3.340487,51.601105,On or near Shopping Area,W01001228,Rhondda Cynon Taf 021D,Shoplifting,Investigation complete; no suspect identified,
45f8c38bedd329250f3c17609ce3f1ce1dfbb3aeda5f8a3d900131a9f031ced4,2024-09,South Wales Police,South Wales Police,-3.340487,51.601105,On or near Shopping Area,W01001228,Rhondda Cynon Taf 021D,Shoplifting,Awaiting court outcome,
f3f03212da78ba278e548c7b28ecb188e94d69255df209bba4f11459ba6e7b2d,2024-09,South Wales Police,South Wales Police,-3.341252,51.602058,On or near Church Street,W01001228,Rhondda Cynon Taf 021D,Shoplifting,Under investigation,
ad21a5ca102a5e557b0b569d7e5f121ebf89141a96b6255c500fa06a018fef4c,2024-09,South Wales Police,South Wales Police,-3.340131,51.604220,On or near Crossbrook Street,W01001228,Rhondda Cynon Taf 021D,Shoplifting,Under investigation,
ec061f3b09781add63463a4b850c69c0cc9e4db7f00e96164b73ef36958f8fd2,2024-09,South Wales Police,South Wales Police,-3.341225,51.607013,On or near Lôn Yr Hen Ysgol,W01001228,Rhondda Cynon Taf 021D,Violence and sexual offences,Unable to prosecute suspect,
49b27c6fcb7f36159613bb0069494d79305b72fc2aa966313afe5ecde2d00d61,2024-09,South Wales Police,South Wales Police,-3.341252,51.602058,On or near Church Street,W01001228,Rhondda Cynon Taf 021D,Violence and sexual offences,Unable to prosecute suspect,
5f12a9d6e9739debbe3aa7f99fbc8f1b84d6a753d5bd7217017233de3e070157,2024-09,South Wales Police,South Wales Police,-3.339283,51.605387,On or near Police Station,W01001228,Rhondda Cynon Taf 021D,Violence and sexual offences,Unable to prosecute suspect,
974c692e723524bb5d18885bc5cc73aa31fd7f3b41b4d61a0804e14026d1edcc,2024-09,South Wales Police,South Wales Police,-3.340487,51.601105,On or near Shopping Area,W01001228,Rhondda Cynon Taf 021D,Violence and sexual offences,Unable to prosecute suspect,
18c4d6eb676e256811d8b006ab964fe3107294333239db17bec061173f4b012c,2024-09,South Wales Police,South Wales Police,-3.339283,51.605387,On or near Police Station,W01001228,Rhondda Cynon Taf 021D,Violence and sexual offences,Unable to prosecute suspect,
a786351da65ff6fa2b78e6167cbacbcca0e72d73698913dc5b55f4c7d5c44f6f,2024-09,South Wales Police,South Wales Police,-3.340487,51.601105,On or near Shopping Area,W01001228,Rhondda Cynon Taf 021D,Violence and sexual offences,Awaiting court outcome,
aceedd74b00045d9e630bc0d97482fa3cad57285873ff8432bb990f76ae3c7ea,2024-09,South Wales Police,South Wales Police,-3.338588,51.606720,On or near Ynys-Gyfeillon Road,W01001228,Rhondda Cynon Taf 021D,Violence and sexual offences,Unable to prosecute suspect,
d857b6fca053d63b63e00cad0e15600e9a4f8e8bc84c954cc8c93a61940d1d30,2024-09,South Wales Police,South Wales Police,-3.340649,51.607101,On or near Cwrt Coed-Y-Lan,W01001228,Rhondda Cynon Taf 021D,Violence and sexual offences,Unable to prosecute suspect,
a3096eda29ba4010fe4146dfe94849097660842f3f141b762cc4cd278d9e7e8b,2024-09,South Wales Police,South Wales Police,-3.339283,51.605387,On or near Police Station,W01001228,Rhondda Cynon Taf 021D,Violence and sexual offences,Unable to prosecute suspect,
d9bd12dd5cb4081a47eb7b4ce6ecbf3ca2ac6c4a4db38bdc619e2004c6e7d1ee,2024-09,South Wales Police,South Wales Police,-3.340487,51.601105,On or near Shopping Area,W01001228,Rhondda Cynon Taf 021D,Violence and sexual offences,Unable to prosecute suspect,
ad9a8394b16c93439a69c023936647bf5c5edebea3c77be72ab91699f1e86a95,2024-09,South Wales Police,South Wales Police,-3.350840,51.593811,On or near Sports/Recreation Area,W01001234,Rhondda Cynon Taf 021E,Violence and sexual offences,Under investigation,
b1365a15a3b22313e9735a8e4a508f9fa13f31759103618afae06615219642ce,2024-09,South Wales Police,South Wales Police,-3.376156,51.608902,On or near Afon Street,W01001234,Rhondda Cynon Taf 021E,Violence and sexual offences,Unable to prosecute suspect,
acb6ede968f3c1df74bfc70f5e4fe6bd81ba092fd4f1c3037d72e1d9b9b52cd5,2024-09,South Wales Police,South Wales Police,-3.379217,51.608857,On or near Clos Y Glowyr,W01001234,Rhondda Cynon Taf 021E,Violence and sexual offences,Under investigation,
7d7b0354f0af6851b57b631d9f66ba05367af29ea9bd12f33f0219414bc6f3b0,2024-09,South Wales Police,South Wales Police,-3.379217,51.608857,On or near Clos Y Glowyr,W01001234,Rhondda Cynon Taf 021E,Violence and sexual offences,Under investigation,
41899454f845636b12d749b3c56da14dfa4ccc8549c982328d58454547c77387,2024-09,South Wales Police,South Wales Police,-3.360461,51.608500,On or near Tymawr Road,W01001234,Rhondda Cynon Taf 021E,Violence and sexual offences,Unable to prosecute suspect,
a5e63d75d0bf9c615a890af632846c3a8afb179bcc50f59408c0204731e3d94a,2024-09,South Wales Police,South Wales Police,-3.353261,51.599960,On or near Coed Isaf Road,W01001234,Rhondda Cynon Taf 021E,Violence and sexual offences,Unable to prosecute suspect,
e9015172f9f6e2b046deaeac14ad8a3f8adc75952dad4becc1c268719f1a592a,2024-09,South Wales Police,South Wales Police,-3.353261,51.599960,On or near Coed Isaf Road,W01001234,Rhondda Cynon Taf 021E,Violence and sexual offences,Unable to prosecute suspect,
f039e599e4ba70f87e7a97c7f9c1e2481c8376bf3a6c902f06e2380c0d285bf0,2024-09,South Wales Police,South Wales Police,-3.353261,51.599960,On or near Coed Isaf Road,W01001234,Rhondda Cynon Taf 021E,Violence and sexual offences,Under investigation,
50965ee6e0a3c32de4ff60fef4d24a0c2bf7b59ca81b848215af12f3cd2dae3e,2024-09,South Wales Police,South Wales Police,-3.358996,51.606836,On or near Margaret Street,W01001235,Rhondda Cynon Taf 021F,Violence and sexual offences,Local resolution,
f01eb7648415b6644c7975564c9baae671e0a2491375212313a57f5da130cf16,2024-09,South Wales Police,South Wales Police,-3.356259,51.605114,On or near Plymouth Road,W01001235,Rhondda Cynon Taf 021F,Violence and sexual offences,Unable to prosecute suspect,
fe0c839696d8b6c5e21d16c976dc63d82ad0c4caee80b124a192515e8f60da8a,2024-09,South Wales Police,South Wales Police,-3.356053,51.604505,On or near Parking Area,W01001235,Rhondda Cynon Taf 021F,Violence and sexual offences,Unable to prosecute suspect,
,2024-09,South Wales Police,South Wales Police,-3.343616,51.601932,On or near Mill Street,W01001236,Rhondda Cynon Taf 021G,Anti-social behaviour,,
,2024-09,South Wales Police,South Wales Police,-3.353162,51.603927,On or near Trem Yr Afon,W01001236,Rhondda Cynon Taf 021G,Anti-social behaviour,,
d0de36d4f23b111e8043f9c2f4238161e63d0c9282611a6dab0a3e9e57b1733b,2024-09,South Wales Police,South Wales Police,-3.345641,51.601064,On or near Supermarket,W01001236,Rhondda Cynon Taf 021G,Public order,Investigation complete; no suspect identified,
5c9ad9f9ed130cec670bc305b10e508e793f30efe1584b8ed5817332b1d2253c,2024-09,South Wales Police,South Wales Police,-3.352338,51.601940,On or near Quarry Road,W01001236,Rhondda Cynon Taf 021G,Public order,Unable to prosecute suspect,
23627bb22176a365806722e41442ef7f66bf68b0e4b9af6baf5fa18025acf12e,2024-09,South Wales Police,South Wales Police,-3.345641,51.601064,On or near Supermarket,W01001236,Rhondda Cynon Taf 021G,Public order,Unable to prosecute suspect,
b286173fd78af938dd50c0f881d7b90c88b9e43365ffb449995f81f5b9e10253,2024-09,South Wales Police,South Wales Police,-3.352338,51.601940,On or near Quarry Road,W01001236,Rhondda Cynon Taf 021G,Public order,Unable to prosecute suspect,
793c6c53e4c76ac91081bf1dd95ac29655016e0734d5eb33d1ef1892a78cbdc0,2024-09,South Wales Police,South Wales Police,-3.345641,51.601064,On or near Supermarket,W01001236,Rhondda Cynon Taf 021G,Shoplifting,Under investigation,
fb152313dcf8ea1a4de71bdf5c406bc5dcce2153eefe691e83d46fe13d5a49e6,2024-09,South Wales Police,South Wales Police,-3.352338,51.601940,On or near Quarry Road,W01001236,Rhondda Cynon Taf 021G,Vehicle crime,Investigation complete; no suspect identified,
,2024-09,South Wales Police,South Wales Police,-3.344010,51.599149,On or near Llys Graig Y Wion,W01001964,Rhondda Cynon Taf 021H,Anti-social behaviour,,
47701ac1f37a595d431ab64389b3942288e0fba7e549e644447e06a4fd3e0a87,2024-09,South Wales Police,South Wales Police,-3.339021,51.598379,On or near Rickards Street,W01001964,Rhondda Cynon Taf 021H,Burglary,Investigation complete; no suspect identified,
e5c5fc450af07cd8529df8d4d43c70787a32a81a0a99b9db1033a8bd01daf9a6,2024-09,South Wales Police,South Wales Police,-3.347213,51.594662,On or near Llantrisant Road,W01001964,Rhondda Cynon Taf 021H,Burglary,Investigation complete; no suspect identified,
c1397cf2749d1b40973ffab294b5958da983701670126792e031261ff0abf4b5,2024-09,South Wales Police,South Wales Police,-3.340541,51.599495,On or near Nightclub,W01001964,Rhondda Cynon Taf 021H,Drugs,Awaiting court outcome,
3ec9d64ebb701fd9a63bad4c020bf9f33352f992cb493ead9a46eb813a11a60d,2024-09,South Wales Police,South Wales Police,-3.341376,51.598937,On or near Taff Vale Street,W01001964,Rhondda Cynon Taf 021H,Other theft,Under investigation,
369968010a0ef9d90759d124eb3becdc34d1dbac7126a85e37d63f5a8898215b,2024-09,South Wales Police,South Wales Police,-3.340541,51.599495,On or near Nightclub,W01001964,Rhondda Cynon Taf 021H,Other theft,Under investigation,
d842e2525d4bee6f6f4403010a3d1d8cdf4cdf6ccc46d99400b5362d3a84d154,2024-09,South Wales Police,South Wales Police,-3.348407,51.594046,On or near Penrhiw Road,W01001964,Rhondda Cynon Taf 021H,Other theft,Investigation complete; no suspect identified,
b6105307574762c97da38590efbf1287cd8e2d856fedd5c99341b0c8f7bd3eca,2024-09,South Wales Police,South Wales Police,-3.343629,51.599424,On or near Grongaer Terrace,W01001964,Rhondda Cynon Taf 021H,Possession of weapons,Under investigation,
3090236807555aeeadd343c63978479141f28956865270992d20519b1816fe3b,2024-09,South Wales Police,South Wales Police,-3.341376,51.598937,On or near Taff Vale Street,W01001964,Rhondda Cynon Taf 021H,Public order,Unable to prosecute suspect,
ed97472caa548566d19453291ac6eae14cf0c92ca5dd905ce2d7a3e5d670efef,2024-09,South Wales Police,South Wales Police,-3.344010,51.599149,On or near Llys Graig Y Wion,W01001964,Rhondda Cynon Taf 021H,Public order,Awaiting court outcome,
32b59c5af2be33bc8f123a3014fd033f6a4a6f83ebc50f4cb83ee6a0abf37d76,2024-09,South Wales Police,South Wales Police,-3.348407,51.594046,On or near Penrhiw Road,W01001964,Rhondda Cynon Taf 021H,Public order,Unable to prosecute suspect,
2f3c79cafca97e9f9a82971458aff792dfc5ba6f03db004617a3959ba59ca758,2024-09,South Wales Police,South Wales Police,-3.357485,51.583780,On or near Park/Open Space,W01001964,Rhondda Cynon Taf 021H,Violence and sexual offences,Further investigation is not in the public interest,
e04c249b6abdd2f7ec30d5bd0a2f5d8ed76fa7ac1e32c2e50dbbf830021463c0,2024-09,South Wales Police,South Wales Police,-3.344010,51.599149,On or near Llys Graig Y Wion,W01001964,Rhondda Cynon Taf 021H,Violence and sexual offences,Under investigation,
bd8888342354e910191d7f03d432838ff8f26060628fb7da7338c23283e61e00,2024-09,South Wales Police,South Wales Police,-3.345314,51.596374,On or near Leyshon Street,W01001964,Rhondda Cynon Taf 021H,Violence and sexual offences,Under investigation,
6d3f14030250d9f218a0ff73769b654a2cb8980c09444e5118687cb28c4e6387,2024-09,South Wales Police,South Wales Police,-3.340541,51.599495,On or near Nightclub,W01001964,Rhondda Cynon Taf 021H,Violence and sexual offences,Unable to prosecute suspect,
fc90c39c507233af8c555acbfb0e092b22cc8c39faba466cd6327a69b4dab8d3,2024-09,South Wales Police,South Wales Police,-3.345314,51.596374,On or near Leyshon Street,W01001964,Rhondda Cynon Taf 021H,Violence and sexual offences,Awaiting court outcome,
0cbb1533ce029c3b74744a990bff7c601a89798a1bb22f7b56c94c864cbc70ae,2024-09,South Wales Police,South Wales Police,-3.342489,51.598466,On or near High Street,W01001964,Rhondda Cynon Taf 021H,Violence and sexual offences,Unable to prosecute suspect,
4bd682082cd04bed923f98e6af7fb4b5af479a73866848062e96689e185e3452,2024-09,South Wales Police,South Wales Police,-3.345314,51.596374,On or near Leyshon Street,W01001964,Rhondda Cynon Taf 021H,Violence and sexual offences,Awaiting court outcome,
446b807168291101773c3e41c27ae3951f85d2186cdad43229b8830a30be044d,2024-09,South Wales Police,South Wales Police,-3.340541,51.599495,On or near Nightclub,W01001964,Rhondda Cynon Taf 021H,Violence and sexual offences,Investigation complete; no suspect identified,
1e609372a1893967e09b2ae4c558b566c0dafd7bfba4a02f08d591821ddd2c42,2024-09,South Wales Police,South Wales Police,-3.340541,51.599495,On or near Nightclub,W01001964,Rhondda Cynon Taf 021H,Violence and sexual offences,Unable to prosecute suspect,
aa0a7119d3c07e39589b8061574159092a324acefc2498da1fdd66c0eea2db0e,2024-09,South Wales Police,South Wales Police,-3.342489,51.598466,On or near High Street,W01001964,Rhondda Cynon Taf 021H,Violence and sexual offences,Unable to prosecute suspect,
1a2fb91133dc7f4c39286a0657cc11605505df67ac0895f1e598712e5b313d2a,2024-09,South Wales Police,South Wales Police,-3.357485,51.583780,On or near Park/Open Space,W01001964,Rhondda Cynon Taf 021H,Violence and sexual offences,Unable to prosecute suspect,
c7a6c77c5654d1b77eb4616ecaac4dc45dee614e469aea231f80fb17b80a8847,2024-09,South Wales Police,South Wales Police,-3.345314,51.596374,On or near Leyshon Street,W01001964,Rhondda Cynon Taf 021H,Other crime,Awaiting court outcome,
,2024-09,South Wales Police,South Wales Police,-3.315994,51.587966,On or near Ynys Close,W01001185,Rhondda Cynon Taf 022A,Anti-social behaviour,,
,2024-09,South Wales Police,South Wales Police,-3.315994,51.587966,On or near Ynys Close,W01001185,Rhondda Cynon Taf 022A,Anti-social behaviour,,
,2024-09,South Wales Police,South Wales Police,-3.315994,51.587966,On or near Ynys Close,W01001185,Rhondda Cynon Taf 022A,Anti-social behaviour,,
,2024-09,South Wales Police,South Wales Police,-3.315994,51.587966,On or near Ynys Close,W01001185,Rhondda Cynon Taf 022A,Anti-social behaviour,,
,2024-09,South Wales Police,South Wales Police,-3.315994,51.587966,On or near Ynys Close,W01001185,Rhondda Cynon Taf 022A,Anti-social behaviour,,
,2024-09,South Wales Police,South Wales Police,-3.315994,51.587966,On or near Ynys Close,W01001185,Rhondda Cynon Taf 022A,Anti-social behaviour,,
,2024-09,South Wales Police,South Wales Police,-3.312712,51.586789,On or near Dyffryn Road,W01001185,Rhondda Cynon Taf 022A,Anti-social behaviour,,
,2024-09,South Wales Police,South Wales Police,-3.315994,51.587966,On or near Ynys Close,W01001185,Rhondda Cynon Taf 022A,Anti-social behaviour,,
d6cb326acfadaf813eef5bc16dae483df9ae2009b36815755a5cf03506d6d732,2024-09,South Wales Police,South Wales Police,-3.315994,51.587966,On or near Ynys Close,W01001185,Rhondda Cynon Taf 022A,Burglary,Investigation complete; no suspect identified,
40c023613d7eeb2065f5b24949498847696111b6ea88ebf484c57d9997a249d8,2024-09,South Wales Police,South Wales Police,-3.312712,51.586789,On or near Dyffryn Road,W01001185,Rhondda Cynon Taf 022A,Public order,Unable to prosecute suspect,
056542843a2ac7e77adbeb7c3dc8019c2eb00ee5e7fd754e3582c39cdaa25e67,2024-09,South Wales Police,South Wales Police,-3.312435,51.585192,On or near Willow Street,W01001185,Rhondda Cynon Taf 022A,Public order,Investigation complete; no suspect identified,
15b9a3e61b0265eb743be7ac70f624489e17c3de5838b324931721cf498cf14e,2024-09,South Wales Police,South Wales Police,-3.319604,51.590003,On or near Gerddi Glan Taff,W01001185,Rhondda Cynon Taf 022A,Violence and sexual offences,Unable to prosecute suspect,
d854ef023113e382dfab8a84b57a976769579f465a1435b9e8c4a585d1a1faa9,2024-09,South Wales Police,South Wales Police,-3.315994,51.587966,On or near Ynys Close,W01001185,Rhondda Cynon Taf 022A,Violence and sexual offences,Unable to prosecute suspect,
96bf2bc3d5d551779c2fd221c56e95dc7b1c68e9de4878fe6b2ae9ab6585fb0f,2024-09,South Wales Police,South Wales Police,-3.315994,51.587966,On or near Ynys Close,W01001185,Rhondda Cynon Taf 022A,Violence and sexual offences,Unable to prosecute suspect,
9bf2e6737a14259cd681c990c655c11927c5d8488e1efccf5c596235d1bee49e,2024-09,South Wales Police,South Wales Police,-3.319604,51.590003,On or near Gerddi Glan Taff,W01001185,Rhondda Cynon Taf 022A,Violence and sexual offences,Unable to prosecute suspect,
,2024-09,South Wales Police,South Wales Police,-3.311711,51.588590,On or near Dyffryn Gardens,W01001237,Rhondda Cynon Taf 022B,Anti-social behaviour,,
99f50548243b2e94cbe81ea3a4be01333e9b2685aa2d1d2ce807c027e0622600,2024-09,South Wales Police,South Wales Police,-3.316206,51.590284,On or near Springfield Terrace,W01001237,Rhondda Cynon Taf 022B,Burglary,Investigation complete; no suspect identified,
95f9ceeaf92873ec6ea7fe12807f1794b758f9042e9140abcf21088b55d9af47,2024-09,South Wales Police,South Wales Police,-3.316497,51.591890,On or near Morien Crescent,W01001237,Rhondda Cynon Taf 022B,Burglary,Unable to prosecute suspect,
b26b897cfa3834ea8892546935c696e42d76f1d4a62aa27c78f09c2f7c28fb5e,2024-09,South Wales Police,South Wales Police,-3.314486,51.589224,On or near Gellidawel Road,W01001237,Rhondda Cynon Taf 022B,Burglary,Investigation complete; no suspect identified,
fac859b565c48bb0e8ec7a97c9c8f6e770003d195936fd3567aee74485543170,2024-09,South Wales Police,South Wales Police,-3.314486,51.589224,On or near Gellidawel Road,W01001237,Rhondda Cynon Taf 022B,Burglary,Investigation complete; no suspect identified,
0341fb3f8f4c93237dbf0c7ca0f7a8b1cece5987a102d241665b6a453b42eabf,2024-09,South Wales Police,South Wales Police,-3.316497,51.591890,On or near Morien Crescent,W01001237,Rhondda Cynon Taf 022B,Criminal damage and arson,Unable to prosecute suspect,
0a5562d4d6a745da11b9d52f42259bfafbcd375306aefd4c0a74231b5da04cd6,2024-09,South Wales Police,South Wales Police,-3.310180,51.587582,On or near Plane Street,W01001237,Rhondda Cynon Taf 022B,Criminal damage and arson,Under investigation,
ab5421b5c0fb129fac5310091408f27e8a63fd3597ead41f60b6ed830b245e54,2024-09,South Wales Police,South Wales Police,-3.311988,51.589693,On or near Tennyson Close,W01001237,Rhondda Cynon Taf 022B,Public order,Under investigation,
48e7767c5998b68215d6465e5fa34d6890abbc7e1803d14d9cb7524ed549b670,2024-09,South Wales Police,South Wales Police,-3.316497,51.591890,On or near Morien Crescent,W01001237,Rhondda Cynon Taf 022B,Violence and sexual offences,Under investigation,
7b236ce5045cd16da8319d015712ff470c8259d91f6ec6564f8cb5521e50e122,2024-09,South Wales Police,South Wales Police,-3.316497,51.591890,On or near Morien Crescent,W01001237,Rhondda Cynon Taf 022B,Violence and sexual offences,Unable to prosecute suspect,
215f20385ee45827d001ec33441de004f705947bfc21b114b87a06fb366e5638,2024-09,South Wales Police,South Wales Police,-3.316497,51.591890,On or near Morien Crescent,W01001237,Rhondda Cynon Taf 022B,Violence and sexual offences,Unable to prosecute suspect,
,2024-09,South Wales Police,South Wales Police,-3.307877,51.589811,On or near Shakespeare Rise,W01001238,Rhondda Cynon Taf 022C,Anti-social behaviour,,
56b5c0162e8f0a6515a083fc8e5d5bded17965b615d215c18f639fd3de677644,2024-09,South Wales Police,South Wales Police,-3.310492,51.591400,On or near Beyron Close,W01001238,Rhondda Cynon Taf 022C,Other theft,Unable to prosecute suspect,
c621b68da6a4c3456b443fda2f8a8ecaddffee78748ca2f695b88b303c3419ab,2024-09,South Wales Police,South Wales Police,-3.301102,51.586613,On or near Dan-Yr-Allt Close,W01001238,Rhondda Cynon Taf 022C,Public order,Investigation complete; no suspect identified,
f4a73d9915b91e746b9dc48c5d87bd5ecc1503089fa60e5262f46ebd8714bd4d,2024-09,South Wales Police,South Wales Police,-3.306444,51.587156,On or near Beechwood Street,W01001238,Rhondda Cynon Taf 022C,Violence and sexual offences,Under investigation,
bd33c32b8f8450a91aefbe31b2e85c9ede8020a16395a46f992bfdf0c955db51,2024-09,South Wales Police,South Wales Police,-3.310797,51.590956,On or near Rhiw Felin,W01001238,Rhondda Cynon Taf 022C,Violence and sexual offences,Unable to prosecute suspect,
994460552eb16d15cb50d0e3230343dbff9b9043574b0a4ca151f40d5788a0d8,2024-09,South Wales Police,South Wales Police,-3.307877,51.589811,On or near Shakespeare Rise,W01001238,Rhondda Cynon Taf 022C,Violence and sexual offences,Investigation complete; no suspect identified,
2c18e3d984d93b07983d680f72dda4775d5225760586cb090c9106e7fc72f23a,2024-09,South Wales Police,South Wales Police,-3.310492,51.591400,On or near Beyron Close,W01001238,Rhondda Cynon Taf 022C,Violence and sexual offences,Unable to prosecute suspect,
aa3bea5c5f0775b423f9b6b16496c6dc5cc630caf9ccf49229bc37b2e7bc11d7,2024-09,South Wales Police,South Wales Police,-3.310492,51.591400,On or near Beyron Close,W01001238,Rhondda Cynon Taf 022C,Violence and sexual offences,Awaiting court outcome,
81840228059953c15b173c0a30b32af2e8241d132c55d72b0b536c27245f86d7,2024-09,South Wales Police,South Wales Police,-3.310492,51.591400,On or near Beyron Close,W01001238,Rhondda Cynon Taf 022C,Violence and sexual offences,Unable to prosecute suspect,
7fc727f9a7f0cfcd9131c92af85474474ac9093cb9bfbcfd7d110dcd5bb8d298,2024-09,South Wales Police,South Wales Police,-3.306328,51.590152,On or near Masefield Way,W01001238,Rhondda Cynon Taf 022C,Violence and sexual offences,Unable to prosecute suspect,
b3d5c5c30f29d75981c13025439f97f3e432b0e9bc1b7e2f0082a266811e8c47,2024-09,South Wales Police,South Wales Police,-3.306328,51.590152,On or near Masefield Way,W01001238,Rhondda Cynon Taf 022C,Other crime,Under investigation,
5b6f66ce71dd13e9a3a5eaeb476d8559976593615a0b6b0e3f0157f44fcd6e61,2024-09,South Wales Police,South Wales Police,-3.310492,51.591400,On or near Beyron Close,W01001238,Rhondda Cynon Taf 022C,Other crime,Unable to prosecute suspect,
,2024-09,South Wales Police,South Wales Police,-3.331685,51.597851,On or near Broadway,W01001262,Rhondda Cynon Taf 022D,Anti-social behaviour,,
f20ba8a77781269886147dfcd260d18ffed9f7c34c97c79611e7181e2be67f12,2024-09,South Wales Police,South Wales Police,-3.324756,51.593919,On or near Parking Area,W01001262,Rhondda Cynon Taf 022D,Other theft,Investigation complete; no suspect identified,
7abe9d6a7a0f3bdb120352e0729da12eb7cb46c63b57ecfe0e1513d4dbd76fc5,2024-09,South Wales Police,South Wales Police,-3.326597,51.595058,On or near Shopping Area,W01001262,Rhondda Cynon Taf 022D,Shoplifting,Under investigation,
aff77884498a8572088d224b4c63a624aa5402160ba44bda44b5de0e69951d0b,2024-09,South Wales Police,South Wales Police,-3.326597,51.595058,On or near Shopping Area,W01001262,Rhondda Cynon Taf 022D,Shoplifting,Investigation complete; no suspect identified,
ceb3aafe62aa3f009dad10c2b4ba72e45867f58899e1e3ffcf8741f9557e35f2,2024-09,South Wales Police,South Wales Police,-3.330182,51.596313,On or near Wood Road,W01001262,Rhondda Cynon Taf 022D,Shoplifting,Investigation complete; no suspect identified,
c5d57d1a2c612916f3b515bb4bdaeaa1c532027911d9dd10c1d5662bf7f230ea,2024-09,South Wales Police,South Wales Police,-3.325744,51.598584,On or near Pentrebach Road,W01001262,Rhondda Cynon Taf 022D,Violence and sexual offences,Unable to prosecute suspect,
475cf9d3412f0a1a4c1a21fff1c88455531deeeb9d673833a7e53dfb39c3e02a,2024-09,South Wales Police,South Wales Police,-3.325744,51.598584,On or near Pentrebach Road,W01001262,Rhondda Cynon Taf 022D,Violence and sexual offences,Unable to prosecute suspect,
1cacb2ff5fee4f7f02e7ad9d560363c48e8168e3bd7f3bd1de650e3b90f4059a,2024-09,South Wales Police,South Wales Police,-3.325978,51.596198,On or near Windsor Road,W01001262,Rhondda Cynon Taf 022D,Violence and sexual offences,Under investigation,
48f6f41b669479495807b38d236a335c28b1f56c625ff3fcad883d04a89a956e,2024-09,South Wales Police,South Wales Police,-3.326752,51.596504,On or near James Street,W01001262,Rhondda Cynon Taf 022D,Violence and sexual offences,Investigation complete; no suspect identified,
,2024-09,South Wales Police,South Wales Police,-3.330724,51.592629,On or near Yr Hen Fuarth,W01001263,Rhondda Cynon Taf 022E,Anti-social behaviour,,
,2024-09,South Wales Police,South Wales Police,-3.331679,51.597141,On or near Cliff Terrace,W01001263,Rhondda Cynon Taf 022E,Anti-social behaviour,,
a4c320eb10ea0604f93137f835e6b2eb45a9c5f004e7d621feae2b8ccac60e73,2024-09,South Wales Police,South Wales Police,-3.327352,51.592334,On or near Queen Street,W01001263,Rhondda Cynon Taf 022E,Burglary,Investigation complete; no suspect identified,
f4e724abb56af9dd02b0a89133e90ecbd4e8ea1465ae9129d2177e5da2111d8d,2024-09,South Wales Police,South Wales Police,-3.326777,51.590426,On or near Brook Street,W01001263,Rhondda Cynon Taf 022E,Public order,Unable to prosecute suspect,
6aca67813a303f0fe1e178773cae90f2dbff29003b409acbd81d9d9e3380eabf,2024-09,South Wales Police,South Wales Police,-3.331679,51.597141,On or near Cliff Terrace,W01001263,Rhondda Cynon Taf 022E,Public order,Unable to prosecute suspect,
eb8fa121b6aad63374e6c4f3440fbf242a37ccce82431288f64502f8476bdcc5,2024-09,South Wales Police,South Wales Police,-3.333976,51.597205,On or near Laura Street,W01001263,Rhondda Cynon Taf 022E,Vehicle crime,Investigation complete; no suspect identified,
8392ea50da1027e71db0b9af97cbb196e4524aa555a3750f1451d216695c81fe,2024-09,South Wales Police,South Wales Police,-3.331679,51.597141,On or near Cliff Terrace,W01001263,Rhondda Cynon Taf 022E,Vehicle crime,Under investigation,
4ddb1d632246248698732d767516b00a3a3555d06068a8ef26a771769bc0ffa7,2024-09,South Wales Police,South Wales Police,-3.332578,51.596277,On or near St Michael'S Avenue,W01001263,Rhondda Cynon Taf 022E,Vehicle crime,Investigation complete; no suspect identified,
5f382fbb3ba4e4497515f5ed39b4d5c12e9997cfa3b45bbe70b8ed8c1b62e015,2024-09,South Wales Police,South Wales Police,-3.330317,51.595502,On or near Stow Hill,W01001263,Rhondda Cynon Taf 022E,Vehicle crime,Investigation complete; no suspect identified,
eac8d7bd2b0964adee568d06c2b799fe69712b2ed8a842364b32a4ce809bfe19,2024-09,South Wales Police,South Wales Police,-3.331679,51.597141,On or near Cliff Terrace,W01001263,Rhondda Cynon Taf 022E,Violence and sexual offences,Unable to prosecute suspect,
7dd57d6b50cf8fdca31de339cfeb458bd1aa4ee8a457beb9e95fbd4b42d4b648,2024-09,South Wales Police,South Wales Police,-3.330520,51.591094,On or near Cwrt Glyndwr,W01001263,Rhondda Cynon Taf 022E,Violence and sexual offences,Under investigation,
98275cacb8592ca859d3adc5592301f56cbbe43ac3375b7f2410285b671bd35d,2024-09,South Wales Police,South Wales Police,-3.325857,51.592073,On or near Belle Vue Terrace,W01001264,Rhondda Cynon Taf 022F,Burglary,Under investigation,
d5cfb6626d68581c225b57e670c59211999d9de5202ec1d33af93aa9daa5a34e,2024-09,South Wales Police,South Wales Police,-3.324785,51.586465,On or near Hilda Street,W01001264,Rhondda Cynon Taf 022F,Burglary,Investigation complete; no suspect identified,
75db558abdb75bbe8ca6f283800fd4624610086cdaf4ee4f63dd4b9c3a861d4c,2024-09,South Wales Police,South Wales Police,-3.322797,51.588609,On or near Meadow Street,W01001264,Rhondda Cynon Taf 022F,Public order,Under investigation,
97ee24211b9036c4494b32777c3bae7de380a8f211edfeb656262c95ee6b12de,2024-09,South Wales Police,South Wales Police,-3.322797,51.588609,On or near Meadow Street,W01001264,Rhondda Cynon Taf 022F,Public order,Unable to prosecute suspect,
2656e8d3dc08eee8c6e846a82da24720793629b9863f4a71e00e9f26c1a51499,2024-09,South Wales Police,South Wales Police,-3.322797,51.588609,On or near Meadow Street,W01001264,Rhondda Cynon Taf 022F,Public order,Unable to prosecute suspect,
06961e0ee0769ed069eb2512be95689745886ec8b81dc459a1db5f5a94e73548,2024-09,South Wales Police,South Wales Police,-3.326543,51.592802,On or near Old Park Terrace,W01001264,Rhondda Cynon Taf 022F,Violence and sexual offences,Investigation complete; no suspect identified,
c4d3b9b24201d9bf3970e66ba0e87c66ef62e4baf7848ff2fe9ec7da81544a49,2024-09,South Wales Police,South Wales Police,-3.325231,51.586918,On or near Bertha Street,W01001264,Rhondda Cynon Taf 022F,Violence and sexual offences,Unable to prosecute suspect,
c2a20c69557defad36dffc6f170d4bb42107e0fc91a6edd64cb5df9d98152d99,2024-09,South Wales Police,South Wales Police,-3.325231,51.586918,On or near Bertha Street,W01001264,Rhondda Cynon Taf 022F,Violence and sexual offences,Unable to prosecute suspect,
,2024-09,South Wales Police,South Wales Police,-3.469960,51.584925,On or near Penybryn Street,W01001178,Rhondda Cynon Taf 023A,Anti-social behaviour,,
1e5ff867a6c770296383770894c2ddf8e9fec006d31c9fd9939b34d2e396d9da,2024-09,South Wales Police,South Wales Police,-3.469605,51.595836,On or near High Street,W01001178,Rhondda Cynon Taf 023A,Criminal damage and arson,Unable to prosecute suspect,
0551b14cc4afa116482d7ad23b7cbbdf860755f1f8c3297588716cf62485649a,2024-09,South Wales Police,South Wales Police,-3.472175,51.594042,On or near Glenavon Terrace,W01001178,Rhondda Cynon Taf 023A,Violence and sexual offences,Unable to prosecute suspect,
306d1247e14be0ac9e9664fc3064a4c64eaa563b75d145d64246ca496a7bef4c,2024-09,South Wales Police,South Wales Police,-3.469605,51.595836,On or near High Street,W01001178,Rhondda Cynon Taf 023A,Violence and sexual offences,Under investigation,
812e903cf6281d42a7360533b37220235e5795ce98fd36389246e6f27fd6ba55,2024-09,South Wales Police,South Wales Police,-3.475249,51.587772,On or near Gelli Arael Road,W01001178,Rhondda Cynon Taf 023A,Violence and sexual offences,Under investigation,
,2024-09,South Wales Police,South Wales Police,-3.468288,51.584550,On or near Alfred Street,W01001179,Rhondda Cynon Taf 023B,Anti-social behaviour,,
8ba72c46ad42891cf3b854aab67c1e64825b6f62ba2848c4b7935f5b9492f11d,2024-09,South Wales Police,South Wales Police,-3.468288,51.584550,On or near Alfred Street,W01001179,Rhondda Cynon Taf 023B,Criminal damage and arson,Under investigation,
c4638f427d771cb05e8d3111f92c45e5ff61d92bace7b1521ea87067db65c5c1,2024-09,South Wales Police,South Wales Police,-3.462789,51.585005,On or near Heol Glyncoch,W01001179,Rhondda Cynon Taf 023B,Public order,Unable to prosecute suspect,
6e8bf51968fea3f5fac59df36310c6c5f5155dbedec695dee424db0ee0aff732,2024-09,South Wales Police,South Wales Police,-3.460399,51.585197,On or near Bryn-Hedd,W01001179,Rhondda Cynon Taf 023B,Violence and sexual offences,Unable to prosecute suspect,
3dabf07b881ef8faa9a22fac10b3aa7fa34a98b219ff5ec7d8d768435b62157c,2024-09,South Wales Police,South Wales Police,-3.467327,51.583705,On or near Sports/Recreation Area,W01001179,Rhondda Cynon Taf 023B,Violence and sexual offences,Investigation complete; no suspect identified,
a6e183023355835ef5109640eba9e03f5f3ea27cda19135a1c3999928eb851b0,2024-09,South Wales Police,South Wales Police,-3.460071,51.583745,On or near Parking Area,W01001179,Rhondda Cynon Taf 023B,Violence and sexual offences,Awaiting court outcome,
3bee9b69d978816abd992b2d7385ae0e6d4e042945a65ae30a3434c0542b2968,2024-09,South Wales Police,South Wales Police,-3.472255,51.582684,On or near Thomas Street,W01001179,Rhondda Cynon Taf 023B,Violence and sexual offences,Unable to prosecute suspect,
06343f66e67b3f0f7c8a6c15f7d9a37b04724c5a69a5f908c405c5082220ba6b,2024-09,South Wales Police,South Wales Police,-3.461972,51.584737,On or near Heol-Y-Grug,W01001179,Rhondda Cynon Taf 023B,Violence and sexual offences,Under investigation,
2f51550ffa2c70210c8ea324f72a77f756302bb205ad9c2e2c38265b7d97975e,2024-09,South Wales Police,South Wales Police,-3.460399,51.585197,On or near Bryn-Hedd,W01001179,Rhondda Cynon Taf 023B,Violence and sexual offences,Unable to prosecute suspect,
dba6e1cbee3419639d265a33996da26249bfd6fac21e4f45edc3e7342f96d30d,2024-09,South Wales Police,South Wales Police,-3.462789,51.585005,On or near Heol Glyncoch,W01001179,Rhondda Cynon Taf 023B,Violence and sexual offences,Unable to prosecute suspect,
901f9df3b7ec29d1c1a95b4bc1669850d9a5d746083748f0f2817041cd44f116,2024-09,South Wales Police,South Wales Police,-3.460399,51.585197,On or near Bryn-Hedd,W01001179,Rhondda Cynon Taf 023B,Other crime,Unable to prosecute suspect,
64a8a4ff29a2d93908888337ab04c772ebb05aa9731ee09671cc912d99731164,2024-09,South Wales Police,South Wales Police,-3.434066,51.603371,On or near Weston Road,W01001253,Rhondda Cynon Taf 023C,Burglary,Investigation complete; no suspect identified,
79caac57ed79755fd91575b45d93b71a815a2ea743642703c84a0ab7befe88f1,2024-09,South Wales Police,South Wales Police,-3.434034,51.601905,On or near Heol Glannant,W01001253,Rhondda Cynon Taf 023C,Criminal damage and arson,Under investigation,
22b9542c26319ef60cc61f2261a31ff0afe3a0040cddac8bfdbcdd12b927cae3,2024-09,South Wales Police,South Wales Police,-3.444232,51.605188,On or near Haul Fron,W01001253,Rhondda Cynon Taf 023C,Drugs,Under investigation,
d68953c2ec166c225f868a26d0dc4c517e1c71fa79e5db8e8a436ae26d780600,2024-09,South Wales Police,South Wales Police,-3.442944,51.604188,On or near Church Road,W01001253,Rhondda Cynon Taf 023C,Vehicle crime,Under investigation,
92da668ace82a75de7692ff8d870ee0014238938c42bd7441f7e71bdb0c27332,2024-09,South Wales Police,South Wales Police,-3.444447,51.605159,On or near Cae Glas,W01001253,Rhondda Cynon Taf 023C,Violence and sexual offences,Under investigation,
206bbfc4181ad4d37f21b04e010496477fe373ac335308fd3d3d106a611474fe,2024-09,South Wales Police,South Wales Police,-3.438414,51.603857,On or near Heol Dinas Isaf,W01001253,Rhondda Cynon Taf 023C,Violence and sexual offences,Unable to prosecute suspect,
2cbbaa8bfdabeecb188c20b47d4d59b77dfdb5d5791adf88e83255e8ad50493e,2024-09,South Wales Police,South Wales Police,-3.434066,51.603371,On or near Weston Road,W01001253,Rhondda Cynon Taf 023C,Violence and sexual offences,Unable to prosecute suspect,
,2024-09,South Wales Police,South Wales Police,-3.442975,51.582850,On or near Bryngolau,W01001255,Rhondda Cynon Taf 023E,Anti-social behaviour,,
,2024-09,South Wales Police,South Wales Police,-3.442975,51.582850,On or near Bryngolau,W01001255,Rhondda Cynon Taf 023E,Anti-social behaviour,,
,2024-09,South Wales Police,South Wales Police,-3.442975,51.582850,On or near Bryngolau,W01001255,Rhondda Cynon Taf 023E,Anti-social behaviour,,
,2024-09,South Wales Police,South Wales Police,-3.442975,51.582850,On or near Bryngolau,W01001255,Rhondda Cynon Taf 023E,Anti-social behaviour,,
,2024-09,South Wales Police,South Wales Police,-3.442975,51.582850,On or near Bryngolau,W01001255,Rhondda Cynon Taf 023E,Anti-social behaviour,,
,2024-09,South Wales Police,South Wales Police,-3.442975,51.582850,On or near Bryngolau,W01001255,Rhondda Cynon Taf 023E,Anti-social behaviour,,
,2024-09,South Wales Police,South Wales Police,-3.442975,51.582850,On or near Bryngolau,W01001255,Rhondda Cynon Taf 023E,Anti-social behaviour,,
,2024-09,South Wales Police,South Wales Police,-3.442975,51.582850,On or near Bryngolau,W01001255,Rhondda Cynon Taf 023E,Anti-social behaviour,,
47d5fd52b243dbe00494ac7ad38fb15777caf40f512d9a1615e5a5c11ae539d9,2024-09,South Wales Police,South Wales Police,-3.442975,51.582850,On or near Bryngolau,W01001255,Rhondda Cynon Taf 023E,Burglary,Investigation complete; no suspect identified,
05f507057c625f4602d9de617a6579ef3dfb13045e782bc71293bab64b9b3f2d,2024-09,South Wales Police,South Wales Police,-3.442975,51.582850,On or near Bryngolau,W01001255,Rhondda Cynon Taf 023E,Criminal damage and arson,Investigation complete; no suspect identified,
04df82265c78c96aa993c24f85af0163ce7ef8d32e1e43ecb7ebe86a417a0b5f,2024-09,South Wales Police,South Wales Police,-3.447124,51.582160,On or near Dan-Y-Fron,W01001255,Rhondda Cynon Taf 023E,Public order,Unable to prosecute suspect,
8d69041f17953589a660d4d6c152c7dc64375ebb58438efaa6bf4932b4b7d9b1,2024-09,South Wales Police,South Wales Police,-3.442975,51.582850,On or near Bryngolau,W01001255,Rhondda Cynon Taf 023E,Public order,Unable to prosecute suspect,
140824a9dee222397a7c1eaa859e1e1e0acbe15774db1005b3ae215da41104f9,2024-09,South Wales Police,South Wales Police,-3.438249,51.580372,On or near Heol Waun,W01001255,Rhondda Cynon Taf 023E,Violence and sexual offences,Further investigation is not in the public interest,
24d3240de5e4482ef52a7bb9eafb5746a5b8f52c8bf1f8f9766cea9e2d6d998a,2024-09,South Wales Police,South Wales Police,-3.438249,51.580372,On or near Heol Waun,W01001255,Rhondda Cynon Taf 023E,Violence and sexual offences,Unable to prosecute suspect,
e7414d92f447774636ab3dca9b39cc957ca5c76420f6a8aff9b196623d5f3f4e,2024-09,South Wales Police,South Wales Police,-3.442975,51.582850,On or near Bryngolau,W01001255,Rhondda Cynon Taf 023E,Violence and sexual offences,Investigation complete; no suspect identified,
4f4c570b5d5205b4e1332a0287b13fc63db20423c8bfe73bed0778f9a8ed8d4a,2024-09,South Wales Police,South Wales Police,-3.437790,51.579101,On or near Nant Eirin,W01001255,Rhondda Cynon Taf 023E,Violence and sexual offences,Unable to prosecute suspect,
6ac6f391a38e6327889e4ebbf1dab6c39bf596f2c0aa4d7784a779ecdb787c59,2024-09,South Wales Police,South Wales Police,-3.442975,51.582850,On or near Bryngolau,W01001255,Rhondda Cynon Taf 023E,Violence and sexual offences,Unable to prosecute suspect,
68359f73c04f8ee7e8e7f1a5d312943708bcd5b7d017f4a7241b374d66a1105e,2024-09,South Wales Police,South Wales Police,-3.442975,51.582850,On or near Bryngolau,W01001255,Rhondda Cynon Taf 023E,Violence and sexual offences,Investigation complete; no suspect identified,
121aca2d9f4069dc66be3eecb6fdba438f889da930a0389c2ef131189f193ae3,2024-09,South Wales Police,South Wales Police,-3.442975,51.582850,On or near Bryngolau,W01001255,Rhondda Cynon Taf 023E,Violence and sexual offences,Unable to prosecute suspect,
0ddaa0b483492f52674056c805e40fe37bb876ea3ebaa94c1e77eb44e0de00c4,2024-09,South Wales Police,South Wales Police,-3.438249,51.580372,On or near Heol Waun,W01001255,Rhondda Cynon Taf 023E,Violence and sexual offences,Under investigation,
cbceb3d5ef38a6c001cb86ca4bb18c578b930d4036ad11f36b37e7b1943f64d3,2024-09,South Wales Police,South Wales Police,-3.458188,51.582419,On or near Cedar Way,W01001914,Rhondda Cynon Taf 023F,Criminal damage and arson,Unable to prosecute suspect,
db2f6e48ba155ea4408c2a215676c4233fa37930331616a6ac38e00acb316340,2024-09,South Wales Police,South Wales Police,-3.449851,51.578503,On or near Parc Dan Y Bryn,W01001914,Rhondda Cynon Taf 023F,Other theft,Investigation complete; no suspect identified,
77355cf21cc356c7ac7ca98ab08721d9523405a9e5a0fa65b342fe904e63def7,2024-09,South Wales Police,South Wales Police,-3.440460,51.577719,On or near Cwm Hyfryd,W01001914,Rhondda Cynon Taf 023F,Violence and sexual offences,Unable to prosecute suspect,
0c49a1914bb73586fd5dcd99c4e8989e68058a918b5066922179b8c75981e1be,2024-09,South Wales Police,South Wales Police,-3.455546,51.581481,On or near Birch Wood Drive,W01001914,Rhondda Cynon Taf 023F,Violence and sexual offences,Unable to prosecute suspect,
920c72e110a12690bfa73f9a132d7f7f5235bdf33d2b5346a73997b03c6429bf,2024-09,South Wales Police,South Wales Police,-3.440460,51.577719,On or near Cwm Hyfryd,W01001914,Rhondda Cynon Taf 023F,Violence and sexual offences,Unable to prosecute suspect,
8ccab3f72b4b3f85e1b732aa638983f36d4cdf973df213a7ef6ecad5a9f8a810,2024-09,South Wales Police,South Wales Police,-3.458188,51.582419,On or near Cedar Way,W01001914,Rhondda Cynon Taf 023F,Violence and sexual offences,Unable to prosecute suspect,
4703e74a44d6b80561c0557d8911a438b1e58154b7c6d5b72bf11ce85899da7d,2024-09,South Wales Police,South Wales Police,-3.440460,51.577719,On or near Cwm Hyfryd,W01001914,Rhondda Cynon Taf 023F,Violence and sexual offences,Unable to prosecute suspect,
9668c1016aac1bd38e590fd8a47ebd11b11a4052772c562bdaf4cf0c4e97bf36,2024-09,South Wales Police,South Wales Police,-3.440460,51.577719,On or near Cwm Hyfryd,W01001914,Rhondda Cynon Taf 023F,Violence and sexual offences,Unable to prosecute suspect,
,2024-09,South Wales Police,South Wales Police,-3.433426,51.583497,On or near Sports/Recreation Area,W01001917,Rhondda Cynon Taf 023G,Anti-social behaviour,,
,2024-09,South Wales Police,South Wales Police,-3.435861,51.573747,On or near Emlyn Close,W01001917,Rhondda Cynon Taf 023G,Anti-social behaviour,,
,2024-09,South Wales Police,South Wales Police,-3.432418,51.584490,On or near Parking Area,W01001917,Rhondda Cynon Taf 023G,Anti-social behaviour,,
,2024-09,South Wales Police,South Wales Police,-3.433426,51.583497,On or near Sports/Recreation Area,W01001917,Rhondda Cynon Taf 023G,Anti-social behaviour,,
f1b12a085b43e1354457eef9a3928b1b62fde23ff72be0ae338a0b95784af202,2024-09,South Wales Police,South Wales Police,-3.435937,51.582835,On or near Sports/Recreation Area,W01001917,Rhondda Cynon Taf 023G,Drugs,Awaiting court outcome,
4444eb411d61d16557f062da8e6a42dcf6f7ea366c4fe35bb56479497e02eba5,2024-09,South Wales Police,South Wales Police,-3.434587,51.580498,On or near Tynybryn Road,W01001917,Rhondda Cynon Taf 023G,Other theft,Investigation complete; no suspect identified,
330c7e66ddf6c7c6515d6bf108538a716f7f8b3d86059a766c8412f6a178ddbc,2024-09,South Wales Police,South Wales Police,-3.434587,51.580498,On or near Tynybryn Road,W01001917,Rhondda Cynon Taf 023G,Public order,Unable to prosecute suspect,
b107d53c696ecce064f3e2a0324cd2da810e4a0626310339e8575c3153866297,2024-09,South Wales Police,South Wales Police,-3.433426,51.583497,On or near Sports/Recreation Area,W01001917,Rhondda Cynon Taf 023G,Public order,Unable to prosecute suspect,
1b3037323e48ff0cd9e1a8de6a73d4133e1615cf966feeebda8eddcb8fcc6bc8,2024-09,South Wales Police,South Wales Police,-3.435253,51.586505,On or near Penrhiw-Fer Road,W01001917,Rhondda Cynon Taf 023G,Public order,Unable to prosecute suspect,
f3486cd0ec2d0f9427acc68bef7a7c8c0a66e3f5d95bddeaf59534d14fcc1667,2024-09,South Wales Police,South Wales Police,-3.434615,51.572216,On or near Pant-Y-Seren,W01001917,Rhondda Cynon Taf 023G,Public order,Unable to prosecute suspect,
ec58865fb5da43231e73cffb6c4a1a8d46349d57b72f8cef89f71e7b385016b1,2024-09,South Wales Police,South Wales Police,-3.435861,51.573747,On or near Emlyn Close,W01001917,Rhondda Cynon Taf 023G,Violence and sexual offences,Unable to prosecute suspect,
ccbdc5e3aea0b9f2c0f8433d248b1ffed4280fd78db7f7efd46bdda51e40af4b,2024-09,South Wales Police,South Wales Police,-3.432757,51.583793,On or near Parking Area,W01001917,Rhondda Cynon Taf 023G,Violence and sexual offences,Under investigation,
c82330ad087de1c9c4c21d541bf1d91a511f2b78180af2fbf14159b8936cbb30,2024-09,South Wales Police,South Wales Police,-3.435937,51.582835,On or near Sports/Recreation Area,W01001917,Rhondda Cynon Taf 023G,Violence and sexual offences,Under investigation,
,2024-09,South Wales Police,South Wales Police,-3.427596,51.583065,On or near Prichard Street,W01001249,Rhondda Cynon Taf 024A,Anti-social behaviour,,
ec32d9f6a1a6fdd481883a7ae0edd3a55910a904f943801ea90a482826b1031b,2024-09,South Wales Police,South Wales Police,-3.429589,51.582668,On or near Parking Area,W01001249,Rhondda Cynon Taf 024A,Criminal damage and arson,Awaiting court outcome,
4b7d85aa4545326b2665859af6ab39fffeb101fa2e4797853459b924bc9e7582,2024-09,South Wales Police,South Wales Police,-3.431296,51.580493,On or near Mill Street,W01001249,Rhondda Cynon Taf 024A,Public order,Under investigation,
ff9f24b26cdf8f3b685b9ca96b4332481de7d10e9852fe6a796b169a77559a5a,2024-09,South Wales Police,South Wales Police,-3.431212,51.581951,On or near Petrol Station,W01001249,Rhondda Cynon Taf 024A,Shoplifting,Investigation complete; no suspect identified,
b3228b72dd769424289049afbcc0445dfefa6263c781179e01c2edfea992d679,2024-09,South Wales Police,South Wales Police,-3.431212,51.581951,On or near Petrol Station,W01001249,Rhondda Cynon Taf 024A,Shoplifting,Awaiting court outcome,
ccd5c2854e7f17a91febd8097f3f478e826939cbdba67eab9db3cacaf920c8da,2024-09,South Wales Police,South Wales Police,-3.429589,51.582668,On or near Parking Area,W01001249,Rhondda Cynon Taf 024A,Vehicle crime,Investigation complete; no suspect identified,
28266349592862077ac5b858b82e73f2cc28d67ab5ad13890a684cb72a117690,2024-09,South Wales Police,South Wales Police,-3.429113,51.587273,On or near Collenna Road,W01001249,Rhondda Cynon Taf 024A,Violence and sexual offences,Unable to prosecute suspect,
42b2869d7c14cd7f93e168c14305d1fbe534bf4e2fb667c81b2cee0ef8585fc6,2024-09,South Wales Police,South Wales Police,-3.429629,51.584251,On or near Theatre/Concert Hall,W01001249,Rhondda Cynon Taf 024A,Violence and sexual offences,Unable to prosecute suspect,
5296a3c8681d75eeae9c0d728554a520d15e941b01f6ae0590f56af225a96160,2024-09,South Wales Police,South Wales Police,-3.431296,51.580493,On or near Mill Street,W01001249,Rhondda Cynon Taf 024A,Violence and sexual offences,Unable to prosecute suspect,
,2024-09,South Wales Police,South Wales Police,-3.415029,51.561403,On or near Ely Valley Road,W01001250,Rhondda Cynon Taf 024B,Anti-social behaviour,,
42407fb8546e8b5ff5170b893420c1e92075cdc976471b64998b2cc0acef30f3,2024-09,South Wales Police,South Wales Police,-3.418855,51.583737,On or near The Avenue,W01001250,Rhondda Cynon Taf 024B,Violence and sexual offences,Unable to prosecute suspect,
d107ffd2adb3c09f7c56ee3391382f863af489f26c6d9320bff7ce9e6a2e3111,2024-09,South Wales Police,South Wales Police,-3.419482,51.584395,On or near Pretoria Road,W01001250,Rhondda Cynon Taf 024B,Violence and sexual offences,Unable to prosecute suspect,
8ca5a3c0204bfc5cc7a558e4833f2b4485194a211a7b292e25a40eb396b38ef4,2024-09,South Wales Police,South Wales Police,-3.416810,51.571353,On or near Highfields,W01001250,Rhondda Cynon Taf 024B,Violence and sexual offences,Local resolution,
fd2c416ba85ae5c8830ac01b6ec3d7f108612db04cec83b7efd8bf1241e953f7,2024-09,South Wales Police,South Wales Police,-3.416851,51.586576,On or near Marshfield Court,W01001251,Rhondda Cynon Taf 024C,Drugs,Under investigation,
ee716c7aaa6832f6a0a3a29509f02095379954799db0978edf2fcc7f38dee944,2024-09,South Wales Police,South Wales Police,-3.423433,51.584734,On or near Red Gate Close,W01001251,Rhondda Cynon Taf 024C,Shoplifting,Awaiting court outcome,
1a12d76b0e040f0eca0da5a583a85bc65f537cfb5310eb9b87624723c2108432,2024-09,South Wales Police,South Wales Police,-3.419535,51.587011,On or near Llantrisant Road,W01001251,Rhondda Cynon Taf 024C,Shoplifting,Awaiting court outcome,
52d4e9fe8dd72ed29368b723220a093bc385c0af598baff8ca7b7a74ca2dfa52,2024-09,South Wales Police,South Wales Police,-3.416702,51.587351,On or near Primrose Court,W01001251,Rhondda Cynon Taf 024C,Violence and sexual offences,Investigation complete; no suspect identified,
8a40104e0c10e18ff939f02e92b071b0a3d5f3f4ddeed24b6e6fa16f664535da,2024-09,South Wales Police,South Wales Police,-3.423335,51.585302,On or near Heol Y Glyn,W01001251,Rhondda Cynon Taf 024C,Violence and sexual offences,Under investigation,
d2c080ea045ba696914892bfc5046ffc6aa923d7a88b1fd1173129d991067349,2024-09,South Wales Police,South Wales Police,-3.424067,51.587469,On or near Highlands Close,W01001251,Rhondda Cynon Taf 024C,Violence and sexual offences,Investigation complete; no suspect identified,
9d75e7d6aef5bbc5fcbf257b7ae8b6c7f7cd38608604ce6341cb6ad1cf69f9ae,2024-09,South Wales Police,South Wales Police,-3.415700,51.586716,On or near Glyn View,W01001251,Rhondda Cynon Taf 024C,Violence and sexual offences,Under investigation,
843a384d9cb5d909b730ddcabcf2254e3604df053e2874097a00ba10843eb8fd,2024-09,South Wales Police,South Wales Police,-3.415751,51.587399,On or near Evergreen Court,W01001251,Rhondda Cynon Taf 024C,Violence and sexual offences,Unable to prosecute suspect,
cedf1345d115127e8d9c3f1efe03ef8f42daf59aa87c9d8a0db389de2ba6b013,2024-09,South Wales Police,South Wales Police,-3.416702,51.587351,On or near Primrose Court,W01001251,Rhondda Cynon Taf 024C,Violence and sexual offences,Unable to prosecute suspect,
9b6aae4cc128512c54c7c8b179fe5a265a3ff237768ea2c11d821941aeff9ef2,2024-09,South Wales Police,South Wales Police,-3.420230,51.569972,On or near Tylcha Fach,W01001252,Rhondda Cynon Taf 024D,Criminal damage and arson,Unable to prosecute suspect,
181a55e6603a83691a23eed5ff8e6993160b80e5503fcc802db8f149918f5ae9,2024-09,South Wales Police,South Wales Police,-3.418704,51.569613,On or near Gwern Heulog,W01001252,Rhondda Cynon Taf 024D,Violence and sexual offences,Unable to prosecute suspect,
49e1241538234d678e149f06b3a853208d7d2c618921d20c3461ee66b6c8e533,2024-09,South Wales Police,South Wales Police,-3.420230,51.569972,On or near Tylcha Fach,W01001252,Rhondda Cynon Taf 024D,Violence and sexual offences,Awaiting court outcome,
2caf482c0a6c49d64d8daef2e1a9d6e216295153b73f6ca0d5cf19d9ee1ec2e0,2024-09,South Wales Police,South Wales Police,-3.418704,51.569613,On or near Gwern Heulog,W01001252,Rhondda Cynon Taf 024D,Violence and sexual offences,Unable to prosecute suspect,
,2024-09,South Wales Police,South Wales Police,-3.316108,51.566421,On or near Heol Salem,W01001162,Rhondda Cynon Taf 025A,Anti-social behaviour,,
,2024-09,South Wales Police,South Wales Police,-3.324432,51.570877,On or near Nant Arian,W01001162,Rhondda Cynon Taf 025A,Anti-social behaviour,,
a9e0de6a967145fd8c1cf36ba67b591fae184a709c607e1625903d17d6e66547,2024-09,South Wales Police,South Wales Police,-3.322322,51.568248,On or near Manor Court,W01001162,Rhondda Cynon Taf 025A,Criminal damage and arson,Under investigation,
3b31db7e9653361f98aaa016c9b25e8c1c6c48653853568883e7130b6b4163a1,2024-09,South Wales Police,South Wales Police,-3.321059,51.569503,On or near Castle Court,W01001162,Rhondda Cynon Taf 025A,Other theft,Unable to prosecute suspect,
d38d36119026f1522849f0c43e7433f80d436cab08ef21a7a6fe7795a23ca365,2024-09,South Wales Police,South Wales Police,-3.316507,51.560275,On or near Station Road,W01001162,Rhondda Cynon Taf 025A,Other theft,Unable to prosecute suspect,
364c13bc680c3b442682635af1ddaaf9f7a5bb163e0a380dd52e931eb9f17bb7,2024-09,South Wales Police,South Wales Police,-3.321238,51.567217,On or near Tygwyn Road,W01001162,Rhondda Cynon Taf 025A,Other theft,Investigation complete; no suspect identified,
fc8fb5f40eb4eac43291e5868f3fcb4bc912f55d7be225ffdad8a2f49a0838c9,2024-09,South Wales Police,South Wales Police,-3.316507,51.560275,On or near Station Road,W01001162,Rhondda Cynon Taf 025A,Violence and sexual offences,Under investigation,
5c2b8a01ab489ff567387eb27e919877db0c9a76e98b338e04d7b6acc5da33f1,2024-09,South Wales Police,South Wales Police,-3.314429,51.567743,On or near Salem Lane,W01001162,Rhondda Cynon Taf 025A,Violence and sexual offences,Under investigation,
932b5345ddff5261fb515296b52ed2289d6a07c1ef40c5f7f5b9df722567e6a6,2024-09,South Wales Police,South Wales Police,-3.322525,51.566294,On or near St Illtyd'S Close,W01001162,Rhondda Cynon Taf 025A,Violence and sexual offences,Under investigation,
,2024-09,South Wales Police,South Wales Police,-3.307873,51.569579,On or near Maesteg Crescent,W01001244,Rhondda Cynon Taf 025B,Anti-social behaviour,,
e6d0a5eb47b94a0998999112766e2b278759327136471ec1ad17a1bcd6056ba7,2024-09,South Wales Police,South Wales Police,-3.309652,51.569199,On or near Maesteg Grove,W01001244,Rhondda Cynon Taf 025B,Other theft,Investigation complete; no suspect identified,
8d522408e15562cb052adb64b867092369bf7207a0a0e13a44e5ec08fdc4c7b3,2024-09,South Wales Police,South Wales Police,-3.307322,51.570961,On or near Tonteg Road,W01001244,Rhondda Cynon Taf 025B,Public order,Unable to prosecute suspect,
9e0db88f03f2e486e7ccc86cd0482826825f95b5c613e8bbd4f12266a810777e,2024-09,South Wales Police,South Wales Police,-3.307322,51.570961,On or near Tonteg Road,W01001244,Rhondda Cynon Taf 025B,Public order,Unable to prosecute suspect,
7f08cff9052f31441c09e4309f8d413c8538897d637123771d363713d4fd85b8,2024-09,South Wales Police,South Wales Police,-3.309652,51.569199,On or near Maesteg Grove,W01001244,Rhondda Cynon Taf 025B,Shoplifting,Investigation complete; no suspect identified,
f314eb6e0d4d386e434c5a4ba7ec95694999b8950f9298b41c08469eea9323a8,2024-09,South Wales Police,South Wales Police,-3.309652,51.569199,On or near Maesteg Grove,W01001244,Rhondda Cynon Taf 025B,Shoplifting,Investigation complete; no suspect identified,
d171154ef04ba8f7b87b53dc83cfb7b803f82d926d0b9ad5ba1f2c12bdeacb1f,2024-09,South Wales Police,South Wales Police,-3.283206,51.561588,On or near Crib Y Lan,W01001244,Rhondda Cynon Taf 025B,Violence and sexual offences,Local resolution,
ce5b929581742927009810f112a6f5f0f8972640d81bf4dad81b15e197a422ac,2024-09,South Wales Police,South Wales Police,-3.317063,51.572030,On or near Church Road,W01001246,Rhondda Cynon Taf 025D,Public order,Unable to prosecute suspect,
2210ffb8a1db79ffbc9cfd3dde037a68045d7dc2b1ee377310628bddf1ddd835,2024-09,South Wales Police,South Wales Police,-3.319685,51.571856,On or near Conway Crescent,W01001246,Rhondda Cynon Taf 025D,Violence and sexual offences,Unable to prosecute suspect,
07cae9686626271624bc8823ec3a7b397d89ac7107ee2b2c01e55c1d3df4a11b,2024-09,South Wales Police,South Wales Police,-3.316256,51.571059,On or near Pembroke Close,W01001246,Rhondda Cynon Taf 025D,Violence and sexual offences,Under investigation,
1852eea748c46c27dd413287a27855e0f163c57e2bf7d90ac50cba9fe5399acb,2024-09,South Wales Police,South Wales Police,-3.313455,51.567493,On or near Supermarket,W01001246,Rhondda Cynon Taf 025D,Violence and sexual offences,Local resolution,
,2024-09,South Wales Police,South Wales Police,-3.287052,51.574170,On or near Heol Ty Maen,W01001184,Rhondda Cynon Taf 026A,Anti-social behaviour,,
,2024-09,South Wales Police,South Wales Police,-3.277005,51.570944,On or near Heol-Y-Bwnsi,W01001184,Rhondda Cynon Taf 026A,Anti-social behaviour,,
72d49b4aa4114c502d9a75e6402cefa37da31244c4e9807313dee1cf7fc6dde2,2024-09,South Wales Police,South Wales Police,-3.310727,51.580508,On or near Alexon Way,W01001184,Rhondda Cynon Taf 026A,Burglary,Investigation complete; no suspect identified,
6d8bc1785ebcc7552ca6c19df874522d3888749c0ce6aa4e5e4185bf74f027c2,2024-09,South Wales Police,South Wales Police,-3.312699,51.581817,On or near St Luke'S Avenue,W01001184,Rhondda Cynon Taf 026A,Burglary,Investigation complete; no suspect identified,
d507a685b55424b1885e1bfdd18df7dad391c2bcc8b586d9fe73fd7a48eb8f93,2024-09,South Wales Police,South Wales Police,-3.312827,51.583254,On or near Francis Street,W01001184,Rhondda Cynon Taf 026A,Burglary,Under investigation,
8d778f6c8dc78a52a983ca266feba549a624f288a964ccead2738741812b1709,2024-09,South Wales Police,South Wales Police,-3.312827,51.583254,On or near Francis Street,W01001184,Rhondda Cynon Taf 026A,Burglary,Investigation complete; no suspect identified,
36ceae4aeeb8bd412c4ebc53ec42fdd7d3dd0f6641653375061ac19157cfca98,2024-09,South Wales Police,South Wales Police,-3.316500,51.583501,On or near Mervyn Street,W01001184,Rhondda Cynon Taf 026A,Possession of weapons,Investigation complete; no suspect identified,
00204eb2e79becffeb091dbb7b675ab57db0fc2e5af22c7811b07689ed211dee,2024-09,South Wales Police,South Wales Police,-3.297202,51.578402,On or near The Rise,W01001184,Rhondda Cynon Taf 026A,Public order,Unable to prosecute suspect,
45cb7b05101a34207affdac93450cf58422034471f6f985b746f65978b4bbe39,2024-09,South Wales Police,South Wales Police,-3.293756,51.580058,On or near Petrol Station,W01001184,Rhondda Cynon Taf 026A,Shoplifting,Investigation complete; no suspect identified,
746954f9712831af602b4b6359a307c0e606d53e06d7f76c3525c033e2bb94c0,2024-09,South Wales Police,South Wales Police,-3.293756,51.580058,On or near Petrol Station,W01001184,Rhondda Cynon Taf 026A,Shoplifting,Investigation complete; no suspect identified,
1ed87732ad3dca7d567068d0e5ec5e2b7b1f7f071102a797d6f17d26284f66ee,2024-09,South Wales Police,South Wales Police,-3.293756,51.580058,On or near Petrol Station,W01001184,Rhondda Cynon Taf 026A,Shoplifting,Investigation complete; no suspect identified,
8318db5b06eba7bbf883ef41180efc14f79c106a98d73c12cdde7cd1954397ff,2024-09,South Wales Police,South Wales Police,-3.293756,51.580058,On or near Petrol Station,W01001184,Rhondda Cynon Taf 026A,Shoplifting,Investigation complete; no suspect identified,
cc4d05edbb03f6948908a2cbd8f49b2e05c75739272a9a275e345b77e482adff,2024-09,South Wales Police,South Wales Police,-3.293756,51.580058,On or near Petrol Station,W01001184,Rhondda Cynon Taf 026A,Shoplifting,Under investigation,
3308fe7a6971eb964c2d797e71d89484256c2ebf78d05038f6cc97db6b72144b,2024-09,South Wales Police,South Wales Police,-3.306548,51.579710,On or near School Lane,W01001184,Rhondda Cynon Taf 026A,Violence and sexual offences,Investigation complete; no suspect identified,
20c1ff0eed1dc2930a548784924226b00f6535e39bcfd99947a114cfe07da8c0,2024-09,South Wales Police,South Wales Police,-3.306548,51.579710,On or near School Lane,W01001184,Rhondda Cynon Taf 026A,Violence and sexual offences,Investigation complete; no suspect identified,
d00a0c7ae0481a993708aca3c8489eda39e1f600eab3a92a234fe9f422295b3e,2024-09,South Wales Police,South Wales Police,-3.295902,51.577867,On or near Williams Close,W01001184,Rhondda Cynon Taf 026A,Violence and sexual offences,Under investigation,
4421d17fdbfa55b7c55d92cb4f7b99f1e47d753417e090576eb093e3441426e4,2024-09,South Wales Police,South Wales Police,-3.306548,51.579710,On or near School Lane,W01001184,Rhondda Cynon Taf 026A,Violence and sexual offences,Unable to prosecute suspect,
f5c2d9acd9f8783bcbd1d8cdebbad78f56a3022b826fa8888f88b65d6fc541ed,2024-09,South Wales Police,South Wales Police,-3.277005,51.570944,On or near Heol-Y-Bwnsi,W01001184,Rhondda Cynon Taf 026A,Violence and sexual offences,Unable to prosecute suspect,
,2024-09,South Wales Police,South Wales Police,-3.295583,51.580847,On or near Supermarket,W01001239,Rhondda Cynon Taf 026B,Anti-social behaviour,,
3db5f767b4ff766e63c9d65fdc730110f78d1349a1fd879a37aedf8a102c19f5,2024-09,South Wales Police,South Wales Police,-3.295583,51.580847,On or near Supermarket,W01001239,Rhondda Cynon Taf 026B,Other theft,Investigation complete; no suspect identified,
bd7fa289f996870398422c2f4140ef0e1638bf006ee22a79d55eb479bf897363,2024-09,South Wales Police,South Wales Police,-3.295583,51.580847,On or near Supermarket,W01001239,Rhondda Cynon Taf 026B,Other theft,Investigation complete; no suspect identified,
bf46a656948ea7e9f402dfaf65a2bdcf66662308b006ae6b3d6869e4ae5a11ea,2024-09,South Wales Police,South Wales Police,-3.295583,51.580847,On or near Supermarket,W01001239,Rhondda Cynon Taf 026B,Public order,Unable to prosecute suspect,
de1ff8c7b68cbc04e8d449f2da9a15ba01e410ce377b4f46e53214e35abeef33,2024-09,South Wales Police,South Wales Police,-3.307106,51.586573,On or near Holly Street,W01001239,Rhondda Cynon Taf 026B,Public order,Local resolution,
9608b6083a15b0f204fb706a8f9bd0c24295efd8c0fdc7295cc84a4933e70450,2024-09,South Wales Police,South Wales Police,-3.295583,51.580847,On or near Supermarket,W01001239,Rhondda Cynon Taf 026B,Public order,Investigation complete; no suspect identified,
b5044d87342cdcf29cf85b34c72aa578d73bf01d914f97b64ed0eab7c19b6292,2024-09,South Wales Police,South Wales Police,-3.295583,51.580847,On or near Supermarket,W01001239,Rhondda Cynon Taf 026B,Vehicle crime,Investigation complete; no suspect identified,
b9e1ce2efcca0ed4ae21427ad6d374e72e55bedc441e432df74aa11a76cfbe25,2024-09,South Wales Police,South Wales Police,-3.302826,51.583285,On or near Clos Aneurin,W01001239,Rhondda Cynon Taf 026B,Violence and sexual offences,Unable to prosecute suspect,
ccd420c2fda9727f452adaf2ec43050ba9a4217b56c918273c7059c2c8e8a641,2024-09,South Wales Police,South Wales Police,-3.298144,51.583103,On or near Glan Y Nant,W01001239,Rhondda Cynon Taf 026B,Violence and sexual offences,Awaiting court outcome,
57d903b07f4d6e2e642f17ab8bf9e71c1fb2fd3d710505f135cc44462f0cd5f3,2024-09,South Wales Police,South Wales Police,-3.298918,51.582896,On or near Maes Ganol,W01001239,Rhondda Cynon Taf 026B,Violence and sexual offences,Under investigation,
8d0197c713e0ac8a29c3e8ff0b334ff62f4ba5b72c4a58b58b84446902f972c9,2024-09,South Wales Police,South Wales Police,-3.311313,51.586814,On or near Lime Street,W01001239,Rhondda Cynon Taf 026B,Violence and sexual offences,Under investigation,
,2024-09,South Wales Police,South Wales Police,-3.264906,51.563936,On or near Garth View,W01001240,Rhondda Cynon Taf 026C,Anti-social behaviour,,
,2024-09,South Wales Police,South Wales Police,-3.273764,51.564964,On or near Heol Yr Odyn,W01001240,Rhondda Cynon Taf 026C,Anti-social behaviour,,
,2024-09,South Wales Police,South Wales Police,-3.278559,51.562556,On or near Main Avenue,W01001240,Rhondda Cynon Taf 026C,Anti-social behaviour,,
622b02511d002b25149c7e00aca1d06993357429f3eadfcc388d7a24bd089aa2,2024-09,South Wales Police,South Wales Police,-3.252047,51.567985,On or near Petrol Station,W01001240,Rhondda Cynon Taf 026C,Other theft,Under investigation,
aab60198d472fdd494cb023dbd3d6d480c2b52911a8334014f00525564f5c7c3,2024-09,South Wales Police,South Wales Police,-3.278559,51.562556,On or near Main Avenue,W01001240,Rhondda Cynon Taf 026C,Other theft,Under investigation,
d413e05018ce47c8d0d5950b9e9518728ef20e527b6d5e3ebb049f9d16d7072f,2024-09,South Wales Police,South Wales Police,-3.252047,51.567985,On or near Petrol Station,W01001240,Rhondda Cynon Taf 026C,Other theft,Investigation complete; no suspect identified,
52f565990859cf770db4a68ea36fe38a2e68e8d72deeae37ccd022e24f327942,2024-09,South Wales Police,South Wales Police,-3.268402,51.550617,On or near Glan-Y-Ffordd,W01001240,Rhondda Cynon Taf 026C,Other theft,Under investigation,
23c32b0e01bd7d3e61e09439798c77a68a68426577f32cc1a508cdbe11b5a209,2024-09,South Wales Police,South Wales Police,-3.262771,51.562916,On or near Heol-Y-Dderwen,W01001240,Rhondda Cynon Taf 026C,Public order,Unable to prosecute suspect,
9e7a7316938406be915e27a64746417bf16ecc90dd0f60e03a4a68eac4551332,2024-09,South Wales Police,South Wales Police,-3.252047,51.567985,On or near Petrol Station,W01001240,Rhondda Cynon Taf 026C,Shoplifting,Investigation complete; no suspect identified,
d437ea922dadf87509451d54f0aa2c40156b20481375bef802df1bd15f5215e9,2024-09,South Wales Police,South Wales Police,-3.262771,51.562916,On or near Heol-Y-Dderwen,W01001240,Rhondda Cynon Taf 026C,Vehicle crime,Investigation complete; no suspect identified,
295f566e2d87094183bf9692f9da2180738a49303e23e415600b7c47a33af1dc,2024-09,South Wales Police,South Wales Police,-3.267848,51.561305,On or near Tai Duffryn,W01001240,Rhondda Cynon Taf 026C,Vehicle crime,Investigation complete; no suspect identified,
416a49192271d34b78093061614e158ecafb8af9f76aba080601de4975957d8e,2024-09,South Wales Police,South Wales Police,-3.273764,51.564964,On or near Heol Yr Odyn,W01001240,Rhondda Cynon Taf 026C,Vehicle crime,Under investigation,
01c8e26436bb83a82efac202b725ce2c4ecffef9585a359522b8a1331560f434,2024-09,South Wales Police,South Wales Police,-3.271646,51.560913,On or near Tyla Gwyn,W01001240,Rhondda Cynon Taf 026C,Vehicle crime,Investigation complete; no suspect identified,
6a5d80baa2ab097fed3c148ec882e0d481af9a671cdac3e577305f082b1dd96c,2024-09,South Wales Police,South Wales Police,-3.276787,51.566774,On or near Heol Pardoe,W01001240,Rhondda Cynon Taf 026C,Vehicle crime,Investigation complete; no suspect identified,
253517fe5a4ffa9fa37258291fba8ae350d4e71c605d4bdc1ad17474d4638abf,2024-09,South Wales Police,South Wales Police,-3.267848,51.561305,On or near Tai Duffryn,W01001240,Rhondda Cynon Taf 026C,Vehicle crime,Investigation complete; no suspect identified,
e01fac25b77ce7c038d42f4147f76564e131e1fa9d12301c81911f31d4427e6a,2024-09,South Wales Police,South Wales Police,-3.278251,51.569600,On or near Parking Area,W01001240,Rhondda Cynon Taf 026C,Vehicle crime,Unable to prosecute suspect,
e3b881e9f3f9f6051d03d488e7127da5f492e448b424b1a09a1412edb90972dc,2024-09,South Wales Police,South Wales Police,-3.268402,51.550617,On or near Glan-Y-Ffordd,W01001240,Rhondda Cynon Taf 026C,Vehicle crime,Awaiting court outcome,
c7c7ea7e635a1dc0257ddb8bbf571f1b0398b93a0ba462dfda426930b2b03675,2024-09,South Wales Police,South Wales Police,-3.261915,51.563257,On or near Heol-Y-Gors,W01001240,Rhondda Cynon Taf 026C,Violence and sexual offences,Unable to prosecute suspect,
a7d28f7255191932e969a18dea4c021ff82c2ec52d4fb70cca9c2787526afeca,2024-09,South Wales Police,South Wales Police,-3.276761,51.565830,On or near Heol Crochendy,W01001240,Rhondda Cynon Taf 026C,Violence and sexual offences,Unable to prosecute suspect,
b40e0f88c861040c5103e93c048271712f54862f080942027834df39bdc833e5,2024-09,South Wales Police,South Wales Police,-3.264906,51.563936,On or near Garth View,W01001240,Rhondda Cynon Taf 026C,Violence and sexual offences,Under investigation,
df9cffdbb849f5cc8df2b3021e683f7e99d37133a3683b1004113da4425d4a6e,2024-09,South Wales Police,South Wales Police,-3.264906,51.563936,On or near Garth View,W01001240,Rhondda Cynon Taf 026C,Violence and sexual offences,Unable to prosecute suspect,
c1fbf225042dcbbe9b79cd0d518a7fcadbf436cda1278e8395b2e9b0db1e2245,2024-09,South Wales Police,South Wales Police,-3.270974,51.550283,On or near Stradmore Close,W01001240,Rhondda Cynon Taf 026C,Violence and sexual offences,Unable to prosecute suspect,
0badc338f92d7b1088ce6a4c2d155620d4d3d9be81db0bf31d0ca9a6fa93f698,2024-09,South Wales Police,South Wales Police,-3.276995,51.562851,On or near Rhyd-Yr-Helyg,W01001240,Rhondda Cynon Taf 026C,Violence and sexual offences,Unable to prosecute suspect,
182bb26870a888ad3fc40e2390d8e879471ce337c05ec73f64852f9639236fae,2024-09,South Wales Police,South Wales Police,-3.275107,51.563447,On or near Further/Higher Educational Building,W01001240,Rhondda Cynon Taf 026C,Violence and sexual offences,Unable to prosecute suspect,
1b133c6b0160fd314b9f905448cbe2c14c9e90a966c11529bcca53555bc7a2b1,2024-09,South Wales Police,South Wales Police,-3.265361,51.562654,On or near Heol Edwards,W01001240,Rhondda Cynon Taf 026C,Violence and sexual offences,Unable to prosecute suspect,
cf35d800cda9008b8e6e28964b98b6377a481ea8338a86c26df61f8467adab05,2024-09,South Wales Police,South Wales Police,-3.271646,51.560913,On or near Tyla Gwyn,W01001240,Rhondda Cynon Taf 026C,Other crime,Awaiting court outcome,
,2024-09,South Wales Police,South Wales Police,-3.271693,51.549151,On or near Riverside Street,W01001241,Rhondda Cynon Taf 026D,Anti-social behaviour,,
,2024-09,South Wales Police,South Wales Police,-3.269443,51.546056,On or near Ty Bryncoch,W01001241,Rhondda Cynon Taf 026D,Anti-social behaviour,,
,2024-09,South Wales Police,South Wales Police,-3.265014,51.541320,On or near Leon Avenue,W01001241,Rhondda Cynon Taf 026D,Anti-social behaviour,,
,2024-09,South Wales Police,South Wales Police,-3.259124,51.544737,On or near Ty Rhiw,W01001241,Rhondda Cynon Taf 026D,Anti-social behaviour,,
dec3c453dcc152f0e72b7d30f732002e40113c4392b0fb495d66c9151d20fd6e,2024-09,South Wales Police,South Wales Police,-3.264282,51.540393,On or near Llys Hafn,W01001241,Rhondda Cynon Taf 026D,Burglary,Under investigation,
0697ee818175e748c6117619912e6158f746dbf6523f666917d9dc8a56b46e28,2024-09,South Wales Police,South Wales Police,-3.265834,51.541779,On or near Anchor Street,W01001241,Rhondda Cynon Taf 026D,Public order,Unable to prosecute suspect,
a1b3c1cb2a3970637830553efacd37d769ede6b4b8997337e0c89e66c85c9dfb,2024-09,South Wales Police,South Wales Police,-3.269443,51.546056,On or near Ty Bryncoch,W01001241,Rhondda Cynon Taf 026D,Public order,Unable to prosecute suspect,
2b784e4ea5dd359440aae535f3da156a0d6ea0e5be73aaede5e4fdb67ca28a55,2024-09,South Wales Police,South Wales Police,-3.267664,51.542226,On or near Supermarket,W01001241,Rhondda Cynon Taf 026D,Shoplifting,Investigation complete; no suspect identified,
2a3e76ad3206f958ca3c8f6ce06062342dfba27b75992cc6658d8e3741161962,2024-09,South Wales Police,South Wales Police,-3.267664,51.542226,On or near Supermarket,W01001241,Rhondda Cynon Taf 026D,Shoplifting,Under investigation,
49c5bd86090c0cd709049654593eb359b9118b33add3020df797af7f469ae254,2024-09,South Wales Police,South Wales Police,-3.267664,51.542226,On or near Supermarket,W01001241,Rhondda Cynon Taf 026D,Shoplifting,Under investigation,
63a00549099a5a014b718af2f488586aba8565937a7390decbe7add9b920ff52,2024-09,South Wales Police,South Wales Police,-3.267664,51.542226,On or near Supermarket,W01001241,Rhondda Cynon Taf 026D,Shoplifting,Investigation complete; no suspect identified,
0cfe2fd684a2962e106f64ae697d1e7337e3358c5b39aa9a30ac9be66a6e7bb4,2024-09,South Wales Police,South Wales Police,-3.267664,51.542226,On or near Supermarket,W01001241,Rhondda Cynon Taf 026D,Shoplifting,Investigation complete; no suspect identified,
d7d7599f7c7592f3db892be5f3160adfcbd46298c73bbbd27352faf2ee5772eb,2024-09,South Wales Police,South Wales Police,-3.267664,51.542226,On or near Supermarket,W01001241,Rhondda Cynon Taf 026D,Shoplifting,Awaiting court outcome,
badfb329582a3096cebf69fd69dd4e79c3f90962ad23b1a9e29fdc29e1f2d3b4,2024-09,South Wales Police,South Wales Police,-3.267664,51.542226,On or near Supermarket,W01001241,Rhondda Cynon Taf 026D,Shoplifting,Investigation complete; no suspect identified,
0b1c10d178e0b20f65945c22247a35b15738118f275bee3407f9bde0af9b7940,2024-09,South Wales Police,South Wales Police,-3.267664,51.542226,On or near Supermarket,W01001241,Rhondda Cynon Taf 026D,Shoplifting,Investigation complete; no suspect identified,
fc52d222473aff85ff97bf754d3eb08693aaf22f4fdf13965114a75fa7b3e96f,2024-09,South Wales Police,South Wales Police,-3.267664,51.542226,On or near Supermarket,W01001241,Rhondda Cynon Taf 026D,Shoplifting,Investigation complete; no suspect identified,
3ae24c73a9e910ae2302a979660f85e8811a4a2e3f2c38cdf0d0e83de4f3bdf2,2024-09,South Wales Police,South Wales Police,-3.267664,51.542226,On or near Supermarket,W01001241,Rhondda Cynon Taf 026D,Shoplifting,Investigation complete; no suspect identified,
b063eb6f732ee8e6aed56b41da4a1b974f48a93a1e2102075236b2e9cb649191,2024-09,South Wales Police,South Wales Police,-3.267664,51.542226,On or near Supermarket,W01001241,Rhondda Cynon Taf 026D,Shoplifting,Awaiting court outcome,
b776af667605a9d6afe170eab93c8a3ac61bab3a0e9d0f9389821d0c7674eeba,2024-09,South Wales Police,South Wales Police,-3.271693,51.549151,On or near Riverside Street,W01001241,Rhondda Cynon Taf 026D,Vehicle crime,Investigation complete; no suspect identified,
2c224771df5a07d660f199e784c88fc74ac8ec377b5ad137adb92f5d03d84a1f,2024-09,South Wales Police,South Wales Police,-3.265834,51.541779,On or near Anchor Street,W01001241,Rhondda Cynon Taf 026D,Violence and sexual offences,Under investigation,
14f8a435d3ba77b10bf4da8f9748f9de97d2e15480e1843bdd6ad6e89e9a3dbd,2024-09,South Wales Police,South Wales Police,-3.260078,51.543243,On or near Toghill Drive,W01001241,Rhondda Cynon Taf 026D,Violence and sexual offences,Under investigation,
9a681a30332f05627c50389c050ddf6cda6328b540d52092aa529792b1a41990,2024-09,South Wales Police,South Wales Police,-3.269566,51.547862,On or near Clos Llywellyn,W01001241,Rhondda Cynon Taf 026D,Violence and sexual offences,Under investigation,
712d4336091a0787794b0f388e5cc6219571f0e50ebe11fdb88ba933b773961e,2024-09,South Wales Police,South Wales Police,-3.259791,51.546429,On or near Beechwood Road,W01001241,Rhondda Cynon Taf 026D,Violence and sexual offences,Awaiting court outcome,
250de570354309db295d32a6cb7a478a61c9b2c267221b9daa3b2a1f23174ed1,2024-09,South Wales Police,South Wales Police,-3.269443,51.546056,On or near Ty Bryncoch,W01001241,Rhondda Cynon Taf 026D,Violence and sexual offences,Under investigation,
8e248e468ed73b5ca17d48b8ec072d1bcbd66261e4510216f02790c5c976246c,2024-09,South Wales Police,South Wales Police,-3.265834,51.541779,On or near Anchor Street,W01001241,Rhondda Cynon Taf 026D,Violence and sexual offences,Unable to prosecute suspect,
74a8a2283ce42b5a31bc32991e7787111f19f76fcc0e5179964a72279d1ff0d9,2024-09,South Wales Police,South Wales Police,-3.260078,51.543243,On or near Toghill Drive,W01001241,Rhondda Cynon Taf 026D,Violence and sexual offences,Unable to prosecute suspect,
c74541eb31befa5b682262a51ce80a0cd3606e2868b48d5be294c1cc086a94df,2024-09,South Wales Police,South Wales Police,-3.264282,51.540393,On or near Llys Hafn,W01001241,Rhondda Cynon Taf 026D,Violence and sexual offences,Unable to prosecute suspect,
1b64f7fb7242f77f184bb5fc39066fa28d76555a4107e42bdfbdda4918524650,2024-09,South Wales Police,South Wales Police,-3.269443,51.546056,On or near Ty Bryncoch,W01001241,Rhondda Cynon Taf 026D,Violence and sexual offences,Unable to prosecute suspect,
80e1423629fb8bee6331e6e66387204ac382d9af681c66818210beb7dbbed70d,2024-09,South Wales Police,South Wales Police,-3.259791,51.546429,On or near Beechwood Road,W01001241,Rhondda Cynon Taf 026D,Violence and sexual offences,Unable to prosecute suspect,
d957d24cb0e3ad6fde214da24ff80aca84b30b4f1aacad84648726e79ceef370,2024-09,South Wales Police,South Wales Police,-3.333975,51.563638,On or near Llys Coed Derw,W01001196,Rhondda Cynon Taf 027B,Public order,Unable to prosecute suspect,
d97b6ee00b0f12ac14ce66cd2467492c8b42ca7d9c91b0f5ff540433831cc31a,2024-09,South Wales Police,South Wales Police,-3.331647,51.561498,On or near Heol Bryn Heulog,W01001196,Rhondda Cynon Taf 027B,Violence and sexual offences,Under investigation,
89d4dc1a0f75033b13ce61bbc15d3b1ee53d73a27ab9d0f1610aedd3af3134b6,2024-09,South Wales Police,South Wales Police,-3.333705,51.558866,On or near Hill Drive,W01001196,Rhondda Cynon Taf 027B,Violence and sexual offences,Unable to prosecute suspect,
73209a6d1c555745e8e47d971b3906523e0b3c908c7152bd6b86bc7cc2dce352,2024-09,South Wales Police,South Wales Police,-3.336558,51.550867,On or near Chandlers Reach,W01001198,Rhondda Cynon Taf 027D,Violence and sexual offences,Investigation complete; no suspect identified,
,2024-09,South Wales Police,South Wales Police,-3.335145,51.555820,On or near St Andrews Close,W01001199,Rhondda Cynon Taf 027E,Anti-social behaviour,,
d25777df6e3ff8aea85c0026089826033f54f241309b4eb26decb9a43d5eeeb6,2024-09,South Wales Police,South Wales Police,-3.347617,51.558060,On or near Cwrt Coed Fardre,W01001199,Rhondda Cynon Taf 027E,Criminal damage and arson,Investigation complete; no suspect identified,
d0e37ca705b22e19a1905408986af740848d801c504d4a6b6007e036586d0911,2024-09,South Wales Police,South Wales Police,-3.346089,51.558114,On or near B4595,W01001199,Rhondda Cynon Taf 027E,Violence and sexual offences,Unable to prosecute suspect,
,2024-09,South Wales Police,South Wales Police,-3.326700,51.569952,On or near Cae Ffynnon,W01001915,Rhondda Cynon Taf 027F,Anti-social behaviour,,
,2024-09,South Wales Police,South Wales Police,-3.326700,51.569952,On or near Cae Ffynnon,W01001915,Rhondda Cynon Taf 027F,Anti-social behaviour,,
8a92dcba4e1b4b144bd30724de3bbf16bcb5c3b689a326a4448844cc25c55438,2024-09,South Wales Police,South Wales Police,-3.325903,51.568837,On or near Ty Draw,W01001915,Rhondda Cynon Taf 027F,Burglary,Under investigation,
f6d2244ebc8e5766b6000fa85bacd3511cca465b9674954aec7d59dea9e23959,2024-09,South Wales Police,South Wales Police,-3.323725,51.561434,On or near Clos Y Coed,W01001915,Rhondda Cynon Taf 027F,Other theft,Investigation complete; no suspect identified,
c2965bf06a585642243ddd841c34ee5e195d8986290e27d35dcd2fc5534f81f7,2024-09,South Wales Police,South Wales Police,-3.327341,51.567184,On or near Cae'R Gerddi,W01001915,Rhondda Cynon Taf 027F,Violence and sexual offences,Unable to prosecute suspect,
62ac60c8de1412ba9e2e7b79382563a7726b8310007af5198d33c25a5f15616b,2024-09,South Wales Police,South Wales Police,-3.321138,51.564764,On or near Lewis Street,W01001915,Rhondda Cynon Taf 027F,Violence and sexual offences,Unable to prosecute suspect,
8e4a5fea5963f93143c46756b43df19cc76f4cedcd2b66d3ac47f4beddb4ac21,2024-09,South Wales Police,South Wales Police,-3.326700,51.569952,On or near Cae Ffynnon,W01001915,Rhondda Cynon Taf 027F,Violence and sexual offences,Under investigation,
4ffa8c269c031fdb8813b4d2d7c2effd402e4630d754d1e5d13cd624269aec8b,2024-09,South Wales Police,South Wales Police,-3.321138,51.564764,On or near Lewis Street,W01001915,Rhondda Cynon Taf 027F,Violence and sexual offences,Unable to prosecute suspect,
a9aac7a85932f54e5155c21ffacb9f655e356c39a63a131af18ba4daf9d5d00e,2024-09,South Wales Police,South Wales Police,-3.321138,51.564764,On or near Lewis Street,W01001915,Rhondda Cynon Taf 027F,Violence and sexual offences,Under investigation,
4e3e5e96216f9e761e5fe86191962e62fad28c05928d2fe529ed27237d3cefe1,2024-09,South Wales Police,South Wales Police,-3.321138,51.564764,On or near Lewis Street,W01001915,Rhondda Cynon Taf 027F,Violence and sexual offences,Awaiting court outcome,
361909def98c4bb1169db1aca5a91b2082108f43d33b713e3618b819841f8408,2024-09,South Wales Police,South Wales Police,-3.328236,51.569674,On or near Swn-Y-Nant,W01001916,Rhondda Cynon Taf 027G,Violence and sexual offences,Unable to prosecute suspect,
,2024-09,South Wales Police,South Wales Police,-3.353872,51.553510,On or near Gwaunmiskin Road,W01001157,Rhondda Cynon Taf 028A,Anti-social behaviour,,
a8132f2d53cf1588dcde871aa8b9d9ad1ab1c85ef3e3f8c2fb1624d3825aecad,2024-09,South Wales Police,South Wales Police,-3.353872,51.553510,On or near Gwaunmiskin Road,W01001157,Rhondda Cynon Taf 028A,Public order,Awaiting court outcome,
8ecc3b6b9d9c46db0357ef1f212b291f1b2dd08faa8a13d01046868e69b7275b,2024-09,South Wales Police,South Wales Police,-3.354385,51.553774,On or near Heol Treferig,W01001157,Rhondda Cynon Taf 028A,Public order,Unable to prosecute suspect,
df3916e0c0f0f6e8346d601f57af40599023ff6daa0fc003ae315d666b48ce2c,2024-09,South Wales Police,South Wales Police,-3.353872,51.553510,On or near Gwaunmiskin Road,W01001157,Rhondda Cynon Taf 028A,Violence and sexual offences,Unable to prosecute suspect,
68eb7da109f6c19f31d827da9953c66ae7a5e63b565e10387a4baa5b3afe060b,2024-09,South Wales Police,South Wales Police,-3.365545,51.558446,On or near Castellau Road,W01001158,Rhondda Cynon Taf 028B,Criminal damage and arson,Investigation complete; no suspect identified,
fe808c8459329f0d8a50bec1d6010444d3917d3077c2df126a7b8f793cba0425,2024-09,South Wales Police,South Wales Police,-3.365545,51.558446,On or near Castellau Road,W01001158,Rhondda Cynon Taf 028B,Other theft,Investigation complete; no suspect identified,
89cd3bde531189fb03355dd63e204d57c0b1a5b6613b4269d754d63a2bafedc5,2024-09,South Wales Police,South Wales Police,-3.365717,51.582992,On or near Tonyrefail Road,W01001158,Rhondda Cynon Taf 028B,Public order,Unable to prosecute suspect,
d054f3eb00b88b604168f431d81de8acbfb5e2d11d294085138bdeaf406cffda,2024-09,South Wales Police,South Wales Police,-3.355857,51.557242,On or near Sports/Recreation Area,W01001158,Rhondda Cynon Taf 028B,Public order,Investigation complete; no suspect identified,
dd9dfedfaeba355ef952473e29257fcf777eabbd325b1e7cd81d023b38e409fa,2024-09,South Wales Police,South Wales Police,-3.358659,51.556368,On or near Castell-Y-Mynach Road,W01001158,Rhondda Cynon Taf 028B,Public order,Awaiting court outcome,
ecac010239f910c8f41f6aacdecaab8b58a51c5d958d1ef48ad5c2f7fc8bfc25,2024-09,South Wales Police,South Wales Police,-3.365717,51.582992,On or near Tonyrefail Road,W01001158,Rhondda Cynon Taf 028B,Public order,Investigation complete; no suspect identified,
200c05fbbf22b01e6537b21c4e8e87fd320477ad3fd4059b5cec89d69e376d8f,2024-09,South Wales Police,South Wales Police,-3.361833,51.558795,On or near Cwrt Castellau,W01001158,Rhondda Cynon Taf 028B,Public order,Unable to prosecute suspect,
4dc0d86b9e532bb30ab669bdba9dea956b5042bcdfa3d3965b87e205577d1398,2024-09,South Wales Police,South Wales Police,-3.361833,51.558795,On or near Cwrt Castellau,W01001158,Rhondda Cynon Taf 028B,Public order,Unable to prosecute suspect,
a143a1ba07c35d57e20efc31cda99c3773f610afaf3885d099c6b3dd497d3e31,2024-09,South Wales Police,South Wales Police,-3.360840,51.558375,On or near Castellau Road,W01001158,Rhondda Cynon Taf 028B,Violence and sexual offences,Unable to prosecute suspect,
55eb069d6cb61df68d0dbf66d548cb1eedc583686ff7e0fb395adfb5874944dd,2024-09,South Wales Police,South Wales Police,-3.365545,51.558446,On or near Castellau Road,W01001158,Rhondda Cynon Taf 028B,Violence and sexual offences,Investigation complete; no suspect identified,
ee2fbc42bb9b899b8cf831e3887220376468eca188166f8bc43826e2d3feedab,2024-09,South Wales Police,South Wales Police,-3.358672,51.557267,On or near Wingfield Avenue,W01001158,Rhondda Cynon Taf 028B,Violence and sexual offences,Under investigation,
98b00ee49a88fcb4f2f4ac8e56b9a4129de413edf282c2935c8ba9401b7f8431,2024-09,South Wales Police,South Wales Police,-3.360835,51.550013,On or near Clos Gwynedd,W01001158,Rhondda Cynon Taf 028B,Violence and sexual offences,Local resolution,
7d8d2fff726ca4f2778dfdc9dc8e6d83942f3f1987002c0ea2add2e8d6565e7e,2024-09,South Wales Police,South Wales Police,-3.358672,51.557267,On or near Wingfield Avenue,W01001158,Rhondda Cynon Taf 028B,Violence and sexual offences,Investigation complete; no suspect identified,
08b2f538b99180373502fa0cebd18a98100cc25035e547ddab22d40951edc7f4,2024-09,South Wales Police,South Wales Police,-3.351492,51.547675,On or near Brynteg Court,W01001159,Rhondda Cynon Taf 028C,Burglary,Investigation complete; no suspect identified,
b6ae3e982ded8be792e10a8309591f61db60cc1311bb7e1868c356713f0d1cff,2024-09,South Wales Police,South Wales Police,-3.351492,51.547675,On or near Brynteg Court,W01001159,Rhondda Cynon Taf 028C,Other theft,Investigation complete; no suspect identified,
a3b426f64e6ad61990b64a288c5ac4b12c8d02befc4ba2a1d6e045addbddae20,2024-09,South Wales Police,South Wales Police,-3.351663,51.546621,On or near Brynteg Green,W01001159,Rhondda Cynon Taf 028C,Other crime,Awaiting court outcome,
b5e2d1f164dcdc3078be84e7481cb057b2319ebc9368414314f0f7c9def6f4f8,2024-09,South Wales Police,South Wales Police,-3.355119,51.548892,On or near Cwrt Y Garth,W01001159,Rhondda Cynon Taf 028C,Other crime,Further investigation is not in the public interest,
,2024-09,South Wales Police,South Wales Police,-3.341747,51.554180,On or near Cadwal Court,W01001277,Rhondda Cynon Taf 028D,Anti-social behaviour,,
5038596e49cba0dbe4a6ab08dbc8183ac7f2925845d18782f56721eb453f29f1,2024-09,South Wales Police,South Wales Police,-3.345451,51.551638,On or near Petrol Station,W01001277,Rhondda Cynon Taf 028D,Other theft,Investigation complete; no suspect identified,
d2639831d34c1bb01e4c6d288b63acdc1d332b52dc2f2ef2ab6beb1f44ab8289,2024-09,South Wales Police,South Wales Police,-3.341747,51.554180,On or near Cadwal Court,W01001277,Rhondda Cynon Taf 028D,Public order,Unable to prosecute suspect,
10bc8128a25f891531c41b8f589e59b11e9361b29d98f4dbe1596f5e5d0e34a7,2024-09,South Wales Police,South Wales Police,-3.345451,51.551638,On or near Petrol Station,W01001277,Rhondda Cynon Taf 028D,Shoplifting,Local resolution,
14f5fbe90761c66bf78c1b2e72752c84e47b0004c28e4805b1e45d15d8ee059d,2024-09,South Wales Police,South Wales Police,-3.345451,51.551638,On or near Petrol Station,W01001277,Rhondda Cynon Taf 028D,Violence and sexual offences,Unable to prosecute suspect,
3faf0642dcb018045920606c593979b1b2aeeda05015dbc14f86c6bf82f62a4e,2024-09,South Wales Police,South Wales Police,-3.350067,51.550677,On or near Camperly Close,W01001277,Rhondda Cynon Taf 028D,Violence and sexual offences,Offender given a caution,
c3e2a0db571dbdcc147863a2fd83233d5d01f5331de6735eec906b1788bda9ec,2024-09,South Wales Police,South Wales Police,-3.345451,51.551638,On or near Petrol Station,W01001277,Rhondda Cynon Taf 028D,Violence and sexual offences,Unable to prosecute suspect,
957bf8eceb7603078cef51a50165419da9243765c3cb617d2fb85e2763d4c74d,2024-09,South Wales Police,South Wales Police,-3.345451,51.551638,On or near Petrol Station,W01001277,Rhondda Cynon Taf 028D,Violence and sexual offences,Unable to prosecute suspect,
25c4234e171f279e644d98bff03008cd8193a2ccad9208798d38c938093471d0,2024-09,South Wales Police,South Wales Police,-3.350067,51.550677,On or near Camperly Close,W01001277,Rhondda Cynon Taf 028D,Violence and sexual offences,Unable to prosecute suspect,
b0b4925c8fbf4c719fdd518513471c147afe39eea57e08794edebc4c14c1cfbe,2024-09,South Wales Police,South Wales Police,-3.350067,51.550677,On or near Camperly Close,W01001277,Rhondda Cynon Taf 028D,Violence and sexual offences,Unable to prosecute suspect,
,2024-09,South Wales Police,South Wales Police,-3.351807,51.555854,On or near Moorland Crescent,W01001279,Rhondda Cynon Taf 028F,Anti-social behaviour,,
8b0ddff76e66ff4fe868c86dbf33b85aa1f6002bdbfc409c26cbf67a840435c6,2024-09,South Wales Police,South Wales Police,-3.349698,51.554799,On or near Centenary Court,W01001279,Rhondda Cynon Taf 028F,Criminal damage and arson,Unable to prosecute suspect,
deba44c1ccdd321c862933c97788325fcfef72b1ff6bc0100e3517ea2511dc25,2024-09,South Wales Police,South Wales Police,-3.349698,51.554799,On or near Centenary Court,W01001279,Rhondda Cynon Taf 028F,Other theft,Under investigation,
75e4664ff37a38e395737860464b0be92c6a14ba9553f2df137f8a63df47d533,2024-09,South Wales Police,South Wales Police,-3.349698,51.554799,On or near Centenary Court,W01001279,Rhondda Cynon Taf 028F,Violence and sexual offences,Under investigation,
93797d2a03bd46fd5603305b8b82cb26f6caf9b3104edb69be288909197f9cd3,2024-09,South Wales Police,South Wales Police,-3.349698,51.554799,On or near Centenary Court,W01001279,Rhondda Cynon Taf 028F,Violence and sexual offences,Unable to prosecute suspect,
2e40021f8a3af58975568ffdb34842a3e21ed90dc0b153db9b888231f993446f,2024-09,South Wales Police,South Wales Police,-3.352823,51.554143,On or near Hill View,W01001279,Rhondda Cynon Taf 028F,Violence and sexual offences,Unable to prosecute suspect,
b6038e207881143b277418a59e4e4fe4b484c0f36c6bd5c84e6213bef8fdb666,2024-09,South Wales Police,South Wales Police,-3.455988,51.541137,On or near Hillcrest,W01001160,Rhondda Cynon Taf 029A,Public order,Investigation complete; no suspect identified,
9966d60787b1192c690f06da31274b59d848ef90a5ad4176e59b2e3e60d21e6a,2024-09,South Wales Police,South Wales Police,-3.466599,51.538361,On or near Heol Dewi,W01001160,Rhondda Cynon Taf 029A,Violence and sexual offences,Unable to prosecute suspect,
3a0a5f4908ccc4beeb7a97d2a5540cbb08a4d504eabcd788dd5d20323366d79a,2024-09,South Wales Police,South Wales Police,-3.466599,51.538361,On or near Heol Dewi,W01001160,Rhondda Cynon Taf 029A,Violence and sexual offences,Unable to prosecute suspect,
,2024-09,South Wales Police,South Wales Police,-3.440611,51.535014,On or near Park View,W01001189,Rhondda Cynon Taf 029C,Anti-social behaviour,,
c72d580432e50c80dfc08be6e5f248feab92c5b349772e98a07f7b12fb4811e2,2024-09,South Wales Police,South Wales Police,-3.440611,51.535014,On or near Park View,W01001189,Rhondda Cynon Taf 029C,Public order,Unable to prosecute suspect,
e6163c998f948e6c888f3515022150d56b3d81f81d0cb55f83e36752f59dc297,2024-09,South Wales Police,South Wales Police,-3.440611,51.535014,On or near Park View,W01001189,Rhondda Cynon Taf 029C,Public order,Unable to prosecute suspect,
64e3b768b87b38361beb13c92a07867ea8dfd1e9d74b4d4e0725511491c6103d,2024-09,South Wales Police,South Wales Police,-3.440611,51.535014,On or near Park View,W01001189,Rhondda Cynon Taf 029C,Public order,Unable to prosecute suspect,
dd1ee4407747894353c59c797f5361f064766dc525db4e55b7186e95186d2d45,2024-09,South Wales Police,South Wales Police,-3.440611,51.535014,On or near Park View,W01001189,Rhondda Cynon Taf 029C,Violence and sexual offences,Local resolution,
f6f94354ecccfb5ac69a50a8cc5e3a89c29ae113b60dbe95f85d930a7e0fc5d9,2024-09,South Wales Police,South Wales Police,-3.442413,51.537771,On or near Llanharan,W01001189,Rhondda Cynon Taf 029C,Violence and sexual offences,Unable to prosecute suspect,
24f37f3faa2968c22c95b1a3abb902c47b964a8607a233d33cd2d81a3e7353f8,2024-09,South Wales Police,South Wales Police,-3.440611,51.535014,On or near Park View,W01001189,Rhondda Cynon Taf 029C,Violence and sexual offences,Unable to prosecute suspect,
f068ffb2b7dc1943b32089b6c167caaeb94218dad69216b65be2f315b678d784,2024-09,South Wales Police,South Wales Police,-3.440611,51.535014,On or near Park View,W01001189,Rhondda Cynon Taf 029C,Violence and sexual offences,Under investigation,
,2024-09,South Wales Police,South Wales Police,-3.410224,51.534323,On or near Park/Open Space,W01001190,Rhondda Cynon Taf 029D,Anti-social behaviour,,
,2024-09,South Wales Police,South Wales Police,-3.394272,51.547804,On or near Parking Area,W01001190,Rhondda Cynon Taf 029D,Anti-social behaviour,,
,2024-09,South Wales Police,South Wales Police,-3.448512,51.534557,On or near Bluebell Drive,W01001190,Rhondda Cynon Taf 029D,Anti-social behaviour,,
06d38819260616fc72752f3fc7f177ad3287c1542c8de7c909db3490b23521cc,2024-09,South Wales Police,South Wales Police,-3.449012,51.533967,On or near Cynllan Avenue,W01001190,Rhondda Cynon Taf 029D,Criminal damage and arson,Investigation complete; no suspect identified,
54fa4190736ec7b557b5b7b8ac47c9138495910b9cebafef50b527089c6bebc0,2024-09,South Wales Police,South Wales Police,-3.394356,51.550554,On or near Glan-Yr-Ely,W01001190,Rhondda Cynon Taf 029D,Drugs,Further investigation is not in the public interest,
c73cd881a84e75c4fc1c620a5df478f8d9a4f7e9dbd19f92ad9831bb91e07f51,2024-09,South Wales Police,South Wales Police,-3.435606,51.537719,On or near Petrol Station,W01001190,Rhondda Cynon Taf 029D,Other theft,Investigation complete; no suspect identified,
030603cc779db94983f0d3a6cb7d9e1696f60f426b2b4764f37c2b2519a4db18,2024-09,South Wales Police,South Wales Police,-3.394356,51.550554,On or near Glan-Yr-Ely,W01001190,Rhondda Cynon Taf 029D,Public order,Unable to prosecute suspect,
ad906a4029c1842e9f878e89e1a5640bf2320002dee9848d3331dd95faceee88,2024-09,South Wales Police,South Wales Police,-3.394356,51.550554,On or near Glan-Yr-Ely,W01001190,Rhondda Cynon Taf 029D,Public order,Unable to prosecute suspect,
2bf867d84aba94e48cfec467c6f45176f2a1b0f50e5ef0361b4a05055c885742,2024-09,South Wales Police,South Wales Police,-3.394272,51.547804,On or near Parking Area,W01001190,Rhondda Cynon Taf 029D,Theft from the person,Unable to prosecute suspect,
60e1a98870b0ba84aba3f6bca58b99a6799639569bd0bfdf5d2a39a73cfb44e9,2024-09,South Wales Police,South Wales Police,-3.445557,51.534135,On or near Harold Street,W01001190,Rhondda Cynon Taf 029D,Vehicle crime,Investigation complete; no suspect identified,
26796d728ac331269153b5cfb1f33a872a2a8b94800c11ae2f1353d8186c71c8,2024-09,South Wales Police,South Wales Police,-3.394272,51.547804,On or near Parking Area,W01001190,Rhondda Cynon Taf 029D,Violence and sexual offences,Unable to prosecute suspect,
1d6eea4f318d7124c2d928dcd814afdcb399de84aa898c440eed827658a2c147,2024-09,South Wales Police,South Wales Police,-3.439545,51.544640,On or near Oakmead Road,W01001190,Rhondda Cynon Taf 029D,Violence and sexual offences,Further investigation is not in the public interest,
c4a95bd565f0c02a5f4643934f23fd5b8f30022b9a06df6b046e322091fcdef9,2024-09,South Wales Police,South Wales Police,-3.394272,51.547804,On or near Parking Area,W01001190,Rhondda Cynon Taf 029D,Violence and sexual offences,Unable to prosecute suspect,
40c71c55994fd22d09c7a819bad77e160e01bd72d6c9637b73ecd8de6211e393,2024-09,South Wales Police,South Wales Police,-3.394272,51.547804,On or near Parking Area,W01001190,Rhondda Cynon Taf 029D,Violence and sexual offences,Unable to prosecute suspect,
2177a9ca36c914093d76b9c117526d4b50a1b2fba88921b676a2f1f1eba28fa8,2024-09,South Wales Police,South Wales Police,-3.394272,51.547804,On or near Parking Area,W01001190,Rhondda Cynon Taf 029D,Violence and sexual offences,Unable to prosecute suspect,
583797b95b9acf87ebcac23da3b07909b3d9a4048f6205491c9f987733330e1b,2024-09,South Wales Police,South Wales Police,-3.394272,51.547804,On or near Parking Area,W01001190,Rhondda Cynon Taf 029D,Violence and sexual offences,Under investigation,
0332a4167f3dea91a654405f904a65d5a07aecd9e7c23a2fa6f6d303c92f85f0,2024-09,South Wales Police,South Wales Police,-3.394272,51.547804,On or near Parking Area,W01001190,Rhondda Cynon Taf 029D,Violence and sexual offences,Awaiting court outcome,
1c75e6e53615a19a112a6c6fdf836d7b03e49b18d9c4b8380521bcf522b49238,2024-09,South Wales Police,South Wales Police,-3.435606,51.537719,On or near Petrol Station,W01001190,Rhondda Cynon Taf 029D,Violence and sexual offences,Investigation complete; no suspect identified,
6e2183a3122efba89b908b8521a421aaf06adcc5551341cf2e7ab9129b89d6a3,2024-09,South Wales Police,South Wales Police,-3.394272,51.547804,On or near Parking Area,W01001190,Rhondda Cynon Taf 029D,Violence and sexual offences,Unable to prosecute suspect,
15c7b008ab8fd0e07d60df1f298aa6c99545bc65efa465a8080516a69dc212bd,2024-09,South Wales Police,South Wales Police,-3.394272,51.547804,On or near Parking Area,W01001190,Rhondda Cynon Taf 029D,Violence and sexual offences,Unable to prosecute suspect,
da68c2c47b934b2a63d9a52348d7bae2ce957e9421b106c1f8653576f46af3af,2024-09,South Wales Police,South Wales Police,-3.439545,51.544640,On or near Oakmead Road,W01001190,Rhondda Cynon Taf 029D,Other crime,Further investigation is not in the public interest,
7fb9932a828c32448ff7d7c9afd6ccc6383ba8aca3201729d2f04b3ab1a3402d,2024-09,South Wales Police,South Wales Police,-3.450676,51.541859,On or near Meadow Rise,W01001965,Rhondda Cynon Taf 029E,Public order,Investigation complete; no suspect identified,
a16ce57acca514ef9991a0cf9a188b1d20faf0a2ccb665abf3a66a8186f9338b,2024-09,South Wales Police,South Wales Police,-3.460421,51.541307,On or near Tan-Y-Bryn,W01001965,Rhondda Cynon Taf 029E,Public order,Unable to prosecute suspect,
cead176d97493b69c73388e991101dca63e8de48eed02073336104d869230548,2024-09,South Wales Police,South Wales Police,-3.463038,51.539278,On or near Mostyn Mews,W01001965,Rhondda Cynon Taf 029E,Vehicle crime,Investigation complete; no suspect identified,
2c7700d912aaae0d4570a323afb8a40f21067bf686766b7ac786f77bfe4222ee,2024-09,South Wales Police,South Wales Police,-3.450676,51.541859,On or near Meadow Rise,W01001965,Rhondda Cynon Taf 029E,Violence and sexual offences,Unable to prosecute suspect,
0d07aa4d5f160fe7aba6844182476a0c6a08a1b7a35d71a41b6b2407e8d960e4,2024-09,South Wales Police,South Wales Police,-3.458725,51.541481,On or near Gelli Fedi Rise,W01001965,Rhondda Cynon Taf 029E,Violence and sexual offences,Unable to prosecute suspect,
ecc0db31b913546068175f27dd5043bbf0af79c502091faaaceba214fa4d3151,2024-09,South Wales Police,South Wales Police,-3.458725,51.541481,On or near Gelli Fedi Rise,W01001965,Rhondda Cynon Taf 029E,Violence and sexual offences,Unable to prosecute suspect,
,2024-09,South Wales Police,South Wales Police,-3.451772,51.528268,On or near Dôl Sant Ilid,W01001966,Rhondda Cynon Taf 029F,Anti-social behaviour,,
c9f6a7c63d0cd1ef0885809f57ebae9b986fdf45455090c28c84170709fd9025,2024-09,South Wales Police,South Wales Police,-3.452452,51.530156,On or near Lonydd Glas,W01001966,Rhondda Cynon Taf 029F,Criminal damage and arson,Investigation complete; no suspect identified,
a6a2531b504bbad9ac5c20c60ab50adcc95a0eb1f2da477855ff3119d4608b7a,2024-09,South Wales Police,South Wales Police,-3.451772,51.528268,On or near Dôl Sant Ilid,W01001966,Rhondda Cynon Taf 029F,Other theft,Investigation complete; no suspect identified,
550c084484a54fe676ebbab1ed613f82c608fa76f709c54f4a7a31b71777b99e,2024-09,South Wales Police,South Wales Police,-3.451270,51.533336,On or near Supermarket,W01001966,Rhondda Cynon Taf 029F,Shoplifting,Investigation complete; no suspect identified,
e7c644e8ec561d45773d5dd50f801e8194032ce0305660035412c56a72683876,2024-09,South Wales Police,South Wales Police,-3.451270,51.533336,On or near Supermarket,W01001966,Rhondda Cynon Taf 029F,Violence and sexual offences,Unable to prosecute suspect,
19374a8c4b87416617c38be3532510cb83df521c7f8fc694352c5eb9d2264a01,2024-09,South Wales Police,South Wales Police,-3.451772,51.528268,On or near Dôl Sant Ilid,W01001966,Rhondda Cynon Taf 029F,Violence and sexual offences,Unable to prosecute suspect,
eed8e39a5787964926add0cc60618b9698a7dd5de2883e4af605771326856069,2024-09,South Wales Police,South Wales Police,-3.451217,51.534380,On or near Colliers Avenue,W01001966,Rhondda Cynon Taf 029F,Violence and sexual offences,Under investigation,
5c6586dbf7f8f5a1f2fe4e2c9137b9f28867b3ca9b32d371ac23aaa4be2eeb06,2024-09,South Wales Police,South Wales Police,-3.452973,51.532929,On or near Bridgend Road,W01001966,Rhondda Cynon Taf 029F,Violence and sexual offences,Under investigation,
7d6a26a992bf06128a6507de6d507e339d7a58d4d6df42f9833a08544e07bf98,2024-09,South Wales Police,South Wales Police,-3.378754,51.537790,On or near Chartist Road,W01001193,Rhondda Cynon Taf 030A,Shoplifting,Investigation complete; no suspect identified,
f53c6a670a6f22687c35d70c74f1145d6b0d1ae2d53cb0afb471c03f5865c5d8,2024-09,South Wales Police,South Wales Police,-3.378603,51.537090,On or near A4119,W01001193,Rhondda Cynon Taf 030A,Shoplifting,Investigation complete; no suspect identified,
ecbba0e83f328e2dde0d032a780b18b7448c1ffc38656641c219182c0bb14245,2024-09,South Wales Police,South Wales Police,-3.342598,51.536051,On or near Rhiwsaeson Road,W01001194,Rhondda Cynon Taf 030B,Drugs,Under investigation,
3dc1a1409e3a70d8efc13fc813da3a9e4eec9c3be590723c782c677634114dc2,2024-09,South Wales Police,South Wales Police,-3.343090,51.549830,On or near Ffordd Gwynno,W01001194,Rhondda Cynon Taf 030B,Other theft,Investigation complete; no suspect identified,
ab12bd6a62c144f1355ae447e2a54e810254d0702d2da1dbcda61ced49f1af7d,2024-09,South Wales Police,South Wales Police,-3.363370,51.538321,On or near Main Road,W01001194,Rhondda Cynon Taf 030B,Public order,Unable to prosecute suspect,
5f8b26912d43bf44c4c41ced3817bfafacc5f845246be0d1a1b0128abecb0606,2024-09,South Wales Police,South Wales Police,-3.370843,51.540374,On or near Erw Hir,W01001194,Rhondda Cynon Taf 030B,Violence and sexual offences,Investigation complete; no suspect identified,
6e4aff67dc097ce58c0be6148439ed5af46ad8e2a27515b87a1055f35b4b0cda,2024-09,South Wales Police,South Wales Police,-3.370764,51.545108,On or near Sports/Recreation Area,W01001195,Rhondda Cynon Taf 030C,Other theft,Under investigation,
5998d3381bd5fb893b9794eea305f1b60c8555d49c07c18f408ef91828996ce3,2024-09,South Wales Police,South Wales Police,-3.376465,51.540308,On or near Heol-Y-Beiliau,W01001195,Rhondda Cynon Taf 030C,Other theft,Investigation complete; no suspect identified,
45907efc480f97eda0d5b183d0e51c1862961e2ee9bbcb78857ada93eb52f314,2024-09,South Wales Police,South Wales Police,-3.368546,51.544546,On or near Dan Caerlan,W01001195,Rhondda Cynon Taf 030C,Public order,Unable to prosecute suspect,
7e01feb1f13e682608534c52c48f80723acfb15478257c755c28b9fec8b9b1b3,2024-09,South Wales Police,South Wales Police,-3.368546,51.544546,On or near Dan Caerlan,W01001195,Rhondda Cynon Taf 030C,Violence and sexual offences,Under investigation,
d25ccefb62eeaf8f0bea112e2d4df86f79542e11664f09bb095f089a36dbe4f4,2024-09,South Wales Police,South Wales Police,-3.373735,51.541122,On or near High Street,W01001195,Rhondda Cynon Taf 030C,Violence and sexual offences,Under investigation,
6f6fd2a59ef4e79e11a41ecbd7aa79e5993a6f6b4b6c26d1153d3ac25df8f7b9,2024-09,South Wales Police,South Wales Police,-3.368546,51.544546,On or near Dan Caerlan,W01001195,Rhondda Cynon Taf 030C,Violence and sexual offences,Unable to prosecute suspect,
6b0e12f401fe1f6070ecafb60539130a635723b95780571d1a936514d9efd807,2024-09,South Wales Police,South Wales Police,-3.374994,51.542213,On or near George Street,W01001195,Rhondda Cynon Taf 030C,Violence and sexual offences,Unable to prosecute suspect,
cb21971044a28f9a95e1d7208e6b5a303806fe5e67c9e1053032d2ebd651219b,2024-09,South Wales Police,South Wales Police,-3.374994,51.542213,On or near George Street,W01001195,Rhondda Cynon Taf 030C,Violence and sexual offences,Under investigation,
,2024-09,South Wales Police,South Wales Police,-3.388960,51.534855,On or near Cowbridge Road,W01001242,Rhondda Cynon Taf 030D,Anti-social behaviour,,
2b261c4d4b480b828c50c59d545308e60e74f511b5a5b2b19e8eec4c9ee6607d,2024-09,South Wales Police,South Wales Police,-3.393829,51.538025,On or near Pine Court,W01001242,Rhondda Cynon Taf 030D,Violence and sexual offences,Under investigation,
83547740f64a6ec542f8caa3eec05da2a7bedf32f75254ea58c1c8ad1fed8d95,2024-09,South Wales Police,South Wales Police,-3.390836,51.533493,On or near Clos Springfield,W01001242,Rhondda Cynon Taf 030D,Violence and sexual offences,Unable to prosecute suspect,
efd749c882a34123958c7f91406ed7706239b3a48437e30de8b6ff82a58269b9,2024-09,South Wales Police,South Wales Police,-3.383812,51.535788,On or near Bronhall,W01001243,Rhondda Cynon Taf 030E,Criminal damage and arson,Unable to prosecute suspect,
4297b9fcb8a1dcfa3888d355016dac62b51c509a7638cbd1cebba27095436166,2024-09,South Wales Police,South Wales Police,-3.382579,51.535074,On or near Llys Catwg,W01001243,Rhondda Cynon Taf 030E,Criminal damage and arson,Investigation complete; no suspect identified,
2acda4b4f281ce5099b2c8408e9a3cda2f31792fe434b6e64970a36baa572d67,2024-09,South Wales Police,South Wales Police,-3.383812,51.535788,On or near Bronhall,W01001243,Rhondda Cynon Taf 030E,Criminal damage and arson,Investigation complete; no suspect identified,
9ac0c95bec3c254bde255cea72dddb0fbd33307602269db38de8e7abdcff2541,2024-09,South Wales Police,South Wales Police,-3.383812,51.535788,On or near Bronhall,W01001243,Rhondda Cynon Taf 030E,Criminal damage and arson,Investigation complete; no suspect identified,
1211db04f87f500932e3856313a1283684faeb9c27ca44b3ff64625b148da1ed,2024-09,South Wales Police,South Wales Police,-3.390011,51.532936,On or near A4222,W01001243,Rhondda Cynon Taf 030E,Drugs,Under investigation,
a6564818dcd392cbf6cfa1f85ba8f39b7ae299285b0afaa0bd3cfb6280c4b4c4,2024-09,South Wales Police,South Wales Police,-3.382579,51.535074,On or near Llys Catwg,W01001243,Rhondda Cynon Taf 030E,Other theft,Unable to prosecute suspect,
95077019410d58b8e04f24338b3a113a213b4206dae0cb46b5e877a98efff29b,2024-09,South Wales Police,South Wales Police,-3.382146,51.537912,On or near Talbot Road,W01001243,Rhondda Cynon Taf 030E,Public order,Investigation complete; no suspect identified,
7b5ceae6f8493155ac5fc112c82793ea0d57433c031a2ae83d558f5cc9f13428,2024-09,South Wales Police,South Wales Police,-3.386081,51.535492,On or near Heol Miles,W01001243,Rhondda Cynon Taf 030E,Public order,Unable to prosecute suspect,
76fdfcf8b5d50cd1f6862c1b9aeb53f2ec9d985996b83cf2092d8cd9644b13f6,2024-09,South Wales Police,South Wales Police,-3.376849,51.533442,On or near Supermarket,W01001243,Rhondda Cynon Taf 030E,Shoplifting,Unable to prosecute suspect,
ad8648d5535522beff5c6c078ff33693d2f23dfa9a880d6f62540f266d621f7d,2024-09,South Wales Police,South Wales Police,-3.378784,51.536414,On or near Petrol Station,W01001243,Rhondda Cynon Taf 030E,Shoplifting,Investigation complete; no suspect identified,
8bfa74ee630c5408b339e8ece2c72972e0efb620f74bc500de30e19291492c25,2024-09,South Wales Police,South Wales Police,-3.381137,51.535532,On or near Forest View,W01001243,Rhondda Cynon Taf 030E,Shoplifting,Investigation complete; no suspect identified,
5dad27303f3e082e6aadd6fa0a403f5d46dd25376ae3b90d2c18cba3cc51a8ba,2024-09,South Wales Police,South Wales Police,-3.385031,51.537482,On or near Supermarket,W01001243,Rhondda Cynon Taf 030E,Shoplifting,Investigation complete; no suspect identified,
425e239d34218d177a9d947134961b40b455ee488e596b209c0bfae3c76d1967,2024-09,South Wales Police,South Wales Police,-3.376849,51.533442,On or near Supermarket,W01001243,Rhondda Cynon Taf 030E,Shoplifting,Further investigation is not in the public interest,
d58561896bc5ba67e53f7256bf88a3cbc02b67638a5b13680046d3b737754b29,2024-09,South Wales Police,South Wales Police,-3.378784,51.536414,On or near Petrol Station,W01001243,Rhondda Cynon Taf 030E,Shoplifting,Awaiting court outcome,
3ab0e71dafa42cd406e4fc42a9ef40e27a07edad505e15f3165bcd90db0feb11,2024-09,South Wales Police,South Wales Police,-3.381495,51.536895,On or near Parking Area,W01001243,Rhondda Cynon Taf 030E,Shoplifting,Investigation complete; no suspect identified,
8f2f08206ecff38b2755a6a9d64cc5d4d8bcacce45a3755c9fdd7a5b1541bd47,2024-09,South Wales Police,South Wales Police,-3.385031,51.537482,On or near Supermarket,W01001243,Rhondda Cynon Taf 030E,Shoplifting,Investigation complete; no suspect identified,
86c473a0d4ddcfc20d682b284f4d43c4c6aa6f12c1351e3dd125869146d5c51d,2024-09,South Wales Police,South Wales Police,-3.378784,51.536414,On or near Petrol Station,W01001243,Rhondda Cynon Taf 030E,Shoplifting,Under investigation,
93cdc833532e8aadb73a903d3bc17f333639b772825b56d654e084c1fecc9ffa,2024-09,South Wales Police,South Wales Police,-3.385031,51.537482,On or near Supermarket,W01001243,Rhondda Cynon Taf 030E,Violence and sexual offences,Unable to prosecute suspect,
34ed1e2005a8807e442096be11a3ab73a2836b35107c349771bb6c612864e3eb,2024-09,South Wales Police,South Wales Police,-3.390011,51.532936,On or near A4222,W01001243,Rhondda Cynon Taf 030E,Violence and sexual offences,Under investigation,
d24567607921b0d4657ee91d22e22954f25b1106449ec54dc75bb47c2effcb6b,2024-09,South Wales Police,South Wales Police,-3.383812,51.535788,On or near Bronhall,W01001243,Rhondda Cynon Taf 030E,Violence and sexual offences,Under investigation,
3dc2118e4c3eb47e6f6e843fd405e9b8cdfe3dc303983bf8c5cd6986fe35c665,2024-09,South Wales Police,South Wales Police,-3.381495,51.536895,On or near Parking Area,W01001243,Rhondda Cynon Taf 030E,Violence and sexual offences,Under investigation,
a2e3c167f470348b8f39c2586c4958a1c7329ce5b7f54e8deb9d0e7dd60ea1cf,2024-09,South Wales Police,South Wales Police,-3.383812,51.535788,On or near Bronhall,W01001243,Rhondda Cynon Taf 030E,Violence and sexual offences,Under investigation,
,2024-09,South Wales Police,South Wales Police,-3.432988,51.512196,On or near Maple Close,W01001192,Rhondda Cynon Taf 031B,Anti-social behaviour,,
,2024-09,South Wales Police,South Wales Police,-3.429126,51.512666,On or near Sycamore Road,W01001192,Rhondda Cynon Taf 031B,Anti-social behaviour,,
875b4b077811271c0dbdfdb238abd159cb9df4515b204956da1c607cdf8fd16c,2024-09,South Wales Police,South Wales Police,-3.432045,51.513853,On or near Appletree Close,W01001192,Rhondda Cynon Taf 031B,Public order,Unable to prosecute suspect,
0ef125e8a02ca27100a96a70e75b1e01245fc6d82cee1f7c36e01313ec526338,2024-09,South Wales Police,South Wales Police,-3.429925,51.511028,On or near Llys Deri,W01001192,Rhondda Cynon Taf 031B,Violence and sexual offences,Under investigation,
156baf31b071e855fcafbad80aef49148cbffc4cbec5f29faeadf9ccd8172f68,2024-09,South Wales Police,South Wales Police,-3.428054,51.513434,On or near Birch Grove,W01001192,Rhondda Cynon Taf 031B,Violence and sexual offences,Unable to prosecute suspect,
,2024-09,South Wales Police,South Wales Police,-3.396342,51.521666,On or near Millfield,W01001223,Rhondda Cynon Taf 031C,Anti-social behaviour,,
6112ab99af97dcda98078f3fdb1eda393e33225e6b63f22621110469af1093e6,2024-09,South Wales Police,South Wales Police,-3.402747,51.512939,On or near St Annes Court,W01001223,Rhondda Cynon Taf 031C,Burglary,Investigation complete; no suspect identified,
62f7a2a403f62bf709ce23e110a3e3bb4419cab2f21734d4ab6337f497f7ff51,2024-09,South Wales Police,South Wales Police,-3.402339,51.511371,On or near Cowbridge Road,W01001223,Rhondda Cynon Taf 031C,Criminal damage and arson,Local resolution,
5e184ae6ab05664b3e2a03d3bd2253e735cc582d826a6f37bd722e534ef0caa5,2024-09,South Wales Police,South Wales Police,-3.354631,51.520303,On or near Crofta Lane,W01001225,Rhondda Cynon Taf 031E,Violence and sexual offences,Investigation complete; no suspect identified,
75d229ea648611bb12b196baa7b9852abebce279b5e4f2980264fe180dd62983,2024-09,South Wales Police,South Wales Police,-3.372667,51.523834,On or near Edwardian Way,W01001225,Rhondda Cynon Taf 031E,Violence and sexual offences,Unable to prosecute suspect,
9f3ac9314f7420cded4e8745e919a053cbdc3940b4dcdbf08381bc5d7775e6c1,2024-09,South Wales Police,South Wales Police,-3.371925,51.527430,On or near Newmill Gardens,W01001225,Rhondda Cynon Taf 031E,Violence and sexual offences,Unable to prosecute suspect,
acb69e55946c9ad9cbc58c3c9025bb98dfdacc31230087ec82156866afeceee2,2024-09,South Wales Police,South Wales Police,-3.392662,51.523409,On or near Station Terrace,W01001226,Rhondda Cynon Taf 031F,Other theft,Unable to prosecute suspect,
2a1da106c7aeb0cdd3126ba7f1ffc7d7e4a7189454fd57486c10c5e3865dd280,2024-09,South Wales Police,South Wales Police,-3.383250,51.525337,On or near Brynamlwg,W01001226,Rhondda Cynon Taf 031F,Other theft,Investigation complete; no suspect identified,
c6c3ace3bb5cbb8cfef881e862d482518caac30763a020d209e5f4e3ecad47ce,2024-09,South Wales Police,South Wales Police,-3.392662,51.523409,On or near Station Terrace,W01001226,Rhondda Cynon Taf 031F,Possession of weapons,Unable to prosecute suspect,
44cca69ebaa92d56c2d328ddb3688b82e60217bf927833b9f6e68e7a0c866716,2024-09,South Wales Police,South Wales Police,-3.382000,51.525945,On or near Crystal Wood Drive,W01001226,Rhondda Cynon Taf 031F,Violence and sexual offences,Unable to prosecute suspect,
,2024-09,South Wales Police,South Wales Police,-3.399564,51.528965,On or near Coedcae Lane,W01001967,Rhondda Cynon Taf 031G,Anti-social behaviour,,
9c8bdcc387b153cc5ee54639a5cea22625e00741d2a951c7d56691850f225874,2024-09,South Wales Police,South Wales Police,-3.399564,51.528965,On or near Coedcae Lane,W01001967,Rhondda Cynon Taf 031G,Public order,Investigation complete; no suspect identified,
e0b630a8399b562f9597594656dd3c1076ae183fa0eaa51ed910a3a1f8a4fc67,2024-09,South Wales Police,South Wales Police,-3.439683,51.525728,On or near Llanharry Road,W01001967,Rhondda Cynon Taf 031G,Violence and sexual offences,Unable to prosecute suspect,
211c8b3ab6eb59c56668b139caeee6d72750ccca177a88d92167d2e07b69043d,2024-09,South Wales Police,South Wales Police,-3.436574,51.512584,On or near Carreg Arwyn,W01001967,Rhondda Cynon Taf 031G,Violence and sexual offences,Unable to prosecute suspect,
639c988c26fa8a4c38f6ccbe6cb4f30a8ad6f2af51634001fa0c933ccb3ce80e,2024-09,South Wales Police,South Wales Police,-3.436574,51.512584,On or near Carreg Arwyn,W01001967,Rhondda Cynon Taf 031G,Violence and sexual offences,Unable to prosecute suspect,
08ab029fa675fea3f454bc9a25282188f8aa0e12ff2da50a230050ef84ce3480,2024-09,South Wales Police,South Wales Police,-3.436574,51.512584,On or near Carreg Arwyn,W01001967,Rhondda Cynon Taf 031G,Violence and sexual offences,Unable to prosecute suspect,
10f89210b88679851708b361d9cbcc5fdc844914f8be91539a885a4c08f780eb,2024-09,South Wales Police,South Wales Police,-3.419535,51.512899,On or near Heol Miaren,W01001968,Rhondda Cynon Taf 031H,Public order,Investigation complete; no suspect identified,
d069e25676654f42e2969f7c02159275ef806a59a500e41711bd5a40dabf0843,2024-09,South Wales Police,South Wales Police,-3.422813,51.515881,On or near Bryn Celyn,W01001968,Rhondda Cynon Taf 031H,Violence and sexual offences,Unable to prosecute suspect,
807ef316a893b9c1010eff01bee7ee661197af7ca18c9cdaba1ab32f1a8ecdea,2024-09,South Wales Police,South Wales Police,-2.555904,51.562901,On or near Fernhill,E01014963,South Gloucestershire 004D,Violence and sexual offences,Under investigation,
,2024-09,South Wales Police,South Wales Police,-4.027257,51.710796,On or near Gorsaf Y Glowr,W01000845,Swansea 001A,Anti-social behaviour,,
2ffe38c36755323648aec29f2018dc2cc844558864259429b579c144e16c08d2,2024-09,South Wales Police,South Wales Police,-4.032740,51.710719,On or near Church Lane,W01000845,Swansea 001A,Criminal damage and arson,Investigation complete; no suspect identified,
3acbe27f3d8e1e3d1e073367c09f8f7d47fcedeff990a0077a612d8b3532d81a,2024-09,South Wales Police,South Wales Police,-4.031097,51.711530,On or near Clos Maes Yr Ysgol,W01000845,Swansea 001A,Public order,Unable to prosecute suspect,
17341e90e31acce4cf8d1a593907bfe421a9a015e33a9636c5764a592132cb01,2024-09,South Wales Police,South Wales Police,-4.031097,51.711530,On or near Clos Maes Yr Ysgol,W01000845,Swansea 001A,Public order,Unable to prosecute suspect,
84c0f44f636da886cc4063b33506ade94eaea69db077bd4725f1fdd7a418a4ca,2024-09,South Wales Police,South Wales Police,-4.031097,51.711530,On or near Clos Maes Yr Ysgol,W01000845,Swansea 001A,Public order,Unable to prosecute suspect,
8307c4ac89581deb87c7166bdff22c60d9d97f389cb575e55f38db07c39fccad,2024-09,South Wales Police,South Wales Police,-4.032740,51.710719,On or near Church Lane,W01000845,Swansea 001A,Shoplifting,Investigation complete; no suspect identified,
76a306ea56f9f8080c6615a80ea967de4346e063721a32e950f48b9caffb25bf,2024-09,South Wales Police,South Wales Police,-4.032740,51.710719,On or near Church Lane,W01000845,Swansea 001A,Shoplifting,Investigation complete; no suspect identified,
bca8446d4eafe0a6664d89ac0896fd5f423e92786b05a1a4bb70a3d76c84b5dd,2024-09,South Wales Police,South Wales Police,-4.032238,51.711789,On or near Clos Banc Y Berllan,W01000845,Swansea 001A,Violence and sexual offences,Unable to prosecute suspect,
ec9212def4c3d7589390a12553c8fba1bb6ef014037deb35a11c7c5c0b8767e8,2024-09,South Wales Police,South Wales Police,-4.031097,51.711530,On or near Clos Maes Yr Ysgol,W01000845,Swansea 001A,Violence and sexual offences,Unable to prosecute suspect,
620411ee18f29a4b02dd6dc22fb6e389c42f477aa48dbeaa766d52d6f6c2a5be,2024-09,South Wales Police,South Wales Police,-4.038431,51.711412,On or near Glasfryn Road,W01000845,Swansea 001A,Violence and sexual offences,Unable to prosecute suspect,
174339d39f23f75feb70887ff4c4c8d8d4a758911401e2e013dcc8cb505d4005,2024-09,South Wales Police,South Wales Police,-4.030540,51.713320,On or near Twyniago,W01000845,Swansea 001A,Violence and sexual offences,Investigation complete; no suspect identified,
c501d987b3c64a6a05d351f97910b22b8411c54fc7045cf03d442b1e5d2aec5c,2024-09,South Wales Police,South Wales Police,-4.029542,51.710433,On or near A48,W01000845,Swansea 001A,Violence and sexual offences,Unable to prosecute suspect,
9e6703df815a4b58b9471d8b578d8d9a446a1b8feae22fa7578690bc202ea1ee,2024-09,South Wales Police,South Wales Police,-4.033176,51.707529,On or near Park Terrace,W01000845,Swansea 001A,Violence and sexual offences,Unable to prosecute suspect,
,2024-09,South Wales Police,South Wales Police,-4.042470,51.711423,On or near Llys Morfydd,W01000846,Swansea 001B,Anti-social behaviour,,
,2024-09,South Wales Police,South Wales Police,-4.042470,51.711423,On or near Llys Morfydd,W01000846,Swansea 001B,Anti-social behaviour,,
,2024-09,South Wales Police,South Wales Police,-4.044369,51.715728,On or near Petrol Station,W01000846,Swansea 001B,Anti-social behaviour,,
,2024-09,South Wales Police,South Wales Police,-4.037249,51.713780,On or near Glyn-Llwchwr Road,W01000846,Swansea 001B,Anti-social behaviour,,
,2024-09,South Wales Police,South Wales Police,-4.038463,51.713102,On or near Trinity Close,W01000846,Swansea 001B,Anti-social behaviour,,
3e005758893a231ad9d31197912c0880f9f9a82bd87cd2923981d950b8af7998,2024-09,South Wales Police,South Wales Police,-4.043301,51.713590,On or near Supermarket,W01000846,Swansea 001B,Burglary,Investigation complete; no suspect identified,
a7f3195300e93935d7adff6b4d3b23af5a01205e38846182c9ea292fc2fb0e0a,2024-09,South Wales Police,South Wales Police,-4.038026,51.715277,On or near Ffos-Yr-Efail Terrace,W01000846,Swansea 001B,Criminal damage and arson,Investigation complete; no suspect identified,
3c1b5845cc5cc1aa61543958cb4489d38de7a5422e53082a53a6e3421c5ce859,2024-09,South Wales Police,South Wales Police,-4.039969,51.714065,On or near St Teilo Street,W01000846,Swansea 001B,Criminal damage and arson,Investigation complete; no suspect identified,
2fe3824679777770a3e494f288695b2b90ad83bafb34080a95e09759717c378e,2024-09,South Wales Police,South Wales Police,-4.039470,51.713930,On or near St Teilo Street,W01000846,Swansea 001B,Other theft,Investigation complete; no suspect identified,
f65453da31d539cf4d9bef65c050d067b124b4713d5d481ef2edac994d83f09e,2024-09,South Wales Police,South Wales Police,-4.039378,51.711872,On or near Coedbach Road,W01000846,Swansea 001B,Public order,Unable to prosecute suspect,
a1940172a8efa118c670211f434e92bac48919b8d101e1f2d8f4f76dc6542470,2024-09,South Wales Police,South Wales Police,-4.039470,51.713930,On or near St Teilo Street,W01000846,Swansea 001B,Public order,Unable to prosecute suspect,
2ed1d5b273ab68b519d3b9130f57c75808e1d02b90859ace58f157d351f82fdc,2024-09,South Wales Police,South Wales Police,-4.038026,51.715277,On or near Ffos-Yr-Efail Terrace,W01000846,Swansea 001B,Robbery,Under investigation,
b42cbb7b7d127cddc55205055f3dea206b47da09e12360586c0cbe27af463d9d,2024-09,South Wales Police,South Wales Police,-4.043301,51.713590,On or near Supermarket,W01000846,Swansea 001B,Shoplifting,Unable to prosecute suspect,
37410e0f0702b4108ba3c4d6a8f42ac5f0c4deedeaf3b5ca936f0faa235a5e77,2024-09,South Wales Police,South Wales Police,-4.043301,51.713590,On or near Supermarket,W01000846,Swansea 001B,Shoplifting,Investigation complete; no suspect identified,
e3012ca1189dd93dd9c3609f4f6e64e4e2cb569c799f880f286be0c487b17cee,2024-09,South Wales Police,South Wales Police,-4.039470,51.713930,On or near St Teilo Street,W01000846,Swansea 001B,Violence and sexual offences,Unable to prosecute suspect,
ea75bf7d86a51d8b016e91c85f10fd2fed53b1f151bcf14bbeab8d237c7c3c31,2024-09,South Wales Police,South Wales Police,-4.037249,51.713780,On or near Glyn-Llwchwr Road,W01000846,Swansea 001B,Violence and sexual offences,Under investigation,
c9aaf2283e16b35fc312c515920514b7501caa545665dcef979c9735a9e0c154,2024-09,South Wales Police,South Wales Police,-4.039378,51.711872,On or near Coedbach Road,W01000846,Swansea 001B,Violence and sexual offences,Unable to prosecute suspect,
23c1872c41fac7af697652d049e9a04bda48aee3c094e3dce35958e35000a262,2024-09,South Wales Police,South Wales Police,-4.043301,51.713590,On or near Supermarket,W01000846,Swansea 001B,Violence and sexual offences,Investigation complete; no suspect identified,
,2024-09,South Wales Police,South Wales Police,-4.027601,51.730124,On or near Garnswllt Road,W01000847,Swansea 001C,Anti-social behaviour,,
10fbc28810f061bda130ca9a390ad06123b73fc8094ea5eb3757a736d16c706c,2024-09,South Wales Police,South Wales Police,-4.030476,51.717053,On or near Cae-Gwyn Road,W01000847,Swansea 001C,Criminal damage and arson,Investigation complete; no suspect identified,
2874a9595d8492d58b1d61290ec31b803a3e6211442a0e4eea4869c878f7fd0b,2024-09,South Wales Police,South Wales Police,-4.030476,51.717053,On or near Cae-Gwyn Road,W01000847,Swansea 001C,Violence and sexual offences,Unable to prosecute suspect,
3c6bb384b6118cfa11a2c019c8a913bf1b69efda70a0784bf77d3e304d0b8c7f,2024-09,South Wales Police,South Wales Police,-4.028018,51.717770,On or near Heol-Y-Coed,W01000847,Swansea 001C,Violence and sexual offences,Investigation complete; no suspect identified,
f675428efb9165ec8022f1b725a11c70d485fdd243a11ad5f9029c65caac8aea,2024-09,South Wales Police,South Wales Police,-4.028018,51.717770,On or near Heol-Y-Coed,W01000847,Swansea 001C,Violence and sexual offences,Unable to prosecute suspect,
d17f708037e00b7ac7ec1d8b3a83368c0f67c4eb46d2b81db06d221860d1f8bd,2024-09,South Wales Police,South Wales Police,-4.031062,51.717861,On or near Glynteg Road,W01000848,Swansea 001D,Vehicle crime,Investigation complete; no suspect identified,
0a52e8744f540b84616f480dba1b098c8191c450a997e7481bf5abc112950c77,2024-09,South Wales Police,South Wales Police,-4.026888,51.718401,On or near Glannant Road,W01000848,Swansea 001D,Vehicle crime,Investigation complete; no suspect identified,
03e1f682fcfb98804a03ef65e5314907dd3ae0584d59af33cbec3d4313450221,2024-09,South Wales Police,South Wales Police,-4.027610,51.713839,On or near Bryniago,W01000848,Swansea 001D,Violence and sexual offences,Unable to prosecute suspect,
471fe1f7df5ac048fa762f2bc6e227575934e04f537f999f380d57bafd926130,2024-09,South Wales Police,South Wales Police,-4.027647,51.718865,On or near Heol-Y-Cae,W01000848,Swansea 001D,Violence and sexual offences,Under investigation,
d4cebe058460b0be5d99516e3008a33e42a1e08f1fb51e946caf71b7459fe24b,2024-09,South Wales Police,South Wales Police,-4.027610,51.713839,On or near Bryniago,W01000848,Swansea 001D,Violence and sexual offences,Under investigation,
c840a7caa47b807aed9d09fe32653ac545d826890eac107626775fa5243f99fe,2024-09,South Wales Police,South Wales Police,-4.031062,51.717861,On or near Glynteg Road,W01000848,Swansea 001D,Violence and sexual offences,Under investigation,
15d0516d32737a58daef6d717e2926508bdc29949eef8f08de5066a4761c2dea,2024-09,South Wales Police,South Wales Police,-3.889848,51.699033,On or near Waverly Close,W01000750,Swansea 002A,Burglary,Unable to prosecute suspect,
fb07863e56569f2c347810906a883a5bd4cc5abc00f1a342726aeb8965cabbae,2024-09,South Wales Police,South Wales Police,-3.889848,51.699033,On or near Waverly Close,W01000750,Swansea 002A,Public order,Unable to prosecute suspect,
63b83128de2b7bb9298ac63af854b92948d912250d302d82792eeced970d95ff,2024-09,South Wales Police,South Wales Police,-3.889848,51.699033,On or near Waverly Close,W01000750,Swansea 002A,Violence and sexual offences,Unable to prosecute suspect,
238a5e63a74e52295dd8c3b51c35b2b0258468f7351b4b39940dcd9ebb897f18,2024-09,South Wales Police,South Wales Police,-3.889032,51.696123,On or near B4603,W01000751,Swansea 002B,Criminal damage and arson,Investigation complete; no suspect identified,
aeb50822003c2d371116e318bfd263336cf2640ef79e1ccbc046b9bbd3090af4,2024-09,South Wales Police,South Wales Police,-3.880716,51.699026,On or near Pontardawe Road,W01000751,Swansea 002B,Other theft,Investigation complete; no suspect identified,
71c24efb69c503ca2831dd12508ef7a1613add67d42daf2494712f7b7183bbcd,2024-09,South Wales Police,South Wales Police,-3.868270,51.699702,On or near Parking Area,W01000751,Swansea 002B,Public order,Further investigation is not in the public interest,
c904a9cf92b7addd95bc993835e728e4d0c518320d60cd3e41f8b99944c5554c,2024-09,South Wales Police,South Wales Police,-3.868270,51.699702,On or near Parking Area,W01000751,Swansea 002B,Public order,Under investigation,
c8a9205145070412784aad98424d26f40f22d6e69873278f0aaaf4f1fd8d3411,2024-09,South Wales Police,South Wales Police,-3.889032,51.696123,On or near B4603,W01000751,Swansea 002B,Violence and sexual offences,Unable to prosecute suspect,
068b1df788a3a30c0047f53f8e99f66daa9134b3022b05ed3aeac2e6a6c3830a,2024-09,South Wales Police,South Wales Police,-3.888189,51.698124,On or near Enid Road,W01000751,Swansea 002B,Violence and sexual offences,Further investigation is not in the public interest,
8eefc7ec85ad9eb3a975ab219f525a241bc684d3576185d669baab9659e8205d,2024-09,South Wales Police,South Wales Police,-3.868270,51.699702,On or near Parking Area,W01000751,Swansea 002B,Violence and sexual offences,Unable to prosecute suspect,
eddb8dcf862989e148613b6002564bb843d93291af8c8f9ff683529fd8bb608d,2024-09,South Wales Police,South Wales Police,-3.868270,51.699702,On or near Parking Area,W01000751,Swansea 002B,Violence and sexual offences,Unable to prosecute suspect,
,2024-09,South Wales Police,South Wales Police,-3.907327,51.696232,On or near Ffynnon Wen,W01000752,Swansea 002C,Anti-social behaviour,,
e9024294d48312b8c43cdce483add24d0f41c4e6986a3ea893bb557b200ad34b,2024-09,South Wales Police,South Wales Police,-3.907327,51.696232,On or near Ffynnon Wen,W01000752,Swansea 002C,Criminal damage and arson,Investigation complete; no suspect identified,
bbe7a7b0c0c8906009d9164acfae09ad06a60bf419a7166cb8974fb344d49873,2024-09,South Wales Police,South Wales Police,-3.899966,51.694958,On or near Forge Fach,W01000752,Swansea 002C,Criminal damage and arson,Unable to prosecute suspect,
e58fe7dd442d42f6eb5ceae725a046fe1e3b11451c737937d41462976df125dd,2024-09,South Wales Police,South Wales Police,-3.907327,51.696232,On or near Ffynnon Wen,W01000752,Swansea 002C,Drugs,Awaiting court outcome,
e053e4a314655997495e6627de0babc711925b23c8748f2ab893a65efcade1ed,2024-09,South Wales Police,South Wales Police,-3.905978,51.695112,On or near Tyle Teg,W01000752,Swansea 002C,Public order,Unable to prosecute suspect,
decfb3bb8758ac340b1d581a7f89c6b0d97fce5cf630fd94acd252efaf7fad53,2024-09,South Wales Police,South Wales Police,-3.905978,51.695112,On or near Tyle Teg,W01000752,Swansea 002C,Public order,Unable to prosecute suspect,
4b1fe9c4595a673e92d21a435ac510e3217d099e86875314b546ecf35e1de146,2024-09,South Wales Police,South Wales Police,-3.902990,51.698056,On or near Heol Valentine,W01000752,Swansea 002C,Public order,Unable to prosecute suspect,
7657ab3d1429215a1524c9f3879345b6344ad56a42502ece601f1979bc8c4295,2024-09,South Wales Police,South Wales Police,-3.901536,51.693395,On or near Martin Street,W01000752,Swansea 002C,Public order,Unable to prosecute suspect,
a13501cc430db1d3940f37d254306a736845036548906630ebb1b66b60c32b1d,2024-09,South Wales Police,South Wales Police,-3.904533,51.698616,On or near Woodside Crescent,W01000752,Swansea 002C,Violence and sexual offences,Under investigation,
d84146f0dfd6b27ae1916bee2bee697815f15a8c2cdd449c2256957557be23c5,2024-09,South Wales Police,South Wales Police,-3.902990,51.698056,On or near Heol Valentine,W01000752,Swansea 002C,Violence and sexual offences,Unable to prosecute suspect,
2afb43cca43e2992e02ddcbcd5cb8ebc0c15a0d8c85e6dfc8672c4af35405d88,2024-09,South Wales Police,South Wales Police,-3.903264,51.699077,On or near Heol Graig-Felen,W01000752,Swansea 002C,Violence and sexual offences,Unable to prosecute suspect,
98fc9b4ff3af548fcd1762a61e47f5f939a70fb539b3c2017b9226b99cfe73f3,2024-09,South Wales Police,South Wales Police,-3.902990,51.698056,On or near Heol Valentine,W01000752,Swansea 002C,Violence and sexual offences,Unable to prosecute suspect,
4151f8079d1b6d796f6d7531c532e8b3e34b409f5a9a21d4f50d9141b52c29d5,2024-09,South Wales Police,South Wales Police,-3.903264,51.699077,On or near Heol Graig-Felen,W01000752,Swansea 002C,Violence and sexual offences,Unable to prosecute suspect,
ea538b66a9fbefab19141626d0d42395105033d58e89e3b641a57643020c2110,2024-09,South Wales Police,South Wales Police,-3.902990,51.698056,On or near Heol Valentine,W01000752,Swansea 002C,Violence and sexual offences,Unable to prosecute suspect,
,2024-09,South Wales Police,South Wales Police,-3.897369,51.704136,On or near Dyson Close,W01000753,Swansea 002D,Anti-social behaviour,,
,2024-09,South Wales Police,South Wales Police,-3.899236,51.703099,On or near Newton Road,W01000753,Swansea 002D,Anti-social behaviour,,
fbc58bf1781546e9e3a8bbdc4ecf8d643e15cfce5f6b8bda6e5081be19570577,2024-09,South Wales Police,South Wales Police,-3.905050,51.699893,On or near Danygraig,W01000753,Swansea 002D,Criminal damage and arson,Investigation complete; no suspect identified,
b35022c58e6cc49d0ca9cc434ea04d17629d13a5e73ce3954a1b829cdb0c808f,2024-09,South Wales Police,South Wales Police,-3.905050,51.699893,On or near Danygraig,W01000753,Swansea 002D,Public order,Investigation complete; no suspect identified,
9a70798d7dce75230ac055831e9481ee1af696b41b3810c5ac96ff6918463b4d,2024-09,South Wales Police,South Wales Police,-3.905050,51.699893,On or near Danygraig,W01000753,Swansea 002D,Public order,Under investigation,
029e048cbb5e6064b0871fd7090ee4f3fcaff46f15b73b0686f73b007267d7a9,2024-09,South Wales Police,South Wales Police,-3.905050,51.699893,On or near Danygraig,W01000753,Swansea 002D,Violence and sexual offences,Unable to prosecute suspect,
f038d5161efa0410a992068f38c44790fdf8ee8ee4df481fb184a30d206de0b4,2024-09,South Wales Police,South Wales Police,-3.893835,51.700587,On or near Bryn Tirion,W01000753,Swansea 002D,Violence and sexual offences,Under investigation,
5454461421259bbc9ace97271a6b3ac881242d80ead85435d1ce844d17e61a2f,2024-09,South Wales Police,South Wales Police,-3.905050,51.699893,On or near Danygraig,W01000753,Swansea 002D,Violence and sexual offences,Under investigation,
329339a2f9275ca2649667ed0565319e1cbd48f117133b5a3e3980bd28726bb6,2024-09,South Wales Police,South Wales Police,-3.905050,51.699893,On or near Danygraig,W01000753,Swansea 002D,Violence and sexual offences,Awaiting court outcome,
d4d22e4802c7c424cb465fa72442ec0e75c71e1e55a134b84891fd2b3076c822,2024-09,South Wales Police,South Wales Police,-3.897255,51.701404,On or near Grove Road,W01000753,Swansea 002D,Violence and sexual offences,Unable to prosecute suspect,
996348733a815e6bb9db61d53ed91527650a753089bf863519389172c4598b0d,2024-09,South Wales Police,South Wales Police,-3.897369,51.704136,On or near Dyson Close,W01000753,Swansea 002D,Violence and sexual offences,Unable to prosecute suspect,
ab5f0c45077ecfe87799ae981a752e1c0bf008f3332eb21c971c34e9e66976fc,2024-09,South Wales Police,South Wales Police,-3.905050,51.699893,On or near Danygraig,W01000753,Swansea 002D,Violence and sexual offences,Unable to prosecute suspect,
4b627becb84bb8cbe1274255002b8a04991eb0a0bebe1a627ad2ffd0fe7cc175,2024-09,South Wales Police,South Wales Police,-3.905050,51.699893,On or near Danygraig,W01000753,Swansea 002D,Other crime,Unable to prosecute suspect,
,2024-09,South Wales Police,South Wales Police,-3.893916,51.694921,On or near Supermarket,W01000754,Swansea 002E,Anti-social behaviour,,
,2024-09,South Wales Police,South Wales Police,-3.896895,51.694882,On or near Gwalia Court,W01000754,Swansea 002E,Anti-social behaviour,,
,2024-09,South Wales Police,South Wales Police,-3.896895,51.694882,On or near Gwalia Court,W01000754,Swansea 002E,Anti-social behaviour,,
,2024-09,South Wales Police,South Wales Police,-3.895268,51.697839,On or near Pen-Y-Wern Road,W01000754,Swansea 002E,Anti-social behaviour,,
2cebebce91979aa318d7b1df38eff03a3c04b6b569c1ee3557b752c67c2fa045,2024-09,South Wales Police,South Wales Police,-3.895525,51.696711,On or near Down Street,W01000754,Swansea 002E,Criminal damage and arson,Investigation complete; no suspect identified,
3b2a47f7198b90263dcf36865efac3cb80a39055eba02adcd724a34355c6316a,2024-09,South Wales Police,South Wales Police,-3.894377,51.695561,On or near High Street,W01000754,Swansea 002E,Drugs,Unable to prosecute suspect,
abad2914c21c124013949ac360d84a80203409e34e6fe98125103cd8fca4762b,2024-09,South Wales Police,South Wales Police,-3.892259,51.696809,On or near Parking Area,W01000754,Swansea 002E,Other theft,Unable to prosecute suspect,
1d7a5cb53ebc85f08dba8c3d1f5d70f5433e334545102d1670cc9b70fc40e407,2024-09,South Wales Police,South Wales Police,-3.895268,51.697839,On or near Pen-Y-Wern Road,W01000754,Swansea 002E,Public order,Further investigation is not in the public interest,
03b59859016fc2fe79994cf1d8d1fea8731dd818aea6a66405e93d87f5f6da98,2024-09,South Wales Police,South Wales Police,-3.892259,51.696809,On or near Parking Area,W01000754,Swansea 002E,Shoplifting,Unable to prosecute suspect,
aaa6634a3e8c144d4da9f4c87ac810aba097303c804ccf4b830a2814594bfa7f,2024-09,South Wales Police,South Wales Police,-3.896895,51.694882,On or near Gwalia Court,W01000754,Swansea 002E,Vehicle crime,Under investigation,
cd092a4441a6648541ca84af484bbf1b9bd342eeba068d3b16609500d6962390,2024-09,South Wales Police,South Wales Police,-3.898260,51.700183,On or near Bryn Road,W01000754,Swansea 002E,Violence and sexual offences,Unable to prosecute suspect,
,2024-09,South Wales Police,South Wales Police,-3.919677,51.714160,On or near Clydach Road,W01000803,Swansea 002F,Anti-social behaviour,,
,2024-09,South Wales Police,South Wales Police,-3.911684,51.705181,On or near Mountain Road,W01000803,Swansea 002F,Anti-social behaviour,,
,2024-09,South Wales Police,South Wales Police,-3.919677,51.714160,On or near Clydach Road,W01000803,Swansea 002F,Anti-social behaviour,,
,2024-09,South Wales Police,South Wales Police,-3.919677,51.714160,On or near Clydach Road,W01000803,Swansea 002F,Anti-social behaviour,,
,2024-09,South Wales Police,South Wales Police,-3.991251,51.761689,On or near Heol Y Mynydd,W01000803,Swansea 002F,Anti-social behaviour,,
,2024-09,South Wales Police,South Wales Police,-3.992488,51.772009,On or near Lon-Y-Felin,W01000803,Swansea 002F,Anti-social behaviour,,
,2024-09,South Wales Police,South Wales Police,-3.919677,51.714160,On or near Clydach Road,W01000803,Swansea 002F,Anti-social behaviour,,
,2024-09,South Wales Police,South Wales Police,-3.980554,51.707987,On or near Bwlch Y Gwyn,W01000803,Swansea 002F,Anti-social behaviour,,
,2024-09,South Wales Police,South Wales Police,-3.980554,51.707987,On or near Bwlch Y Gwyn,W01000803,Swansea 002F,Anti-social behaviour,,
199eb554344f3293c829065a5b72870ffbb7ca45b54cab1c588e455071879308,2024-09,South Wales Police,South Wales Police,-3.919677,51.714160,On or near Clydach Road,W01000803,Swansea 002F,Criminal damage and arson,Investigation complete; no suspect identified,
32279f18046f1982f8080d351278e366fa61448320960eb6a852cac3d497f8a5,2024-09,South Wales Police,South Wales Police,-3.991251,51.761689,On or near Heol Y Mynydd,W01000803,Swansea 002F,Other theft,Investigation complete; no suspect identified,
96757f1658c6c94ca7a86765c5e4794c6b9a8a52d46d815a9a1828335f098d99,2024-09,South Wales Police,South Wales Police,-3.919677,51.714160,On or near Clydach Road,W01000803,Swansea 002F,Violence and sexual offences,Investigation complete; no suspect identified,
,2024-09,South Wales Police,South Wales Police,-3.917922,51.674739,On or near Glyn Hirnant,W01000806,Swansea 003A,Anti-social behaviour,,
d96e2f29955a03d73a47126bdf1dd6e2689298e89e7b205d5f051976649d9c11,2024-09,South Wales Police,South Wales Police,-3.921413,51.677254,On or near Llanllienwen Road,W01000806,Swansea 003A,Burglary,Investigation complete; no suspect identified,
61e169f19f8aa8ac4ab984773828ba265bef1da01a012b97be7bef332de20fd1,2024-09,South Wales Police,South Wales Police,-3.922257,51.678409,On or near Clos Cenawon,W01000806,Swansea 003A,Burglary,Investigation complete; no suspect identified,
d4c4ec6ac6d1b4df04ccf17cfa3c2e7888c5b53352336a8c8cda9375907cd687,2024-09,South Wales Police,South Wales Police,-3.917922,51.674739,On or near Glyn Hirnant,W01000806,Swansea 003A,Criminal damage and arson,Awaiting court outcome,
fdc20ec89969efe3048062d92783dcdd731f20f5cd33aea0bf7999285617b325,2024-09,South Wales Police,South Wales Police,-3.915583,51.677223,On or near Cae-Nan,W01000806,Swansea 003A,Drugs,Under investigation,
fd92af4677d3fead36b908953c3d94338ab1f100a4c5a4e4429a59fb23b057f7,2024-09,South Wales Police,South Wales Police,-3.915583,51.677223,On or near Cae-Nan,W01000806,Swansea 003A,Drugs,Awaiting court outcome,
52a6e23a1efbd1c57602e08d5ae67d4e31c2858f12e75fd758b82f5e7ed7d2aa,2024-09,South Wales Police,South Wales Police,-3.915583,51.677223,On or near Cae-Nan,W01000806,Swansea 003A,Vehicle crime,Investigation complete; no suspect identified,
9ac41188a9e179be2ae70ca0f8431a9c9fd3828eb7fa27d0ca2b9f1f37025891,2024-09,South Wales Police,South Wales Police,-3.915583,51.677223,On or near Cae-Nan,W01000806,Swansea 003A,Violence and sexual offences,Under investigation,
3e2debe73da18a675daef55511690b6be0dea2c170043c65a88e132a12c991bc,2024-09,South Wales Police,South Wales Police,-3.912021,51.680914,On or near Clydach Road,W01000806,Swansea 003A,Violence and sexual offences,Unable to prosecute suspect,
647a7fbba3c14d61c015775af7e7bbebd2f99f5f0c84123de8e262acc5aa19b8,2024-09,South Wales Police,South Wales Police,-3.915583,51.677223,On or near Cae-Nan,W01000806,Swansea 003A,Violence and sexual offences,Unable to prosecute suspect,
b119ab55e4a75a8c00429e677ebf89c85919c2f5307af7c4bed31843e781a25d,2024-09,South Wales Police,South Wales Police,-3.918869,51.676603,On or near Gwern Fadog Road,W01000806,Swansea 003A,Other crime,Unable to prosecute suspect,
c13867bb646ad8d353bc9f7e9d4c8685f4af9cc06785f59a5127f77fdd802a26,2024-09,South Wales Police,South Wales Police,-3.924522,51.682688,On or near Cwrt Yr Aeron,W01000807,Swansea 003B,Public order,Unable to prosecute suspect,
7608bf3dcb5c43e53cb5e58baec4b128549102de4989263fbfd00b311f71e105,2024-09,South Wales Police,South Wales Police,-3.923753,51.682296,On or near Clos Crucywel,W01000807,Swansea 003B,Public order,Awaiting court outcome,
ac60bbd0e0bce6721e097f7db5ce2adf193f4185e79edc9d1d8595bcfcbfe870,2024-09,South Wales Police,South Wales Police,-3.927881,51.681743,On or near Sports/Recreation Area,W01000807,Swansea 003B,Violence and sexual offences,Under investigation,
a61f151f7a938bcf8a34b09d2b8dfeb50e622922f4560e92a1443fc738973944,2024-09,South Wales Police,South Wales Police,-3.927881,51.681743,On or near Sports/Recreation Area,W01000807,Swansea 003B,Violence and sexual offences,Under investigation,
7844d3abb1dde2ac34615c24fee5c066529e77438b7a444c0be059c7a0d4d36e,2024-09,South Wales Police,South Wales Police,-3.923753,51.682296,On or near Clos Crucywel,W01000807,Swansea 003B,Violence and sexual offences,Awaiting court outcome,
170cbddf9a13438e3c2e73557bdce05d87539ea944e6058ecc324bffb92922d8,2024-09,South Wales Police,South Wales Police,-3.923804,51.682817,On or near Rhodfa Fadog,W01000807,Swansea 003B,Violence and sexual offences,Unable to prosecute suspect,
ff7bf83cf0d4dba270809abf403ed38eb3bbfec4566980f675831d49b95c5027,2024-09,South Wales Police,South Wales Police,-3.923753,51.682296,On or near Clos Crucywel,W01000807,Swansea 003B,Violence and sexual offences,Awaiting court outcome,
,2024-09,South Wales Police,South Wales Police,-3.927971,51.674673,On or near Heol Dyfan,W01000808,Swansea 003C,Anti-social behaviour,,
,2024-09,South Wales Police,South Wales Police,-3.929724,51.674393,On or near Camellia Drive,W01000808,Swansea 003C,Anti-social behaviour,,
358847eaf4d3d7c2400b4dbe75bab15789aa7230b47377498c713f2f792ffa8c,2024-09,South Wales Police,South Wales Police,-3.933772,51.678427,On or near Enfield Close,W01000808,Swansea 003C,Drugs,Awaiting court outcome,
0f02b43f2f2fa2dedb42ad4b68abeb0c0d07fea594ee9f3f22ee841753e7a88c,2024-09,South Wales Police,South Wales Police,-3.927971,51.674673,On or near Heol Dyfan,W01000808,Swansea 003C,Other theft,Investigation complete; no suspect identified,
,2024-09,South Wales Police,South Wales Police,-3.924720,51.678503,On or near Tregelles Court,W01000810,Swansea 003D,Anti-social behaviour,,
,2024-09,South Wales Police,South Wales Police,-3.925067,51.679505,On or near Llanllienwen Close,W01000810,Swansea 003D,Anti-social behaviour,,
5a4e1b6f328e7ac9ae0945e7e2b9a4181491af19e3d13f931cbfffd9a50d4242,2024-09,South Wales Police,South Wales Police,-3.923814,51.675892,On or near Heol Yr Eithen,W01000810,Swansea 003D,Criminal damage and arson,Unable to prosecute suspect,
8864061f9bd0292ddf0861a362be6133719a4b943d3bcb41becaa5f914f7fefe,2024-09,South Wales Police,South Wales Police,-3.926631,51.679227,On or near Tregarne Close,W01000810,Swansea 003D,Public order,Unable to prosecute suspect,
54c9227207ca4be0ae4420cea827a615be041faa175d54816c39b52aec4f50c6,2024-09,South Wales Police,South Wales Police,-3.921953,51.674666,On or near Sports/Recreation Area,W01000810,Swansea 003D,Violence and sexual offences,Under investigation,
3c7930dd4b24bce6a6637842f594d966a9d23ef19ad1a7c10791996ce5bbfc4c,2024-09,South Wales Police,South Wales Police,-3.923319,51.678212,On or near Penrhyn Court,W01000810,Swansea 003D,Violence and sexual offences,Unable to prosecute suspect,
676a1877290ab011c93ad4dd50668d8f22c0fac3263cce34378f3a4d8fce4b55,2024-09,South Wales Police,South Wales Police,-3.923814,51.675892,On or near Heol Yr Eithen,W01000810,Swansea 003D,Violence and sexual offences,Further investigation is not in the public interest,
71c2286b4371175e9a0215a482646c6e39e9abfc1beb850d43c4d5ddd217a287,2024-09,South Wales Police,South Wales Police,-3.923319,51.678212,On or near Penrhyn Court,W01000810,Swansea 003D,Violence and sexual offences,Awaiting court outcome,
64e140a455d32d10d2c22d5f71c7b89cb5d8822e6e03d6d5072f642fabdfdb3f,2024-09,South Wales Police,South Wales Police,-3.926631,51.679227,On or near Tregarne Close,W01000810,Swansea 003D,Violence and sexual offences,Under investigation,
dceccf6b4bbf1052de888c8a1eecea9f9e0adfaf495d6b4c9866aa8423614ca4,2024-09,South Wales Police,South Wales Police,-3.923814,51.675892,On or near Heol Yr Eithen,W01000810,Swansea 003D,Violence and sexual offences,Unable to prosecute suspect,
48727c883d61d166b27eb4c81a0d90c79e8cea69bdafd7296e126be57fe5d997,2024-09,South Wales Police,South Wales Police,-3.909260,51.682685,On or near Ffordd Cwm Tawe,W01000815,Swansea 003E,Other theft,Investigation complete; no suspect identified,
cb5ce9d34de435e9503e362cedb73e373843dc62860c6d3700fe13ab288f7aca,2024-09,South Wales Police,South Wales Police,-3.912599,51.686048,On or near Woodland Park,W01000815,Swansea 003E,Violence and sexual offences,Unable to prosecute suspect,
7a060b727f70a20d399267dba1090d7bb39c0105b80df7c57f855e1180f0e1ba,2024-09,South Wales Police,South Wales Police,-3.912599,51.686048,On or near Woodland Park,W01000815,Swansea 003E,Violence and sexual offences,Investigation complete; no suspect identified,
416c0ee4435ea20a873bb73959290f7ed2a641ecc201342b79a4a0f9b34eed75,2024-09,South Wales Police,South Wales Police,-3.911934,51.684350,On or near Bryntawe Road,W01000815,Swansea 003E,Violence and sexual offences,Unable to prosecute suspect,
25a993fe4d33f04599f8dd3511992aa83ef1c2799eeec60befb92597a7e601f1,2024-09,South Wales Police,South Wales Police,-3.914272,51.680778,On or near Orpheus Road,W01000815,Swansea 003E,Other crime,Unable to prosecute suspect,
c798949b81b2fa577c75346bd6dfa67cfb7ac5021a2a0468795a8354245cfaaa,2024-09,South Wales Police,South Wales Police,-3.932777,51.682570,On or near Morriston Hospital,W01000816,Swansea 003F,Other theft,Unable to prosecute suspect,
dab719a053f73279bef823424a11a278fda24f52ca776a13468fe9e4f8e01430,2024-09,South Wales Police,South Wales Police,-3.938624,51.681970,On or near Cyril Evans Way,W01000816,Swansea 003F,Public order,Investigation complete; no suspect identified,
7f8c4e94ef715557f52c0693edeb4dd7de7032aba846abdab2e32283afd8dae8,2024-09,South Wales Police,South Wales Police,-3.937211,51.681050,On or near Jessop Court,W01000816,Swansea 003F,Vehicle crime,Investigation complete; no suspect identified,
40126ec982621d11adf37b0c704bc2392dea1f99f0200ec1ba054c0191c9e646,2024-09,South Wales Police,South Wales Police,-3.930766,51.682235,On or near Cwrt Llwynog,W01000816,Swansea 003F,Violence and sexual offences,Under investigation,
351638a64d0e91d7e8cb5fe258d1968eca05edae766007630e06600a8694feaf,2024-09,South Wales Police,South Wales Police,-3.932777,51.682570,On or near Morriston Hospital,W01000816,Swansea 003F,Violence and sexual offences,Investigation complete; no suspect identified,
632db2082ddcc80b4343332459a124d845e6e3342fd6ee8d5f629c21864104e7,2024-09,South Wales Police,South Wales Police,-3.932777,51.682570,On or near Morriston Hospital,W01000816,Swansea 003F,Violence and sexual offences,Under investigation,
129e84357565d325b88e9e484261282b717f75431579f68248362e4102c91cd0,2024-09,South Wales Police,South Wales Police,-3.932777,51.682570,On or near Morriston Hospital,W01000816,Swansea 003F,Violence and sexual offences,Unable to prosecute suspect,
106abcb27b5dbe3752e14d8ee043cec501b79ff61b798d998dcab6bfa6dac07e,2024-09,South Wales Police,South Wales Police,-3.932777,51.682570,On or near Morriston Hospital,W01000816,Swansea 003F,Violence and sexual offences,Action to be taken by another organisation,
fc4569a2e64a69b086c31d6415fc48e82c2b5a26dc32f326a2dae0ff3365b654,2024-09,South Wales Police,South Wales Police,-3.932777,51.682570,On or near Morriston Hospital,W01000816,Swansea 003F,Violence and sexual offences,Awaiting court outcome,
6b991c09cf2d0b8e150e025c73b7c68e1cb2e9a0d50b48d280517cdbefd70f9f,2024-09,South Wales Police,South Wales Police,-3.932777,51.682570,On or near Morriston Hospital,W01000816,Swansea 003F,Violence and sexual offences,Under investigation,
4c81c0e6bcb02880987640f6ad6ad26d61226bdc85563970eda512d3db6583a1,2024-09,South Wales Police,South Wales Police,-3.932777,51.682570,On or near Morriston Hospital,W01000816,Swansea 003F,Other crime,Offender given a caution,
f60b29c62f5264b8316d30ce996161444d96d00cd9dee2257402aecd6476d9e8,2024-09,South Wales Police,South Wales Police,-3.951195,51.668849,On or near Cae Melyn,W01000791,Swansea 004A,Vehicle crime,Investigation complete; no suspect identified,
40c637f4c8985b83c9704f0372817ca69e4e1f3af668017c34aabc02ed0df3e4,2024-09,South Wales Police,South Wales Police,-3.953307,51.669533,On or near Pen Y Maes,W01000791,Swansea 004A,Vehicle crime,Investigation complete; no suspect identified,
a02bcd2efe89fec5a642ed39447b009e8fe231c167777272b1c867834bfb88f8,2024-09,South Wales Police,South Wales Police,-3.954400,51.671413,On or near Y-Wern,W01000791,Swansea 004A,Violence and sexual offences,Investigation complete; no suspect identified,
70735a5b57075c55f35facd6e0998989644a761d2c6f8d3e9e6a37563eebfe41,2024-09,South Wales Police,South Wales Police,-3.951915,51.670132,On or near Bryn Rhosyn,W01000791,Swansea 004A,Violence and sexual offences,Investigation complete; no suspect identified,
,2024-09,South Wales Police,South Wales Police,-4.004919,51.707415,On or near Park/Open Space,W01000792,Swansea 004B,Anti-social behaviour,,
,2024-09,South Wales Police,South Wales Police,-4.013512,51.707031,On or near Heol Y Barna,W01000792,Swansea 004B,Anti-social behaviour,,
9274b7a4a8a443ccbf64508a19bb93376dfe49a2890c92e6aa8e822dc454173b,2024-09,South Wales Police,South Wales Police,-4.009896,51.694351,On or near Y Llanerch,W01000792,Swansea 004B,Criminal damage and arson,Unable to prosecute suspect,
76ed839769b5defd06eb5af53a7b714cce16931baa99dbd82c4f94fa1991e346,2024-09,South Wales Police,South Wales Police,-4.009775,51.692608,On or near Heol-Y-Parc,W01000792,Swansea 004B,Other theft,Investigation complete; no suspect identified,
bf4562aadf2e6ec98ccb3dd4e4c68e06c8734e53540f9f49dcc476c7d7233df6,2024-09,South Wales Police,South Wales Police,-4.018536,51.703150,On or near Allt-Y-Graban Road,W01000792,Swansea 004B,Public order,Investigation complete; no suspect identified,
d0f3187487bef5baca14ba780bf17d820bf0c9c2ab62f5489f6b057df9a48e50,2024-09,South Wales Police,South Wales Police,-3.995011,51.677681,On or near Petrol Station,W01000792,Swansea 004B,Shoplifting,Investigation complete; no suspect identified,
755bb9a94ee8334ec986e5419c71722b5d0efd6e2b67bbdcbe5da2b184bb3c83,2024-09,South Wales Police,South Wales Police,-4.012626,51.688036,On or near Swansea Road,W01000792,Swansea 004B,Violence and sexual offences,Unable to prosecute suspect,
726484aac93fa8348dc8bf389c386557f6f119eb1a84b1e84e3d368280b19084,2024-09,South Wales Police,South Wales Police,-4.012626,51.688036,On or near Swansea Road,W01000792,Swansea 004B,Violence and sexual offences,Unable to prosecute suspect,
1f3a588fada17d8b84ee4d49789cf8eee821747ae72e936b17d75b1d9cc39ae7,2024-09,South Wales Police,South Wales Police,-3.997309,51.681580,On or near Clos Cerdinen,W01000793,Swansea 004C,Burglary,Investigation complete; no suspect identified,
ebc2dcb839e4936e7dd7ce1cc9377e2feccdd36dc731fa7bc18b261330e90062,2024-09,South Wales Police,South Wales Police,-3.952352,51.671878,On or near Llysgwyn,W01000793,Swansea 004C,Criminal damage and arson,Investigation complete; no suspect identified,
fce0ff78f1830d03b6e5a8dd53f5a4f5bd51955862625e9ad939ac6ca9f97610,2024-09,South Wales Police,South Wales Police,-3.967115,51.682477,On or near Parking Area,W01000793,Swansea 004C,Public order,Investigation complete; no suspect identified,
563bb1bc28cc8854cc3b05b6ca1840e3ac597ef5d2da097a6e1e5b6af43d8d78,2024-09,South Wales Police,South Wales Police,-3.967115,51.682477,On or near Parking Area,W01000793,Swansea 004C,Public order,Investigation complete; no suspect identified,
03843481cd044b03900d0c72dfc31a8afee86bbd3c9d219eddc946008bfc9aeb,2024-09,South Wales Police,South Wales Police,-3.997309,51.681580,On or near Clos Cerdinen,W01000793,Swansea 004C,Public order,Under investigation,
ee04eb100b5b9485c5c992bdac604c784f2993a257417d3df1af98dcf8fe0241,2024-09,South Wales Police,South Wales Police,-3.957212,51.669540,On or near Maes Sant Teilo,W01000793,Swansea 004C,Vehicle crime,Investigation complete; no suspect identified,
3f41dcfaeecf2b39c5a87c67f2f52c0ec2a4e236e4b645eaa84fe760f763561a,2024-09,South Wales Police,South Wales Police,-3.952352,51.671878,On or near Llysgwyn,W01000793,Swansea 004C,Violence and sexual offences,Investigation complete; no suspect identified,
5a561a3ee60e9aa9cdc7ebb0de1fffcfa03c74ebc81836d61ec6127ec701b5b0,2024-09,South Wales Police,South Wales Police,-3.958284,51.669918,On or near Swansea Road,W01000793,Swansea 004C,Violence and sexual offences,Investigation complete; no suspect identified,
87a7e6a5743e50caf399c00d2083d4daa5cc8805f5b34db749ac4a0ad0baf36e,2024-09,South Wales Police,South Wales Police,-3.939773,51.685504,On or near Rhyd-Y-Pandy Road,W01000793,Swansea 004C,Violence and sexual offences,Unable to prosecute suspect,
a0913850de9a3bf0e63ec2654b02fddd8ed7e28d3ebb2cb131b266bc4f771398,2024-09,South Wales Police,South Wales Police,-4.002238,51.672306,On or near Petrol Station,W01000837,Swansea 004D,Criminal damage and arson,Investigation complete; no suspect identified,
8f3db527c18b26b4952a416f089158de1b76baad2bcf00872716e81b002db5ac,2024-09,South Wales Police,South Wales Police,-3.993402,51.671998,On or near Oak Way,W01000837,Swansea 004D,Other theft,Investigation complete; no suspect identified,
c2d3a2ec24ff82b42399cbb4d27ca70faa54c148108919ac037ae25c8bee95b2,2024-09,South Wales Police,South Wales Police,-4.002238,51.672306,On or near Petrol Station,W01000837,Swansea 004D,Other theft,Investigation complete; no suspect identified,
8da77fee559aba8b782699869bbe01fd976027812fff84be69c4e8eff8a99e93,2024-09,South Wales Police,South Wales Police,-4.002238,51.672306,On or near Petrol Station,W01000837,Swansea 004D,Violence and sexual offences,Unable to prosecute suspect,
25f3f2332c0fd769b8406b3172c79264676a481f99344b257ae719ca21650783,2024-09,South Wales Police,South Wales Police,-4.002443,51.676295,On or near Parc Penderi,W01000837,Swansea 004D,Violence and sexual offences,Unable to prosecute suspect,
f52371bc92536e72b8bd3f755bbf26ecae2b78bed72efb9a34bee2d842484816,2024-09,South Wales Police,South Wales Police,-4.016827,51.667668,On or near Supermarket,W01000838,Swansea 004E,Public order,Unable to prosecute suspect,
410ef85dedc82ebee5786a6e1a826d7477e8e4fcaa32d9d14f86e6c06e926e6a,2024-09,South Wales Police,South Wales Police,-4.008772,51.671592,On or near Gilfach,W01000838,Swansea 004E,Violence and sexual offences,Unable to prosecute suspect,
cc70a574777a855f5af6edcc3482c722edb2347b803ad0a574894786f6a954a4,2024-09,South Wales Police,South Wales Police,-4.008772,51.671592,On or near Gilfach,W01000838,Swansea 004E,Violence and sexual offences,Unable to prosecute suspect,
73159c2cfa0920bc7393f7a78660103c3e524bb6c93ae8d0ef6c81c504d3966a,2024-09,South Wales Police,South Wales Police,-4.008772,51.671592,On or near Gilfach,W01000838,Swansea 004E,Violence and sexual offences,Local resolution,
795b1fd3da3720781f7a24c8e0c422a71e53f1e34ce84f61188de79d0878b441,2024-09,South Wales Police,South Wales Police,-4.016827,51.667668,On or near Supermarket,W01000838,Swansea 004E,Other crime,Under investigation,
,2024-09,South Wales Police,South Wales Police,-4.041591,51.669093,On or near B4296,W01000774,Swansea 005B,Anti-social behaviour,,
,2024-09,South Wales Police,South Wales Police,-4.042857,51.669574,On or near Supermarket,W01000774,Swansea 005B,Anti-social behaviour,,
aa33f2ade89392325f0763f25a6a707339fad4107e2132c7251002e8e7ebd6e0,2024-09,South Wales Police,South Wales Police,-4.041591,51.669093,On or near B4296,W01000774,Swansea 005B,Criminal damage and arson,Investigation complete; no suspect identified,
2d8399e66ac500a87624665f511ff26166f29e5a250edd80767f65dc8d1a9060,2024-09,South Wales Police,South Wales Police,-4.041591,51.669093,On or near B4296,W01000774,Swansea 005B,Criminal damage and arson,Investigation complete; no suspect identified,
a92e53371902470dc976cc3cd2924e0a5655f016a2e86eafee30cb70af17eed7,2024-09,South Wales Police,South Wales Police,-4.043784,51.672184,On or near Llanerch Crescent,W01000774,Swansea 005B,Other theft,Investigation complete; no suspect identified,
1b48035d62fa0f83ec4d0d9c4832ee4229dc98b77e1d5bc093898fb80a3aec49,2024-09,South Wales Police,South Wales Police,-4.042857,51.669574,On or near Supermarket,W01000774,Swansea 005B,Violence and sexual offences,Investigation complete; no suspect identified,
8bfc9e3cfb97978222f7597de0df92317ca7a47029180836523a81e9081f8b2c,2024-09,South Wales Police,South Wales Police,-4.042857,51.669574,On or near Supermarket,W01000774,Swansea 005B,Violence and sexual offences,Unable to prosecute suspect,
51c1881f88626242b10f46486870f680e59974e0daeeb513f0b540668e02572d,2024-09,South Wales Police,South Wales Police,-4.050592,51.669529,On or near Brynamlwg Road,W01000841,Swansea 005C,Other theft,Under investigation,
4d1342f20fe1dbe2dd159ead1b4531bd217b97326e622d019c58affe855daf5d,2024-09,South Wales Police,South Wales Police,-4.051993,51.669801,On or near Bryneithin Road,W01000841,Swansea 005C,Public order,Unable to prosecute suspect,
a057a9e7512f1222f719e74bc2fd50b7349be430a4890b48ce636d1844972c7b,2024-09,South Wales Police,South Wales Police,-4.055223,51.670554,On or near Meadow Drive,W01000841,Swansea 005C,Violence and sexual offences,Under investigation,
f62b89864a4d64f9a982fed58c6cf9c3212354d6f00a1464db79d2b7796ac45d,2024-09,South Wales Police,South Wales Police,-4.052750,51.668952,On or near Hawthorn Avenue,W01000841,Swansea 005C,Violence and sexual offences,Investigation complete; no suspect identified,
19b03fb07c56e8861ad64abf48a9a7500d866a80d2ee27236e23aea933af0695,2024-09,South Wales Police,South Wales Police,-4.051993,51.669801,On or near Bryneithin Road,W01000841,Swansea 005C,Violence and sexual offences,Unable to prosecute suspect,
,2024-09,South Wales Police,South Wales Police,-4.041260,51.677488,On or near Heol Y Nantlais,W01000842,Swansea 005D,Anti-social behaviour,,
685d477db2f8938bf1610f144eb041ce6507ae14f3dfe31019fffe8ae91386fd,2024-09,South Wales Police,South Wales Police,-4.042463,51.675422,On or near Sports/Recreation Area,W01000842,Swansea 005D,Criminal damage and arson,Investigation complete; no suspect identified,
c221a3d43780490a3b83ecb972fb2b6f864b8d2af43f6d9e42a2a4413dbbe13f,2024-09,South Wales Police,South Wales Police,-4.041649,51.698983,On or near Pentre Road,W01000842,Swansea 005D,Criminal damage and arson,Investigation complete; no suspect identified,
693f2e775960a89415a7511d30cec87008f19824ecf375f41380aabf0b9eb7fc,2024-09,South Wales Police,South Wales Police,-4.042463,51.675422,On or near Sports/Recreation Area,W01000842,Swansea 005D,Drugs,Unable to prosecute suspect,
76e8f5367a60f19697a049f243eb5f39b6162dfff131644c63abbb2bf17ed1be,2024-09,South Wales Police,South Wales Police,-4.037632,51.687209,On or near Tyrisha Avenue,W01000842,Swansea 005D,Public order,Investigation complete; no suspect identified,
5e292501febf382915219eede64b6840d712b25c7bf19d3481d5d4b9798fa974,2024-09,South Wales Police,South Wales Police,-4.040485,51.690811,On or near Woodcote Green,W01000842,Swansea 005D,Public order,Investigation complete; no suspect identified,
018629aaca9e43c8bcbb6e0b44d96a94c5c14ceb426c8e427e75dc0098dd7bcf,2024-09,South Wales Police,South Wales Police,-4.042463,51.675422,On or near Sports/Recreation Area,W01000842,Swansea 005D,Public order,Unable to prosecute suspect,
55a514dc96b2cfd56ca24e59efe16e4615945615b11e29456e1be7a4ffdd5c23,2024-09,South Wales Police,South Wales Police,-4.042463,51.675422,On or near Sports/Recreation Area,W01000842,Swansea 005D,Violence and sexual offences,Under investigation,
4b073537590ea189b5b550a0a75546bf6adc281f76decdf289e260a4a10b2b64,2024-09,South Wales Police,South Wales Police,-4.036642,51.687056,On or near Tyrisha Road,W01000842,Swansea 005D,Other crime,Formal action is not in the public interest,
,2024-09,South Wales Police,South Wales Police,-4.050069,51.677802,On or near Penyrheol Road,W01000843,Swansea 005E,Anti-social behaviour,,
e8b34ec41485a7880c810a06f32bb323fa41aae07ab0af8e1b217b167541fdca,2024-09,South Wales Police,South Wales Police,-4.050069,51.677802,On or near Penyrheol Road,W01000843,Swansea 005E,Public order,Under investigation,
f76aaeb46c14ce90fc28602d4b4cc53d383800fd494d70def5ac6c9e8705d5e5,2024-09,South Wales Police,South Wales Police,-4.050069,51.677802,On or near Penyrheol Road,W01000843,Swansea 005E,Public order,Awaiting court outcome,
e1bd79e4fe73707f26e3af4bdee4ce48e743ead32e286dd2fe145b3f002451ec,2024-09,South Wales Police,South Wales Police,-4.047960,51.675294,On or near Pen-Cae-Crwn Road,W01000843,Swansea 005E,Vehicle crime,Investigation complete; no suspect identified,
eb26d7607d232369c75ddaae69285c1ecc4200160a8fe833ead71be50a33fc68,2024-09,South Wales Police,South Wales Police,-4.050576,51.674943,On or near Frampton Road,W01000843,Swansea 005E,Violence and sexual offences,Unable to prosecute suspect,
,2024-09,South Wales Police,South Wales Police,-4.057890,51.673565,On or near Clos Brynafon,W01000844,Swansea 005F,Anti-social behaviour,,
c1cb788461d521eee1ebefa58ef342e358838f600ff7dd9285460212bb0f94a6,2024-09,South Wales Police,South Wales Police,-4.053080,51.679449,On or near Llannant Road,W01000844,Swansea 005F,Burglary,Investigation complete; no suspect identified,
483d4105c72836e597993d1d890da13178ff15b093b81b242712137b92864432,2024-09,South Wales Police,South Wales Police,-4.053430,51.678553,On or near Rowan Close,W01000844,Swansea 005F,Criminal damage and arson,Investigation complete; no suspect identified,
cb6362ec3c286c77907ad18195d88a76b4acef24ef17721a4fcae4a835ecf006,2024-09,South Wales Police,South Wales Police,-4.054794,51.677054,On or near Heol Y Creyr Bach,W01000844,Swansea 005F,Drugs,Awaiting court outcome,
1a69b9935fe61c35376271b59b6677656384d2cee8e051b1e41c7371ce275961,2024-09,South Wales Police,South Wales Police,-4.057890,51.673565,On or near Clos Brynafon,W01000844,Swansea 005F,Public order,Unable to prosecute suspect,
4e1f9dd970fb3e146e353860b9708aee6fa90861e7e734de326eaa86156a1eb9,2024-09,South Wales Police,South Wales Police,-4.053859,51.676531,On or near Gower View Road,W01000844,Swansea 005F,Public order,Unable to prosecute suspect,
35e924a050c34f6bd35aa3c4de289367572c1d29a873cd900e397593b88a6306,2024-09,South Wales Police,South Wales Police,-4.051520,51.676950,On or near Cedar Avenue,W01000844,Swansea 005F,Vehicle crime,Investigation complete; no suspect identified,
53a376e8138e7e16a47a06a6058f8d4590f2ede0392b4027f842929cc3258936,2024-09,South Wales Police,South Wales Police,-4.052873,51.676485,On or near Beech Crescent,W01000844,Swansea 005F,Violence and sexual offences,Unable to prosecute suspect,
2598b3e5b6b1e9a16c544819a1abaa79fc252f63fde0f1dc10543b16c9e3de9e,2024-09,South Wales Police,South Wales Police,-4.051543,51.677462,On or near Chestnut Avenue,W01000844,Swansea 005F,Violence and sexual offences,Unable to prosecute suspect,
cd73b6f1184c57997df8d4d4d17b7e9e88479462776fdca64f031b9fe566be60,2024-09,South Wales Police,South Wales Police,-4.052873,51.676485,On or near Beech Crescent,W01000844,Swansea 005F,Violence and sexual offences,Unable to prosecute suspect,
fb986b8b46e3c4a3f19a15616a231c7bbeb8ae05446e0857e7c1bc48e1628c29,2024-09,South Wales Police,South Wales Police,-4.053430,51.678553,On or near Rowan Close,W01000844,Swansea 005F,Violence and sexual offences,Unable to prosecute suspect,
,2024-09,South Wales Police,South Wales Police,-4.034804,51.667946,On or near Nightclub,W01001991,Swansea 005G,Anti-social behaviour,,
,2024-09,South Wales Police,South Wales Police,-4.042290,51.670483,On or near Parking Area,W01001991,Swansea 005G,Anti-social behaviour,,
,2024-09,South Wales Police,South Wales Police,-4.039193,51.668496,On or near Cross Street,W01001991,Swansea 005G,Anti-social behaviour,,
82e45e4c54b2ee5140f0e7e6d4b6da0cec4ef441d3e276c20b33fc6c9d531c4f,2024-09,South Wales Police,South Wales Police,-4.039214,51.674448,On or near Pontardulais Road,W01001991,Swansea 005G,Criminal damage and arson,Investigation complete; no suspect identified,
28f2569dc83213135cfab69dd022059ef11b010e90126412319cb62f4f4233c5,2024-09,South Wales Police,South Wales Police,-4.035168,51.669366,On or near Parking Area,W01001991,Swansea 005G,Shoplifting,Investigation complete; no suspect identified,
32a6701923b17d237a06c56c41c49622f4ab236dc9333b63c05ddc6f5c1356c9,2024-09,South Wales Police,South Wales Police,-4.034878,51.670116,On or near Supermarket,W01001991,Swansea 005G,Shoplifting,Investigation complete; no suspect identified,
f80e6ed846eba1726006fe37ecda6be8b354b0a523f49eaec23cfc50655f021d,2024-09,South Wales Police,South Wales Police,-4.035168,51.669366,On or near Parking Area,W01001991,Swansea 005G,Shoplifting,Investigation complete; no suspect identified,
46893e4bffb78750597b37d7b2cc389a121d29e69c7f89498f7361ba206cd65b,2024-09,South Wales Police,South Wales Police,-4.034878,51.670116,On or near Supermarket,W01001991,Swansea 005G,Violence and sexual offences,Investigation complete; no suspect identified,
50f4a23cf811c06f880cbb33b721c0de408e1f3033a942f1eb69cab808bb72e7,2024-09,South Wales Police,South Wales Police,-4.037797,51.668970,On or near High Street,W01001991,Swansea 005G,Violence and sexual offences,Unable to prosecute suspect,
cb337fb512f584aefd6618ffadee477dd1bcb11c43d77f382d793f7ddf4e8558,2024-09,South Wales Police,South Wales Police,-4.040327,51.669267,On or near A4240,W01001991,Swansea 005G,Other crime,Under investigation,
6ab85caf9dcb548a4801e6bab63714fd6562b405a36db52326cc250f7a6a04ba,2024-09,South Wales Police,South Wales Police,-4.037797,51.668970,On or near High Street,W01001991,Swansea 005G,Other crime,Investigation complete; no suspect identified,
dfeda513129adc876a3f0dabe149c7e010c4672dd9b49335413bbdb9853e9e4d,2024-09,South Wales Police,South Wales Police,-4.036644,51.665518,On or near Ffordd Yr Afon,W01001992,Swansea 005H,Violence and sexual offences,Unable to prosecute suspect,
8356f3866db2e567e8ad19a130f52109244d79f3c3f5531638dcc745b348e567,2024-09,South Wales Police,South Wales Police,-4.037484,51.662635,On or near Moorland Green,W01001992,Swansea 005H,Violence and sexual offences,Unable to prosecute suspect,
394ad086917883be5dfb10ab558b08ce96575ce953a49a4df622a4427967ca21,2024-09,South Wales Police,South Wales Police,-3.877320,51.664173,On or near Rhyd-Y-Coed,W01000795,Swansea 006A,Burglary,Investigation complete; no suspect identified,
938abbe47b6f072cf8b76b8304d8c4d4111f1b3dc3b6ec75c08ac652cc92b47c,2024-09,South Wales Police,South Wales Police,-3.868854,51.664344,On or near Heol Y Cyw,W01000795,Swansea 006A,Criminal damage and arson,Awaiting court outcome,
8cbd7888b6dbb4b2efa2b650c529344821dc2344e6f50055669c1104876db8ae,2024-09,South Wales Police,South Wales Police,-3.876062,51.662763,On or near Dan-Y-Coed Road,W01000795,Swansea 006A,Possession of weapons,Awaiting court outcome,
6314af538c09bbb3c8e2362155c5f5c218cb559fdc254e101689e7e448f6f7f1,2024-09,South Wales Police,South Wales Police,-3.871424,51.669878,On or near Y Gelli,W01000795,Swansea 006A,Violence and sexual offences,Under investigation,
48fa0999d812451ea849d4ef2d3e204928f59209b6c79d08336558bc2aa24b22,2024-09,South Wales Police,South Wales Police,-3.876062,51.662763,On or near Dan-Y-Coed Road,W01000795,Swansea 006A,Other crime,Awaiting court outcome,
,2024-09,South Wales Police,South Wales Police,-3.870215,51.686866,On or near Balaclava Road,W01000800,Swansea 006C,Anti-social behaviour,,
,2024-09,South Wales Police,South Wales Police,-3.870215,51.686866,On or near Balaclava Road,W01000800,Swansea 006C,Anti-social behaviour,,
,2024-09,South Wales Police,South Wales Police,-3.870215,51.686866,On or near Balaclava Road,W01000800,Swansea 006C,Anti-social behaviour,,
,2024-09,South Wales Police,South Wales Police,-3.870215,51.686866,On or near Balaclava Road,W01000800,Swansea 006C,Anti-social behaviour,,
d94451d5c94a87a27d4b1a8cae6f10fa946453e6cd674ef73355ffc3c9d59280,2024-09,South Wales Police,South Wales Police,-3.870215,51.686866,On or near Balaclava Road,W01000800,Swansea 006C,Other theft,Investigation complete; no suspect identified,
53bff47c376568cccb1022d02cd9c4542f4c641d94df4305f88696605cb3faa8,2024-09,South Wales Police,South Wales Police,-3.870215,51.686866,On or near Balaclava Road,W01000800,Swansea 006C,Public order,Unable to prosecute suspect,
d8265b6939d8b29fe7523a6faa2c2eb2032968d040628757219fa1bdebf00ac7,2024-09,South Wales Police,South Wales Police,-3.877753,51.672538,On or near Haul Fryn,W01000800,Swansea 006C,Violence and sexual offences,Unable to prosecute suspect,
3399d56556b0dbc10e91f1f39823b524d080024e07806e0faf2c49ba98e39600,2024-09,South Wales Police,South Wales Police,-3.876376,51.677002,On or near B4291,W01000800,Swansea 006C,Violence and sexual offences,Unable to prosecute suspect,
c82ac87059b9b84c200997672977de03f6a6cfcf159f74182c43930b92a38d96,2024-09,South Wales Police,South Wales Police,-3.877084,51.668241,On or near Heol Camlan,W01000801,Swansea 006D,Criminal damage and arson,Under investigation,
07ed66ecc535f4176c740abe15483fa0d306b8f1de6b5e2ff53893fee2f5f030,2024-09,South Wales Police,South Wales Police,-3.869140,51.666389,On or near Llys-Y-Coed,W01000801,Swansea 006D,Criminal damage and arson,Investigation complete; no suspect identified,
fa1184820e2ec3c9ea763e983cbb86bf883415636a1f09df9c5882ac6bfb470c,2024-09,South Wales Police,South Wales Police,-3.869494,51.665853,On or near Ffordd-Y-Bryn,W01000801,Swansea 006D,Criminal damage and arson,Unable to prosecute suspect,
c09b485e59e6b3ef58e67a82772887f5799f5f26cafd0421c45cd140e56d8d0e,2024-09,South Wales Police,South Wales Police,-3.872047,51.668492,On or near B4291,W01000801,Swansea 006D,Other theft,Investigation complete; no suspect identified,
0924a44227b843db642458812425b7bb0d1a254687ba5373452ca99fbb8bc66f,2024-09,South Wales Police,South Wales Police,-3.877084,51.668241,On or near Heol Camlan,W01000801,Swansea 006D,Violence and sexual offences,Under investigation,
66d16099acd63170e3d82f41c6380dbd38d22a433b85723b36d340391172d4ff,2024-09,South Wales Police,South Wales Police,-3.874958,51.665793,On or near Trewen Road,W01000801,Swansea 006D,Violence and sexual offences,Under investigation,
1207e9b617120142aae551426b803ce7089d5c3ceaf8083ce4a969e986ef6dd9,2024-09,South Wales Police,South Wales Police,-3.869140,51.666389,On or near Llys-Y-Coed,W01000801,Swansea 006D,Violence and sexual offences,Unable to prosecute suspect,
dbfc1d7a013e0e59e538e15974ac172058564700e49d09e5126b520be7314c48,2024-09,South Wales Police,South Wales Police,-3.869494,51.665853,On or near Ffordd-Y-Bryn,W01000801,Swansea 006D,Violence and sexual offences,Unable to prosecute suspect,
88fb7e2bee68e0685be3e1cfff9705965d17300001f6e0d7d0a882f8e873a102,2024-09,South Wales Police,South Wales Police,-3.892788,51.676559,On or near Golwg Y Coed,W01001993,Swansea 006E,Violence and sexual offences,Investigation complete; no suspect identified,
8bd043025324fb7239c031f670318e5e10a6698cfafa086b86650b3e655bfb64,2024-09,South Wales Police,South Wales Police,-3.891108,51.675794,On or near Awel Deg,W01001993,Swansea 006E,Violence and sexual offences,Unable to prosecute suspect,
55e739ab4f30cda7dc68bde7f705e7e104e3bcaf6078350de9d9233da4f20231,2024-09,South Wales Police,South Wales Police,-3.892788,51.676559,On or near Golwg Y Coed,W01001993,Swansea 006E,Violence and sexual offences,Investigation complete; no suspect identified,
dd6a3b7080875aaa382a54aeecbfc1b392d22380816953b4c75517155c4c734f,2024-09,South Wales Police,South Wales Police,-3.891108,51.675794,On or near Awel Deg,W01001993,Swansea 006E,Other crime,Unable to prosecute suspect,
35baa439704543d950ce9fad61825ea5e80f66f22a1795e0a0f416d0371a03d2,2024-09,South Wales Police,South Wales Police,-3.891108,51.675794,On or near Awel Deg,W01001993,Swansea 006E,Other crime,Further investigation is not in the public interest,
b6003fb235e536fba262198865ab7d4539f8cff79efe172930cdb2f6a7cae8e4,2024-09,South Wales Police,South Wales Police,-3.880668,51.668193,On or near Lon Menai,W01001994,Swansea 006F,Burglary,Investigation complete; no suspect identified,
10e3bbf8650c7de5207dbdf79756fe30709908b31c9502c866cd2a356665795a,2024-09,South Wales Police,South Wales Police,-3.883687,51.670896,On or near Heol-Las,W01001994,Swansea 006F,Vehicle crime,Investigation complete; no suspect identified,
d74195978b672b8a27517c273da97cf1b4f69b35e8b8ad20ab214753c6c73fe9,2024-09,South Wales Police,South Wales Police,-3.885125,51.670001,On or near New Road,W01001994,Swansea 006F,Vehicle crime,Investigation complete; no suspect identified,
9a8638f0c7b6feedc6e3b18998a4bfc704c0a3dc85d52c1894987bf156617583,2024-09,South Wales Police,South Wales Police,-3.883687,51.670896,On or near Heol-Las,W01001994,Swansea 006F,Violence and sexual offences,Unable to prosecute suspect,
34f9c627a16eb7230c50dc1772b39ce77c83f03f76a687b90e6a5913e14a1cca,2024-09,South Wales Police,South Wales Police,-4.044368,51.666203,On or near Dyffryn Road,W01000784,Swansea 007A,Violence and sexual offences,Further investigation is not in the public interest,
835b277507506cb043a10e3c2ea2cfbdab7ea5a35d2c2e96b418b01d89f40245,2024-09,South Wales Police,South Wales Police,-4.038862,51.661784,On or near Glanrhyd Terrace,W01000784,Swansea 007A,Violence and sexual offences,Under investigation,
b5360786c4616aca9225c4275dadee0846165ecc1dc4545a67517e7ae8332cc1,2024-09,South Wales Police,South Wales Police,-4.046914,51.663326,On or near Plas Croeso,W01000785,Swansea 007B,Other theft,Investigation complete; no suspect identified,
d2b5fa9db83b9a637b8fcecd8e8537932bb2497fcde81be9a445e7a08b219af4,2024-09,South Wales Police,South Wales Police,-4.047268,51.667024,On or near Penmynydd,W01000785,Swansea 007B,Other crime,Unable to prosecute suspect,
10c1d6efc41880cf40c22182a29e4540687cc81058879d76868151fc7e8ef219,2024-09,South Wales Police,South Wales Police,-4.000620,51.656527,On or near Parking Area,W01000786,Swansea 007C,Other theft,Investigation complete; no suspect identified,
d5c86d19fa280d3051961f9d3f9abef62393dcac53430505fd8573f1f5b54045,2024-09,South Wales Police,South Wales Police,-4.028141,51.660000,On or near Myrtle Road,W01000786,Swansea 007C,Violence and sexual offences,Unable to prosecute suspect,
ea2e079ad4d54b5bec97dc58c469f0d39a9bad660a8dc865afaf5ebf3a430adb,2024-09,South Wales Police,South Wales Police,-4.028141,51.660000,On or near Myrtle Road,W01000786,Swansea 007C,Violence and sexual offences,Under investigation,
,2024-09,South Wales Police,South Wales Police,-4.069255,51.663339,On or near Heol Ffynnon,W01000802,Swansea 007D,Anti-social behaviour,,
10d2e0123ab168b716194038be5158f4e16cde47db66b108bd07a8be111c8b42,2024-09,South Wales Police,South Wales Police,-4.066935,51.662570,On or near Heol Maes Y Cerrig,W01000802,Swansea 007D,Other theft,Under investigation,
c3c3b214b6eb194da00dedf4b6dad22e10ff61901e4064c53d09830104790ce7,2024-09,South Wales Police,South Wales Police,-4.075215,51.663080,On or near Castle Street,W01000802,Swansea 007D,Violence and sexual offences,Unable to prosecute suspect,
d7a6a6bf38571aad5fc7aafa145369babe986bb1b7b731d741fb7bbee91880cd,2024-09,South Wales Police,South Wales Police,-4.078024,51.662851,On or near Ferry Road,W01000802,Swansea 007D,Violence and sexual offences,Under investigation,
8b0184ed5ebca84532f54b3672a0ca4a3cdaa4e2133232c67a6884b59fa9bca8,2024-09,South Wales Police,South Wales Police,-4.072072,51.663918,On or near The Croft,W01000802,Swansea 007D,Violence and sexual offences,Unable to prosecute suspect,
be32f119bb9970f013d5559724d5d1c870b8b0c9929414a88acb16e89d47b798,2024-09,South Wales Police,South Wales Police,-4.069255,51.663339,On or near Heol Ffynnon,W01000802,Swansea 007D,Violence and sexual offences,Unable to prosecute suspect,
86f3abb2ac0ac447d594ec2002fa28b7050899cbd5bfb9ba585e5510b732c952,2024-09,South Wales Police,South Wales Police,-4.065810,51.662320,On or near Brynllwchwr Road,W01000802,Swansea 007D,Violence and sexual offences,Unable to prosecute suspect,
af4b9ff3518af3d31dfa4cf40f162bae66f65d04b3208a63557f1f5bb5bcd8a0,2024-09,South Wales Police,South Wales Police,-4.052515,51.663129,On or near Glebe Road,W01000877,Swansea 007E,Public order,Under investigation,
d83d91f6c5fbc633681902af4e3b3f0fa688aa8e067143becc3f8b63437d8a7e,2024-09,South Wales Police,South Wales Police,-4.056377,51.667611,On or near Maytree Close,W01000877,Swansea 007E,Violence and sexual offences,Unable to prosecute suspect,
,2024-09,South Wales Police,South Wales Police,-4.057151,51.662679,On or near Greenfield Place,W01000878,Swansea 007F,Anti-social behaviour,,
60d8557fb0e3aa349c33543b91b0efd5f2e759b7038305e5b50ab901404b7083,2024-09,South Wales Police,South Wales Police,-4.059896,51.663593,On or near B4620,W01000878,Swansea 007F,Other theft,Investigation complete; no suspect identified,
cd5b3e455ac2cf6645d10b3f9fb091cd3efc16e10b6cce2b36cb680f41ab2317,2024-09,South Wales Police,South Wales Police,-4.061655,51.664749,On or near St David'S Close,W01000878,Swansea 007F,Other theft,Local resolution,
ba96be2e4eadfec145d85b45d330a1862c8d5918b5a1f69fa4ad01fbe3cba53b,2024-09,South Wales Police,South Wales Police,-4.060087,51.664291,On or near Whitley Road,W01000878,Swansea 007F,Other theft,Unable to prosecute suspect,
,2024-09,South Wales Police,South Wales Police,-3.924666,51.670051,On or near Cwrt Ivor Sims,W01000809,Swansea 008A,Anti-social behaviour,,
,2024-09,South Wales Police,South Wales Police,-3.924666,51.670051,On or near Cwrt Ivor Sims,W01000809,Swansea 008A,Anti-social behaviour,,
,2024-09,South Wales Police,South Wales Police,-3.924666,51.670051,On or near Cwrt Ivor Sims,W01000809,Swansea 008A,Anti-social behaviour,,
,2024-09,South Wales Police,South Wales Police,-3.919709,51.668784,On or near Cwrt Llwyn Fedwen,W01000809,Swansea 008A,Anti-social behaviour,,
7f64e9457ec086babeee564be66e9ba376119862cdd4aaf88a752820c1efa6b6,2024-09,South Wales Police,South Wales Police,-3.918774,51.670598,On or near Cwm Arian,W01000809,Swansea 008A,Criminal damage and arson,Under investigation,
16a8be83fe382b538a76f10713136618c0c16428de4be39388f8bdea8d6efc53,2024-09,South Wales Police,South Wales Police,-3.922157,51.666145,On or near Tirpenry Street,W01000809,Swansea 008A,Shoplifting,Local resolution,
d793ae914c303a12106fa147fb7cdaba9c31a92345a51ff19b8612b3ca51ddc6,2024-09,South Wales Police,South Wales Police,-3.922157,51.666145,On or near Tirpenry Street,W01000809,Swansea 008A,Shoplifting,Local resolution,
9f7f6cd3bf87d826933a5b34f47a4062534b140f5686326859cd036d5027641a,2024-09,South Wales Police,South Wales Police,-3.922157,51.666145,On or near Tirpenry Street,W01000809,Swansea 008A,Vehicle crime,Investigation complete; no suspect identified,
a7632964a9316e312dabe86fbd3a30667b77d4f8905a38fb0e93c37ab9a70e7f,2024-09,South Wales Police,South Wales Police,-3.922157,51.666145,On or near Tirpenry Street,W01000809,Swansea 008A,Vehicle crime,Investigation complete; no suspect identified,
5ee951815170aab262ca597023702e61d9d5969d2c0a3ed1da35b49f60ec409d,2024-09,South Wales Police,South Wales Police,-3.920239,51.671734,On or near Field Close,W01000809,Swansea 008A,Violence and sexual offences,Under investigation,
321859ea4dd3d0f426c000b1aa3eeae2f8008e6450f2600e822a24093815ac27,2024-09,South Wales Police,South Wales Police,-3.922185,51.669526,On or near Gem Road,W01000809,Swansea 008A,Violence and sexual offences,Unable to prosecute suspect,
0f0b8244b3d716dc0e4db574fe63915b7cffd5399fd0fe46b1c6833b05b3bc1a,2024-09,South Wales Police,South Wales Police,-3.923664,51.667910,On or near Soar Terrace,W01000809,Swansea 008A,Violence and sexual offences,Awaiting court outcome,
,2024-09,South Wales Police,South Wales Police,-3.931589,51.662834,On or near Lan Manor,W01000811,Swansea 008B,Anti-social behaviour,,
,2024-09,South Wales Police,South Wales Police,-3.931589,51.662834,On or near Lan Manor,W01000811,Swansea 008B,Anti-social behaviour,,
,2024-09,South Wales Police,South Wales Police,-3.936254,51.663368,On or near Lon Hafren,W01000811,Swansea 008B,Anti-social behaviour,,
cb5a72f77f75647439ee758d290f882078d92d0c7b4ec2e8b3881e18916a4596,2024-09,South Wales Police,South Wales Police,-3.937404,51.663206,On or near Lon Claerwen,W01000811,Swansea 008B,Criminal damage and arson,Investigation complete; no suspect identified,
c2aa119f998785e2ae29e878155848f5d7571f678fc18a87ca40116e7b805ced,2024-09,South Wales Police,South Wales Police,-3.936254,51.663368,On or near Lon Hafren,W01000811,Swansea 008B,Public order,Unable to prosecute suspect,
238299009b68a4553fc6b811b8e4390a5cc1e53444e03b6d0a6c4d3195550bc9,2024-09,South Wales Police,South Wales Police,-3.937404,51.663206,On or near Lon Claerwen,W01000811,Swansea 008B,Vehicle crime,Investigation complete; no suspect identified,
df10642be9d9eab49a136557dfe4b181658a88b920a1bbf1491907a31e872ee6,2024-09,South Wales Police,South Wales Police,-3.936254,51.663368,On or near Lon Hafren,W01000811,Swansea 008B,Vehicle crime,Investigation complete; no suspect identified,
dd1319454f0c0b0a2249d298fb21efbf6ce6301c44b50c9c34e908b7acad4a30,2024-09,South Wales Police,South Wales Police,-3.929278,51.665255,On or near Lan Street,W01000811,Swansea 008B,Vehicle crime,Investigation complete; no suspect identified,
a7053ac7a76b501904ca26edbf8141abd86e0058a6b284fad1958ec8c3c7a091,2024-09,South Wales Police,South Wales Police,-3.936254,51.663368,On or near Lon Hafren,W01000811,Swansea 008B,Violence and sexual offences,Under investigation,
a6231784a805965b0cfb3914be7f6ad00eb7b5f07ef8be2377022fa8409b2912,2024-09,South Wales Police,South Wales Police,-3.934924,51.663372,On or near Lon Camlad,W01000811,Swansea 008B,Violence and sexual offences,Further investigation is not in the public interest,
c3c7834ba512ca929aaddea0a9902d8ef5dc79cdb00d378be5df4033d97e4889,2024-09,South Wales Police,South Wales Police,-3.934924,51.663372,On or near Lon Camlad,W01000811,Swansea 008B,Violence and sexual offences,Unable to prosecute suspect,
7863bf29de6f7f7f83904dad45df53de0a1878ffe9be45f23797006f14069e40,2024-09,South Wales Police,South Wales Police,-3.934397,51.663237,On or near Lon Ithon,W01000811,Swansea 008B,Other crime,Under investigation,
,2024-09,South Wales Police,South Wales Police,-3.920371,51.662892,On or near Petrol Station,W01000812,Swansea 008C,Anti-social behaviour,,
,2024-09,South Wales Police,South Wales Police,-3.924247,51.666659,On or near A48,W01000812,Swansea 008C,Anti-social behaviour,,
b7f25dbf7cad552a316c0f09df0b29371c75735ff379c9fcd5a99c5e41a7f63a,2024-09,South Wales Police,South Wales Police,-3.925382,51.663071,On or near Crown Street,W01000812,Swansea 008C,Burglary,Investigation complete; no suspect identified,
a6741940a4713e49858f0143dae1c50f7672c2e40d6e3a67e6f73595b696cc3b,2024-09,South Wales Police,South Wales Police,-3.925382,51.663071,On or near Crown Street,W01000812,Swansea 008C,Burglary,Investigation complete; no suspect identified,
05e440dff6c0306c6a4fbffcf4b75798dd97d043faafae87546fddbfa2006179,2024-09,South Wales Police,South Wales Police,-3.925382,51.663071,On or near Crown Street,W01000812,Swansea 008C,Burglary,Investigation complete; no suspect identified,
705b6a765b324b85de60c348453d5c0ab96f436ec82f4489cab6f22c458339a0,2024-09,South Wales Police,South Wales Police,-3.925382,51.663071,On or near Crown Street,W01000812,Swansea 008C,Criminal damage and arson,Under investigation,
48da4f1d6bb981c9d53aac6df8e0047c61a22ade7f88a11e12b8c3507739c250,2024-09,South Wales Police,South Wales Police,-3.924247,51.666659,On or near A48,W01000812,Swansea 008C,Criminal damage and arson,Investigation complete; no suspect identified,
64b1bf1fdc2512f81068a8b4c1e55d440774e996529f906652c8914e83549f24,2024-09,South Wales Police,South Wales Police,-3.923228,51.660004,On or near Ash Street,W01000812,Swansea 008C,Drugs,Under investigation,
e71974206e5da98846ef5cece38ce4ab786b53fc08f9678ed0ec267a408ca863,2024-09,South Wales Police,South Wales Police,-3.923228,51.660004,On or near Ash Street,W01000812,Swansea 008C,Drugs,Awaiting court outcome,
9dc67a6f5848db302282f25325bcfe37ad533b58f77c32d3b726ee32f94bc4c4,2024-09,South Wales Police,South Wales Police,-3.920371,51.662892,On or near Petrol Station,W01000812,Swansea 008C,Other theft,Investigation complete; no suspect identified,
c1591a0973d37cf7c2b75cd7e4b00f392a64eff1e1a64abff6392799d266fc9e,2024-09,South Wales Police,South Wales Police,-3.924247,51.666659,On or near A48,W01000812,Swansea 008C,Public order,Unable to prosecute suspect,
40abfc9bb55941d9ff9fc79f9db6fdc2fd0c81b4879e030adf924e03b4038b49,2024-09,South Wales Police,South Wales Police,-3.925077,51.662024,On or near Morfydd Street,W01000812,Swansea 008C,Public order,Investigation complete; no suspect identified,
564dcc75f8e63d1208d90aaf188ed729fc678a65b514cedb510136370e0590ac,2024-09,South Wales Police,South Wales Police,-3.921506,51.665103,On or near Foundry Road,W01000812,Swansea 008C,Public order,Investigation complete; no suspect identified,
41de58a5b5d7faa6354b78b80c7eb04339abf0d5ad735fca322a7a2336a40d9e,2024-09,South Wales Police,South Wales Police,-3.925077,51.662024,On or near Morfydd Street,W01000812,Swansea 008C,Violence and sexual offences,Unable to prosecute suspect,
30b1a71de1f31342f0662ae646f9f80adf830f1f679bbc7c3614f917f62ac384,2024-09,South Wales Police,South Wales Police,-3.925382,51.663071,On or near Crown Street,W01000812,Swansea 008C,Violence and sexual offences,Unable to prosecute suspect,
7d7e7bbc2f5d5af467b83b8a3bca18cc8b226b36e90c7da06155b1455bf3ae29,2024-09,South Wales Police,South Wales Police,-3.925077,51.662024,On or near Morfydd Street,W01000812,Swansea 008C,Violence and sexual offences,Unable to prosecute suspect,
6d4597ada3a493c025b42803179dfc43c23bffe7c017ace9fd3ada7714b45e5d,2024-09,South Wales Police,South Wales Police,-3.925077,51.662024,On or near Morfydd Street,W01000812,Swansea 008C,Violence and sexual offences,Further investigation is not in the public interest,
6b27755e9fbca7ccb916d53168c8d71c4caaf1ae19f69472cc34a57eac1d7b97,2024-09,South Wales Police,South Wales Police,-3.923228,51.660004,On or near Ash Street,W01000812,Swansea 008C,Violence and sexual offences,Awaiting court outcome,
160ce1212e1543c11ca594858784576a8730cf1e99dc6d07a655bf5898b38b83,2024-09,South Wales Police,South Wales Police,-3.922186,51.663411,On or near Clos Yr Orsaf,W01000812,Swansea 008C,Violence and sexual offences,Investigation complete; no suspect identified,
da96060ff41c2e2761a52ea05363f505b55f9240ab35c8c27b737255bddbdd7d,2024-09,South Wales Police,South Wales Police,-3.925077,51.662024,On or near Morfydd Street,W01000812,Swansea 008C,Violence and sexual offences,Unable to prosecute suspect,
cf3c8724547badca9b18473f3a57ed297e1416a3aeeae05445ac1f9ad6e38bb1,2024-09,South Wales Police,South Wales Police,-3.925077,51.662024,On or near Morfydd Street,W01000812,Swansea 008C,Violence and sexual offences,Unable to prosecute suspect,
d8066bbd3650ef3bd700923c7fba624fa58138c315dd765b783fd54640a4e36e,2024-09,South Wales Police,South Wales Police,-3.924247,51.666659,On or near A48,W01000812,Swansea 008C,Violence and sexual offences,Investigation complete; no suspect identified,
50dfead2c531879880c5c43f5875ce21b0f882b5e998e3db8435bfa088bb0993,2024-09,South Wales Police,South Wales Police,-3.925382,51.663071,On or near Crown Street,W01000812,Swansea 008C,Violence and sexual offences,Unable to prosecute suspect,
f4b6235405345bc9d24bb8a3c8c601e86edba2425acbbff3ca4d55b3a12c8a92,2024-09,South Wales Police,South Wales Police,-3.922186,51.663411,On or near Clos Yr Orsaf,W01000812,Swansea 008C,Violence and sexual offences,Investigation complete; no suspect identified,
4d8ba87437268223d7ccf60048022047ca221dd1cf6b01f3cda6fdd16db31938,2024-09,South Wales Police,South Wales Police,-3.924360,51.664202,On or near Glantawe Street,W01000812,Swansea 008C,Violence and sexual offences,Unable to prosecute suspect,
cced5b57883d2cdae8680394e68513475265395ca2ea7c5ebb73a52fd242df1a,2024-09,South Wales Police,South Wales Police,-3.920371,51.662892,On or near Petrol Station,W01000812,Swansea 008C,Violence and sexual offences,Unable to prosecute suspect,
6fc038c8860fb0d5c164716a4be7e80626d70de0c3afb2fce6509d0d1dcd2a90,2024-09,South Wales Police,South Wales Police,-3.922811,51.662789,On or near Clos Camlas,W01000812,Swansea 008C,Other crime,Investigation complete; no suspect identified,
6e080525e8396ebcc418715d200f7894be76900ee244fc1730763ebb82ec5d24,2024-09,South Wales Police,South Wales Police,-3.924206,51.661948,On or near Conference/Exhibition Centre,W01000812,Swansea 008C,Other crime,Under investigation,
,2024-09,South Wales Police,South Wales Police,-3.937006,51.665074,On or near Francis Road,W01000813,Swansea 008D,Anti-social behaviour,,
,2024-09,South Wales Police,South Wales Police,-3.938137,51.663787,On or near Caemawr Road,W01000813,Swansea 008D,Anti-social behaviour,,
d57cd855144b372c81abf69013d8b069692b952372e2a93be385fe249a18b316,2024-09,South Wales Police,South Wales Police,-3.930568,51.667715,On or near Park Lodge Road,W01000813,Swansea 008D,Criminal damage and arson,Under investigation,
922cbcf3d428f1c94afcc679f42bbfd8d0a5644366e8e04314f6720556db7a35,2024-09,South Wales Police,South Wales Police,-3.932418,51.670401,On or near Bryn Derw Gardens,W01000813,Swansea 008D,Criminal damage and arson,Unable to prosecute suspect,
c8de5064a2610e98d2501227933c1b95c7458ca9d014cbe9449fa2b5db522a0b,2024-09,South Wales Police,South Wales Police,-3.932418,51.670401,On or near Bryn Derw Gardens,W01000813,Swansea 008D,Possession of weapons,Unable to prosecute suspect,
199d338b64db893dbbc5f4e9365cd4d30344938518e055696fac043b028c71c9,2024-09,South Wales Police,South Wales Police,-3.925541,51.666827,On or near Parking Area,W01000813,Swansea 008D,Public order,Unable to prosecute suspect,
f28248a80cebf3d4ec0ec0e39629ae51225a0cfab46908f65df7f896d9d57ea5,2024-09,South Wales Police,South Wales Police,-3.937006,51.665074,On or near Francis Road,W01000813,Swansea 008D,Public order,Further investigation is not in the public interest,
ce206a84418f35158aff21ea01d71482d253957b5f61283b5da63c6bbdacf3b8,2024-09,South Wales Police,South Wales Police,-3.926306,51.666113,On or near Strawberry Place,W01000813,Swansea 008D,Shoplifting,Unable to prosecute suspect,
5502023264d38c66a3439806223af8bb4673104d11c7ec34fa1bb1afa084ce99,2024-09,South Wales Police,South Wales Police,-3.932415,51.667289,On or near Harry Street,W01000813,Swansea 008D,Vehicle crime,Investigation complete; no suspect identified,
3a18d77242d3118cc859211da4bceb9ba3364b43d9b5f54b49f300b92d99da59,2024-09,South Wales Police,South Wales Police,-3.927392,51.666149,On or near Bryneithin Terrace,W01000813,Swansea 008D,Vehicle crime,Investigation complete; no suspect identified,
03e9ee9befd77d1af5d21f3e66c5407e00e7959545183d40726ec7ec9f89571f,2024-09,South Wales Police,South Wales Police,-3.933132,51.666792,On or near Ger-Y -Parc,W01000813,Swansea 008D,Violence and sexual offences,Under investigation,
cf8872c2aea5092e9457c9ba8d18ef2ee5e9d792a4216bdf381bbf4038a4d55b,2024-09,South Wales Police,South Wales Police,-3.926306,51.666113,On or near Strawberry Place,W01000813,Swansea 008D,Violence and sexual offences,Unable to prosecute suspect,
b2aed251d22a64a95493f468720e392167cade8103ca3919be73986edb6d96ce,2024-09,South Wales Police,South Wales Police,-3.930568,51.667715,On or near Park Lodge Road,W01000813,Swansea 008D,Violence and sexual offences,Under investigation,
638774d766ea614314fbab5f847067c8e12d5cd1a8144939de9c7cb782b38aac,2024-09,South Wales Police,South Wales Police,-3.927959,51.654288,On or near Neath Road,W01000814,Swansea 008E,Bicycle theft,Investigation complete; no suspect identified,
a60389d2ab1397a0c1e64c07a268f74526e63ca36087ce0b6c3496789a7e7203,2024-09,South Wales Police,South Wales Police,-3.927959,51.654288,On or near Neath Road,W01000814,Swansea 008E,Criminal damage and arson,Unable to prosecute suspect,
efe37f592bd2d660d3cdb0b14309a6c5209638ab30a42e74840e1b5753a4f748,2024-09,South Wales Police,South Wales Police,-3.927512,51.660113,On or near Pentremalwed Road,W01000814,Swansea 008E,Public order,Unable to prosecute suspect,
3c56635284907d7860239c776dfd1c3e1e8b01b5950378a68d2266aa26649cdc,2024-09,South Wales Police,South Wales Police,-3.927512,51.660113,On or near Pentremalwed Road,W01000814,Swansea 008E,Violence and sexual offences,Unable to prosecute suspect,
,2024-09,South Wales Police,South Wales Police,-3.947150,51.662873,On or near Rheidol Avenue,W01000817,Swansea 009A,Anti-social behaviour,,
,2024-09,South Wales Police,South Wales Police,-3.944043,51.665964,On or near Ystwyth Place,W01000817,Swansea 009A,Anti-social behaviour,,
,2024-09,South Wales Police,South Wales Police,-3.947150,51.662873,On or near Rheidol Avenue,W01000817,Swansea 009A,Anti-social behaviour,,
94bac947676261305724a33c2e54a648f7089a862e74a199c2a1a2079d3a809b,2024-09,South Wales Police,South Wales Police,-3.941194,51.663593,On or near Hill View Crescent,W01000817,Swansea 009A,Burglary,Investigation complete; no suspect identified,
02c2e70b4e24f947cac9f2cee222c14df89054418cc2b86606782c670b47bf0a,2024-09,South Wales Police,South Wales Police,-3.940846,51.661881,On or near Maytree Close,W01000817,Swansea 009A,Burglary,Investigation complete; no suspect identified,
9be42ce66cf7f92b28ad221edc9a42f29a4fb64f7193ed6531d01dee2f2c0466,2024-09,South Wales Police,South Wales Police,-3.949574,51.664452,On or near Second Avenue,W01000817,Swansea 009A,Criminal damage and arson,Unable to prosecute suspect,
e7a649bd407a05a1a47a77f7cf07493fa0244760fe62e9656f20d9f9407f4d71,2024-09,South Wales Police,South Wales Police,-3.945564,51.667036,On or near Elan Avenue,W01000817,Swansea 009A,Criminal damage and arson,Unable to prosecute suspect,
0db98a06756815527e4db17a1f47c37c2746a56e74a00a6a9d8107f50c7c0351,2024-09,South Wales Police,South Wales Police,-3.940846,51.661881,On or near Maytree Close,W01000817,Swansea 009A,Other theft,Investigation complete; no suspect identified,
4961dbea93064412733d6f7b6cde96a93362a8bfc2a1ffb746b343347fe95b21,2024-09,South Wales Police,South Wales Police,-3.947150,51.662873,On or near Rheidol Avenue,W01000817,Swansea 009A,Other theft,Investigation complete; no suspect identified,
3b5fca1633ee084dbbbd8082bdd0baf524e70133786b745dd4f87fdd081c8be4,2024-09,South Wales Police,South Wales Police,-3.949574,51.664452,On or near Second Avenue,W01000817,Swansea 009A,Other theft,Investigation complete; no suspect identified,
23106ae2caa475016058c51eb7c948dc8ac2f6ac3bd5360af382c17eb5395f00,2024-09,South Wales Police,South Wales Police,-3.945117,51.668752,On or near Mapletree Close,W01000817,Swansea 009A,Other theft,Investigation complete; no suspect identified,
d03ea5855c6c9d6cd16859e6060b2c20a29f031f721ca3e413e088da6d33d8e6,2024-09,South Wales Police,South Wales Police,-3.945096,51.666576,On or near Third Avenue,W01000817,Swansea 009A,Possession of weapons,Under investigation,
be48d3197f7a97cb8da18f9c08a6564b65e7e8829e53f36aa0f504f9eb2c7b85,2024-09,South Wales Police,South Wales Police,-3.940846,51.661881,On or near Maytree Close,W01000817,Swansea 009A,Public order,Under investigation,
16632ef50a46c465596e10ef543e91c964c764e1875482a288d0b781613fa876,2024-09,South Wales Police,South Wales Police,-3.948242,51.663737,On or near Pengwern Road,W01000817,Swansea 009A,Public order,Investigation complete; no suspect identified,
b6864483d226ca7b4661f4f4d1f946451892e73077fdf7401ab1ae40abad0adc,2024-09,South Wales Police,South Wales Police,-3.950631,51.664147,On or near First Avenue,W01000817,Swansea 009A,Public order,Unable to prosecute suspect,
99242a9ab0c430b7389d6fe5e7de01215b213f3eb487c3ddac8c647c67cc95e9,2024-09,South Wales Police,South Wales Police,-3.950631,51.664147,On or near First Avenue,W01000817,Swansea 009A,Vehicle crime,Investigation complete; no suspect identified,
406ef368923dfa56a7ff8eb0990c229af67b554eb40d8356dafa08df84e6e727,2024-09,South Wales Police,South Wales Police,-3.944043,51.665964,On or near Ystwyth Place,W01000817,Swansea 009A,Vehicle crime,Unable to prosecute suspect,
9b853904b966b95a9b72be5977895e28ce397bc8b6f98c8253f1ce295e2433f5,2024-09,South Wales Police,South Wales Police,-3.950631,51.664147,On or near First Avenue,W01000817,Swansea 009A,Vehicle crime,Investigation complete; no suspect identified,
e0a1a5ad62ce58ca739178105a628b82ef43a8cb2d57af0c5efab6d10ea71518,2024-09,South Wales Police,South Wales Police,-3.945564,51.667036,On or near Elan Avenue,W01000817,Swansea 009A,Vehicle crime,Investigation complete; no suspect identified,
96d0043231d3963a7154c6e21d28540f9b2e33edb0f80460fd72a6c91809f51d,2024-09,South Wales Police,South Wales Police,-3.940846,51.661881,On or near Maytree Close,W01000817,Swansea 009A,Violence and sexual offences,Investigation complete; no suspect identified,
d61a89def679cb13b8c5969e60e33e14e8ae47ebb72f08b6a98bf7224a1634db,2024-09,South Wales Police,South Wales Police,-3.941194,51.663593,On or near Hill View Crescent,W01000817,Swansea 009A,Violence and sexual offences,Awaiting court outcome,
096b9bc327c271f1640285c939e04e09a1356f33ed7247c757e5ca71511113ef,2024-09,South Wales Police,South Wales Police,-3.940846,51.661881,On or near Maytree Close,W01000817,Swansea 009A,Violence and sexual offences,Unable to prosecute suspect,
0e099a0e9d6c28bc15a45916c2b747efeebb549eead3ad89a4052199b3a52d1a,2024-09,South Wales Police,South Wales Police,-3.945117,51.668752,On or near Mapletree Close,W01000817,Swansea 009A,Violence and sexual offences,Unable to prosecute suspect,
ab6d0b0b835e0f0f036b0ec7d03895c576a048dc01bddedfe50fd21bf7cea51b,2024-09,South Wales Police,South Wales Police,-3.951339,51.664467,On or near Clos Pen Y Banc,W01000817,Swansea 009A,Violence and sexual offences,Unable to prosecute suspect,
220139de89f1cc12c4cfef8ec96a1f98eb40f7942b91ed0686ab7e4bcb5f6331,2024-09,South Wales Police,South Wales Police,-3.949574,51.664452,On or near Second Avenue,W01000817,Swansea 009A,Violence and sexual offences,Under investigation,
90a5bccbf32749f19cbff8da1c8d1dcad77cc1a1431942d984f5db8f539351da,2024-09,South Wales Police,South Wales Police,-3.947150,51.662873,On or near Rheidol Avenue,W01000817,Swansea 009A,Violence and sexual offences,Unable to prosecute suspect,
4675bb764a5b69cbc91938d820459e78f5f92cd46ebb55ee4b55c83bd09f9033,2024-09,South Wales Police,South Wales Police,-3.940846,51.661881,On or near Maytree Close,W01000817,Swansea 009A,Violence and sexual offences,Offender given a caution,
80e9898d30eda56b40c246da2fc05993cbb80d22fd752e9541e70c4cebbb4b3d,2024-09,South Wales Police,South Wales Police,-3.941194,51.663593,On or near Hill View Crescent,W01000817,Swansea 009A,Violence and sexual offences,Unable to prosecute suspect,
d742f028b25b55f5d16e77cee82d210200103429cc3bbdc01deb6508ed85c0ad,2024-09,South Wales Police,South Wales Police,-3.942256,51.665418,On or near Glaslyn Place,W01000817,Swansea 009A,Violence and sexual offences,Unable to prosecute suspect,
0a74379a4a554a91fef37373612f8930d972f027474b8c0a7147e922af5dd5e4,2024-09,South Wales Police,South Wales Police,-3.945097,51.667602,On or near Fifth Avenue,W01000817,Swansea 009A,Violence and sexual offences,Investigation complete; no suspect identified,
79b790143b1d01cb8a247265ce69639a1e0e8a3509b94f67355a75f35248f1d3,2024-09,South Wales Police,South Wales Police,-3.947150,51.662873,On or near Rheidol Avenue,W01000817,Swansea 009A,Violence and sexual offences,Unable to prosecute suspect,
,2024-09,South Wales Police,South Wales Police,-3.940291,51.660739,On or near Mynydd Garn Lwyd Road,W01000818,Swansea 009B,Anti-social behaviour,,
,2024-09,South Wales Police,South Wales Police,-3.940291,51.660739,On or near Mynydd Garn Lwyd Road,W01000818,Swansea 009B,Anti-social behaviour,,
,2024-09,South Wales Police,South Wales Police,-3.934542,51.659494,On or near Windermere Road,W01000818,Swansea 009B,Anti-social behaviour,,
8948ef58c3baf9abc77eb41972ace5c4f5805f84cd2c2e32121419153dda67dc,2024-09,South Wales Police,South Wales Police,-3.943052,51.658688,On or near Bryn Eglur Road,W01000818,Swansea 009B,Criminal damage and arson,Investigation complete; no suspect identified,
53e07daf3a3e48fb28f28eec9a64e403d07828356bd067758e00a22195805907,2024-09,South Wales Police,South Wales Police,-3.940291,51.660739,On or near Mynydd Garn Lwyd Road,W01000818,Swansea 009B,Vehicle crime,Under investigation,
8d2d65e4349bd34b084759892532ae5b9c9faf0b5612af62ef8cb0e39223842d,2024-09,South Wales Police,South Wales Police,-3.945705,51.661549,On or near Severn Road,W01000818,Swansea 009B,Vehicle crime,Investigation complete; no suspect identified,
304a7a85b28e96da34f70cd91e90393e269cff58c5918d9e56a60dba5c36ee2c,2024-09,South Wales Police,South Wales Police,-3.940291,51.660739,On or near Mynydd Garn Lwyd Road,W01000818,Swansea 009B,Vehicle crime,Investigation complete; no suspect identified,
04abb99d43a3c2ec42f219b5ba73a19f47039f14e6bd72bfc3f65f5c4feef609,2024-09,South Wales Police,South Wales Police,-3.945705,51.661549,On or near Severn Road,W01000818,Swansea 009B,Violence and sexual offences,Under investigation,
7b3cbaae99840c72c82b94fdb8c6d7c49f69b4f3bc09a4c261887534b0ae0ffc,2024-09,South Wales Police,South Wales Police,-3.946002,51.658693,On or near Garnlwyd Close,W01000819,Swansea 009C,Burglary,Investigation complete; no suspect identified,
bdf7e6124222201d2e89d0541b80dc7cecd63f793aad7e2b04cd00bd88b9868b,2024-09,South Wales Police,South Wales Police,-3.946002,51.658693,On or near Garnlwyd Close,W01000819,Swansea 009C,Criminal damage and arson,Investigation complete; no suspect identified,
69a9ee3aa0d58cd696047f9571bafd4f86b572e2a91ff4fa447d9dd6247b613f,2024-09,South Wales Police,South Wales Police,-3.946284,51.654156,On or near Cwmgelli Close,W01000819,Swansea 009C,Other theft,Investigation complete; no suspect identified,
0050f0568f04cfaf06ae1ddf2afcf0f35c317417d1a988d8492605f8ee3bf6e4,2024-09,South Wales Police,South Wales Police,-3.934062,51.657056,On or near Llewelyn Park Drive,W01000819,Swansea 009C,Public order,Unable to prosecute suspect,
268a81e63751fb241c347b4819e3abd21880957698d20bdacaf94ddb36496822,2024-09,South Wales Police,South Wales Police,-3.946002,51.658693,On or near Garnlwyd Close,W01000819,Swansea 009C,Public order,Unable to prosecute suspect,
3aa2674791839bb00d5f5904d186172d177288c08082583f5666dc5e31d7bcd8,2024-09,South Wales Police,South Wales Police,-3.946002,51.658693,On or near Garnlwyd Close,W01000819,Swansea 009C,Vehicle crime,Investigation complete; no suspect identified,
212c545278314f6dfa828e88175872b7e754219122d0dac2f6da61efdc94602b,2024-09,South Wales Police,South Wales Police,-3.946284,51.654156,On or near Cwmgelli Close,W01000819,Swansea 009C,Violence and sexual offences,Under investigation,
,2024-09,South Wales Police,South Wales Police,-3.953207,51.658142,On or near Clos Ddu,W01000820,Swansea 009D,Anti-social behaviour,,
1f3d0717a808c78b064fcab98ba65cc0390d2755f3af981026233f840dc17103,2024-09,South Wales Police,South Wales Police,-3.948263,51.655463,On or near Parking Area,W01000820,Swansea 009D,Criminal damage and arson,Investigation complete; no suspect identified,
c39a4e98c42a9e715e81a223ed95f748dd2031deca8f519f38d4deb2a65a25a3,2024-09,South Wales Police,South Wales Police,-3.948263,51.655463,On or near Parking Area,W01000820,Swansea 009D,Criminal damage and arson,Investigation complete; no suspect identified,
24d77cc6a7f5fe5eaab01d88f33207d8397edc402496ac280aa2d2fbb35c0fcd,2024-09,South Wales Police,South Wales Police,-3.949459,51.656270,On or near Petrol Station,W01000820,Swansea 009D,Other theft,Investigation complete; no suspect identified,
24b34a441061254764770aebc45bb53ee6de57c048cd43af7c3b21644077fd61,2024-09,South Wales Police,South Wales Police,-3.949459,51.656270,On or near Petrol Station,W01000820,Swansea 009D,Other theft,Investigation complete; no suspect identified,
86f233b26314ceb96bb7005ffbdcd5acff3998df06e20be42894996dbc457b45,2024-09,South Wales Police,South Wales Police,-3.949255,51.651274,On or near Clos Calon Lan,W01000820,Swansea 009D,Public order,Unable to prosecute suspect,
d3eb3ebf9333abfe548512cdf74c02c5c7b4cfa10330950f942bdbe72d9b93b5,2024-09,South Wales Police,South Wales Police,-3.949255,51.651274,On or near Clos Calon Lan,W01000820,Swansea 009D,Shoplifting,Investigation complete; no suspect identified,
09e9fe69e3b730aef13bf5d86632d655179909c9493ea6831c38638b9a6ee6d1,2024-09,South Wales Police,South Wales Police,-3.949255,51.651274,On or near Clos Calon Lan,W01000820,Swansea 009D,Shoplifting,Under investigation,
40a30c48cb63c2b2e5ad162f2dc3c94113dc015ad7d3cfd99c3ba02462c14244,2024-09,South Wales Police,South Wales Police,-3.949255,51.651274,On or near Clos Calon Lan,W01000820,Swansea 009D,Shoplifting,Under investigation,
b2901f0e0432bd6b558fdd2d3b1ebde460a6acb1dc1f9237cc0d0bf4dfddcd90,2024-09,South Wales Police,South Wales Police,-3.949255,51.651274,On or near Clos Calon Lan,W01000820,Swansea 009D,Shoplifting,Investigation complete; no suspect identified,
fd7a894f806c94a83b066faa4ae35ea3bedf17d56d72609aa87bcad2971dbeee,2024-09,South Wales Police,South Wales Police,-3.949255,51.651274,On or near Clos Calon Lan,W01000820,Swansea 009D,Shoplifting,Awaiting court outcome,
a924ada385edfca72ae4a01d5cab1da261f2a54a691ca01ae324aa1b2cf2a639,2024-09,South Wales Police,South Wales Police,-3.949255,51.651274,On or near Clos Calon Lan,W01000820,Swansea 009D,Shoplifting,Unable to prosecute suspect,
a4ffbaa65e567a514e0f7069a7ca899616071359d1ef6dba0597beb6df646a0a,2024-09,South Wales Police,South Wales Police,-3.949255,51.651274,On or near Clos Calon Lan,W01000820,Swansea 009D,Shoplifting,Investigation complete; no suspect identified,
3d1fde89f872f7f34480470edd996394a977d0f3b89626c284148acb30dff33d,2024-09,South Wales Police,South Wales Police,-3.950265,51.659989,On or near Tirdeunaw Close,W01000820,Swansea 009D,Vehicle crime,Investigation complete; no suspect identified,
a6e6ac89467064268f02ba384984d9e4d91253067ba2cd44666470802e7ac73b,2024-09,South Wales Police,South Wales Police,-3.950137,51.653643,On or near Wynter Court,W01000820,Swansea 009D,Vehicle crime,Investigation complete; no suspect identified,
c5743b03a53c4bf194fe2db459147bc80ddca856f28357c8a38cae1b345b3103,2024-09,South Wales Police,South Wales Police,-3.949091,51.658579,On or near Clos Caersalem,W01000820,Swansea 009D,Violence and sexual offences,Under investigation,
9ca3bfc6a419183307196fe602f42eb19f095a42582d6ada469d1ea3ede80ae0,2024-09,South Wales Police,South Wales Police,-3.950265,51.659989,On or near Tirdeunaw Close,W01000820,Swansea 009D,Violence and sexual offences,Unable to prosecute suspect,
1a2dfddcc27a07b7c643582be9d1a80d074bc0254608ef5bf9fff2d5458797c1,2024-09,South Wales Police,South Wales Police,-3.948441,51.650496,On or near Llangyfelach Road,W01000820,Swansea 009D,Violence and sexual offences,Under investigation,
c119a9d1a8aef4a05171cfcce58d4b8c0d278fa1afa8cf6f2576d1eb53b864d4,2024-09,South Wales Police,South Wales Police,-3.949255,51.651274,On or near Clos Calon Lan,W01000820,Swansea 009D,Violence and sexual offences,Investigation complete; no suspect identified,
e380f494b4cbc6c80ae178d290a75c6cc312224a5490036ccd3be5f2c9f0e32d,2024-09,South Wales Police,South Wales Police,-3.949255,51.651274,On or near Clos Calon Lan,W01000820,Swansea 009D,Violence and sexual offences,Unable to prosecute suspect,
effeed62bef3708d2561b2c0d156a2cb79b01e402941ba9e9ddae7b29d1be5de,2024-09,South Wales Police,South Wales Police,-3.944116,51.648752,On or near Peniel Road,W01000821,Swansea 009E,Criminal damage and arson,Investigation complete; no suspect identified,
81e15ed13d4538b4f66f8d4fc1f88ee2f5407676374f4c967b7c233b25e96fb8,2024-09,South Wales Police,South Wales Police,-3.949263,51.649107,On or near Parkhill Road,W01000821,Swansea 009E,Violence and sexual offences,Unable to prosecute suspect,
58eb021e3405103b13073a57ba485409c4e783dccaaa2d358cbfb59376b4223f,2024-09,South Wales Police,South Wales Police,-3.938137,51.669209,On or near Telyn Aur,W01000822,Swansea 009F,Other theft,Investigation complete; no suspect identified,
7e2ef96968e8bc3d67489a7314f9a2ffacbbb3cd718438bd545a26f8adc73a8b,2024-09,South Wales Police,South Wales Police,-3.934698,51.670642,On or near Llwyn-Yr-Eos,W01000822,Swansea 009F,Vehicle crime,Investigation complete; no suspect identified,
37f7ccd36d4ccaf4468bd468e03b9352f2d517ac4f3092a7c10c2118afe3050c,2024-09,South Wales Police,South Wales Police,-3.940040,51.670410,On or near Furze Crescent,W01000822,Swansea 009F,Vehicle crime,Investigation complete; no suspect identified,
,2024-09,South Wales Police,South Wales Police,-3.903295,51.656345,On or near Nantyffin North,W01000794,Swansea 010A,Anti-social behaviour,,
,2024-09,South Wales Police,South Wales Police,-3.911614,51.653062,On or near Charter Court,W01000794,Swansea 010A,Anti-social behaviour,,
,2024-09,South Wales Police,South Wales Police,-3.893860,51.660994,On or near Tawe Road,W01000794,Swansea 010A,Anti-social behaviour,,
,2024-09,South Wales Police,South Wales Police,-3.916598,51.664275,On or near Supermarket,W01000794,Swansea 010A,Anti-social behaviour,,
,2024-09,South Wales Police,South Wales Police,-3.893957,51.659850,On or near Stadwen Road,W01000794,Swansea 010A,Anti-social behaviour,,
74610c7193df5b1a90c09dc6339c146f47bb70444477b107495f5cbadab26fb1,2024-09,South Wales Police,South Wales Police,-3.895179,51.667303,On or near Walters Road,W01000794,Swansea 010A,Bicycle theft,Investigation complete; no suspect identified,
b9c4709bfee7be1aa2830b62d41d1e1aa2b33a2de9d3cf43e7d08c1ada6cfd53,2024-09,South Wales Police,South Wales Police,-3.903295,51.656345,On or near Nantyffin North,W01000794,Swansea 010A,Burglary,Investigation complete; no suspect identified,
a4b03905c4ee5be5908dfc91c6f8ce975508491b28fdb60bcf8f0169a7228790,2024-09,South Wales Police,South Wales Police,-3.907146,51.654421,On or near Nantyffin South,W01000794,Swansea 010A,Criminal damage and arson,Unable to prosecute suspect,
4bc83921375729b5aa633db036faf58fcb5afeb1a4f17b819065933ffcf0aa7c,2024-09,South Wales Police,South Wales Police,-3.916598,51.664275,On or near Supermarket,W01000794,Swansea 010A,Criminal damage and arson,Awaiting court outcome,
ad557a42fadd04cc823a467d9200e2300a743aad0bf4484d214a2ffd4bbfe67d,2024-09,South Wales Police,South Wales Police,-3.895738,51.658194,On or near Llwyn-Crwn Road,W01000794,Swansea 010A,Criminal damage and arson,Investigation complete; no suspect identified,
1de30e2907a59b3feaf03f3709283d4198931866ddfe76fa53d65a2240b23a3b,2024-09,South Wales Police,South Wales Police,-3.898011,51.669676,On or near Llys Llwyfen,W01000794,Swansea 010A,Other theft,Unable to prosecute suspect,
396bc6eb63d0f6355e7447061a2a6a80056338a77a951f67a50deb2341905727,2024-09,South Wales Police,South Wales Police,-3.903295,51.656345,On or near Nantyffin North,W01000794,Swansea 010A,Other theft,Investigation complete; no suspect identified,
30cb92aa6a77cd23c318235b3d3700adcbaf0088a9a2706b92f21db385596fa7,2024-09,South Wales Police,South Wales Police,-3.903295,51.656345,On or near Nantyffin North,W01000794,Swansea 010A,Other theft,Investigation complete; no suspect identified,
e1d126ed116d2059c69a06464fb0f7c6cd388c77a06959288587502d04a38d04,2024-09,South Wales Police,South Wales Police,-3.907146,51.654421,On or near Nantyffin South,W01000794,Swansea 010A,Other theft,Investigation complete; no suspect identified,
6c6a514402ac651084989d180ec72603ad52b3f5027dfa9322ef8f63966beceb,2024-09,South Wales Police,South Wales Police,-3.903295,51.656345,On or near Nantyffin North,W01000794,Swansea 010A,Other theft,Investigation complete; no suspect identified,
0a28379942e663436f1422bd96d93562ecc93e7bc03839757d0aded4aa9daa70,2024-09,South Wales Police,South Wales Police,-3.903295,51.656345,On or near Nantyffin North,W01000794,Swansea 010A,Other theft,Unable to prosecute suspect,
98d5436db1b191f9ff53c7e0e196e90ea3254545d97c3bc1b2b97173c5c7fb22,2024-09,South Wales Police,South Wales Police,-3.916598,51.664275,On or near Supermarket,W01000794,Swansea 010A,Other theft,Investigation complete; no suspect identified,
149f8e0072d1df84fb40d4345c4b1cc8826c623c20769528ed0eb1ca1e42213c,2024-09,South Wales Police,South Wales Police,-3.917269,51.660991,On or near Dyffryn Close,W01000794,Swansea 010A,Other theft,Investigation complete; no suspect identified,
2d465a42e7d36d5a2506c22412c0c3603f850c174e87674138ac74d5ff7b5859,2024-09,South Wales Police,South Wales Police,-3.910327,51.657858,On or near Lion Way,W01000794,Swansea 010A,Other theft,Investigation complete; no suspect identified,
f2b029c81a2452ec21f2b85217bb47fbc939496e1bcedf3104a60da2ddaa7d13,2024-09,South Wales Police,South Wales Police,-3.900825,51.667805,On or near Cwrt Y Fedwen,W01000794,Swansea 010A,Other theft,Investigation complete; no suspect identified,
8e91f5a106e9fb4b0000c99afecc2695df6afdfb2cb7fde0aa6b3e55be092f81,2024-09,South Wales Police,South Wales Police,-3.914900,51.660697,On or near St David'S Road,W01000794,Swansea 010A,Public order,Under investigation,
211ab0b0ed54fd22128d1121936be102f9a1cafa3aed40504afd169d3c1d908a,2024-09,South Wales Police,South Wales Police,-3.901460,51.663964,On or near Church Close,W01000794,Swansea 010A,Public order,Unable to prosecute suspect,
c1f97dba4bb742ef92784f453cf118b98e6c492647c9d5eede5f55df25acdb50,2024-09,South Wales Police,South Wales Police,-3.916598,51.664275,On or near Supermarket,W01000794,Swansea 010A,Public order,Unable to prosecute suspect,
cc19ef92ad8b0889f690a94e479164324b8ca5604937eb7bf27cbb1cf580e62a,2024-09,South Wales Police,South Wales Police,-3.907827,51.656856,On or near Castell Close,W01000794,Swansea 010A,Public order,Investigation complete; no suspect identified,
e841565153a4a4414eaa6797935acde78e0c4f7fac207dc94fd41a5cf3ee0955,2024-09,South Wales Police,South Wales Police,-3.916598,51.664275,On or near Supermarket,W01000794,Swansea 010A,Public order,Investigation complete; no suspect identified,
b3d4911289b5883515e518f714b8af303d26712633146ef65f65edc9a754ec91,2024-09,South Wales Police,South Wales Police,-3.916598,51.664275,On or near Supermarket,W01000794,Swansea 010A,Robbery,Investigation complete; no suspect identified,
8f65e5b203b07dca2699dfe62304ca71e06169dd9db09a4e19d0bb6d5a32060c,2024-09,South Wales Police,South Wales Police,-3.905118,51.658797,On or near Mannesmann Close,W01000794,Swansea 010A,Shoplifting,Investigation complete; no suspect identified,
927571a009a2ecdad2ab3466a5761fb04b085905c10b7cafd39fb58186e9fe1d,2024-09,South Wales Police,South Wales Police,-3.903295,51.656345,On or near Nantyffin North,W01000794,Swansea 010A,Shoplifting,Investigation complete; no suspect identified,
db70121dfab9d6d91e2ef0efc281cc5238ca769494dbe0313984e8c1fe9deeca,2024-09,South Wales Police,South Wales Police,-3.907827,51.656856,On or near Castell Close,W01000794,Swansea 010A,Shoplifting,Investigation complete; no suspect identified,
6c0bd0e5edd01a23d5343cd5a0f9af5ad0e7fc0b37be8cb77c9bc0c24d9abeb7,2024-09,South Wales Police,South Wales Police,-3.906230,51.661513,On or near Samlet Road,W01000794,Swansea 010A,Shoplifting,Investigation complete; no suspect identified,
8e8d08728e0aedfee9ac1c44c27b3887eeab21d9a1ef086d62c46af81302bf09,2024-09,South Wales Police,South Wales Police,-3.903295,51.656345,On or near Nantyffin North,W01000794,Swansea 010A,Shoplifting,Investigation complete; no suspect identified,
a54896a540564b7d39c262f50fb04e1b46b2da9e5ddf514886026059f6cbbbe4,2024-09,South Wales Police,South Wales Police,-3.903295,51.656345,On or near Nantyffin North,W01000794,Swansea 010A,Shoplifting,Unable to prosecute suspect,
b7bec3298e2803ab42a72989b3670c8d785dda3c01ada92fa0024712d8554663,2024-09,South Wales Police,South Wales Police,-3.903295,51.656345,On or near Nantyffin North,W01000794,Swansea 010A,Shoplifting,Unable to prosecute suspect,
219d77589ac442c8a8e8e1bdffdefb4cc4bd0a668f5f2b749777d6a0d26f1d2d,2024-09,South Wales Police,South Wales Police,-3.903295,51.656345,On or near Nantyffin North,W01000794,Swansea 010A,Shoplifting,Unable to prosecute suspect,
f0e4148845e8d7067b5d93675458e4dcd9946d16b1d30460170466d39a3fbcc6,2024-09,South Wales Police,South Wales Police,-3.903295,51.656345,On or near Nantyffin North,W01000794,Swansea 010A,Shoplifting,Unable to prosecute suspect,
bb38ee37b988ddc925790be88bdcdddcbb85c34e5ce982fd1f0314901fbfc344,2024-09,South Wales Police,South Wales Police,-3.901460,51.663964,On or near Church Close,W01000794,Swansea 010A,Vehicle crime,Unable to prosecute suspect,
aaf2a96f929ddb4d17706d7bd82abc0b58b95dc1e7c0f1aa3b273ebae0740d1f,2024-09,South Wales Police,South Wales Police,-3.897855,51.659715,On or near Ffynnon Samlet,W01000794,Swansea 010A,Violence and sexual offences,Under investigation,
b92593ad730064afb26b6360d67e9360f4bf1ad9d0311524db651d6f5e76bf04,2024-09,South Wales Police,South Wales Police,-3.897855,51.659715,On or near Ffynnon Samlet,W01000794,Swansea 010A,Violence and sexual offences,Unable to prosecute suspect,
a84b673298635ce11c8f58221e6db8fef3652f2148d282f167dbcf81ac80177f,2024-09,South Wales Police,South Wales Police,-3.916598,51.664275,On or near Supermarket,W01000794,Swansea 010A,Violence and sexual offences,Further investigation is not in the public interest,
a0dddc822a57e86b52cb8358224b88fcf76c5a9d75710f9d399eddd5a3ad7035,2024-09,South Wales Police,South Wales Police,-3.897221,51.653539,On or near Clos Ysgallen,W01000794,Swansea 010A,Violence and sexual offences,Unable to prosecute suspect,
eb3d96cb9130779d8c855983eed0aa04bef22aedd957a8903d77e50474be0484,2024-09,South Wales Police,South Wales Police,-3.916598,51.664275,On or near Supermarket,W01000794,Swansea 010A,Violence and sexual offences,Unable to prosecute suspect,
cec709537d7d697a6a8de257d1b20c88636e1d3d0429362a43f7777840c5ad06,2024-09,South Wales Police,South Wales Police,-3.897221,51.653539,On or near Clos Ysgallen,W01000794,Swansea 010A,Violence and sexual offences,Unable to prosecute suspect,
e00f0f7b76eff15b2f2da2e4ed804fc2e9c037eec4847a176d5e142b3f6a7173,2024-09,South Wales Police,South Wales Police,-3.895883,51.656465,On or near Tyn-Y-Cae Road,W01000794,Swansea 010A,Violence and sexual offences,Unable to prosecute suspect,
6a71443865cdeadf2405fbcc942d1dcf5c6526ec5460bb8e4f42ca401597f4f4,2024-09,South Wales Police,South Wales Police,-3.895883,51.656465,On or near Tyn-Y-Cae Road,W01000794,Swansea 010A,Violence and sexual offences,Investigation complete; no suspect identified,
071b0f76455bf6b7d61693998394dcc0f59c4c520acc36c1b1e13644cece898e,2024-09,South Wales Police,South Wales Police,-3.901460,51.663964,On or near Church Close,W01000794,Swansea 010A,Violence and sexual offences,Investigation complete; no suspect identified,
b07e7b51a5f869059c49a7d05804b8723eac360d69f065bf06eb83756ed846e3,2024-09,South Wales Police,South Wales Police,-3.917269,51.660991,On or near Dyffryn Close,W01000794,Swansea 010A,Other crime,Under investigation,
0fc68a1c495aa9a803a75c667d8adec612f443ad3dad22f11a70398a4061ac02,2024-09,South Wales Police,South Wales Police,-3.908675,51.656060,On or near Llys Felin Newydd,W01000794,Swansea 010A,Other crime,Under investigation,
3a0eaf69f304fb4cc21d798971cd8045df5280bffac922e0083224d48091963b,2024-09,South Wales Police,South Wales Police,-3.916598,51.664275,On or near Supermarket,W01000794,Swansea 010A,Other crime,Further investigation is not in the public interest,
5b99b6670c3e3007d8d36c850dd5450f9c05246af39b46fb195ce8f3d43351cd,2024-09,South Wales Police,South Wales Police,-3.902895,51.654751,On or near Viking Way,W01000794,Swansea 010A,Other crime,Awaiting court outcome,
,2024-09,South Wales Police,South Wales Police,-3.879270,51.655392,On or near Meadow View,W01000797,Swansea 010B,Anti-social behaviour,,
6b3bcfa0d0f8e5152d692f78d08e3e2d10d55d2ac8d58da8d38946e422e3768a,2024-09,South Wales Police,South Wales Police,-3.877444,51.657382,On or near Heol Rhuddos,W01000797,Swansea 010B,Criminal damage and arson,Investigation complete; no suspect identified,
ed1e99ab93fbfeca964a159dfaeb5f3393c511b589a7bc245ddc0f248afa8456,2024-09,South Wales Police,South Wales Police,-3.880234,51.655260,On or near Bryn Celyn,W01000797,Swansea 010B,Public order,Unable to prosecute suspect,
1e842ee1cb57da5bb2702a94ce55dbf056b33f0bf0e7f600a18c6d3d6645437c,2024-09,South Wales Police,South Wales Police,-3.880234,51.655260,On or near Bryn Celyn,W01000797,Swansea 010B,Violence and sexual offences,Unable to prosecute suspect,
1f8dddac31b301d2db4971193aa314efe078f58c917f557dada5ab09a2ac7f6f,2024-09,South Wales Police,South Wales Police,-3.880234,51.655260,On or near Bryn Celyn,W01000797,Swansea 010B,Violence and sexual offences,Unable to prosecute suspect,
1f307418840afd8a1b5d5bc65345fc91ef073bd6e989a6208b55a5535e0ba9a1,2024-09,South Wales Police,South Wales Police,-3.890117,51.657556,On or near Clos Gwilym Webber,W01000798,Swansea 010C,Criminal damage and arson,Investigation complete; no suspect identified,
fc0c686a8594a925e69cf4c1c210c06b43ec07bfcac9276c86e9d09e2c3fcbf8,2024-09,South Wales Police,South Wales Police,-3.888783,51.659915,On or near Bethel Road,W01000798,Swansea 010C,Other theft,Investigation complete; no suspect identified,
4b0c2e4f628c55f2a5579b90d277c5c58ae89f61f3f9c365502052e26fcd8265,2024-09,South Wales Police,South Wales Police,-3.889559,51.655263,On or near Trallwn Road,W01000798,Swansea 010C,Public order,Under investigation,
8f2e7de9c9b6e90527d279abbde236608dd46b41027bce9c71941f5cf74868ff,2024-09,South Wales Police,South Wales Police,-3.890117,51.657556,On or near Clos Gwilym Webber,W01000798,Swansea 010C,Public order,Unable to prosecute suspect,
6c890f8e77f988d755fdda788d866e501c2b7402413645c9141e3335d777f434,2024-09,South Wales Police,South Wales Police,-3.890117,51.657556,On or near Clos Gwilym Webber,W01000798,Swansea 010C,Public order,Investigation complete; no suspect identified,
2cbcafedddead7962061dbaa5c3a1b39a34fb768ea518b6c8ebd09391c59fb92,2024-09,South Wales Police,South Wales Police,-3.885815,51.657382,On or near Heol Hafdy,W01000798,Swansea 010C,Other crime,Unable to prosecute suspect,
,2024-09,South Wales Police,South Wales Police,-3.895123,51.655236,On or near Cwrt Lafant,W01000799,Swansea 010D,Anti-social behaviour,,
,2024-09,South Wales Police,South Wales Police,-3.892895,51.652403,On or near Parking Area,W01000799,Swansea 010D,Anti-social behaviour,,
dd7d7f4aba6d17322da56a4a54a3840b1b0dda178c309996028f005c752bda31,2024-09,South Wales Police,South Wales Police,-3.886254,51.652627,On or near Maes-Lan,W01000799,Swansea 010D,Theft from the person,Unable to prosecute suspect,
d966f906ea66f789ffa39f949e22a2ba779e61f7bd5ba613cb79c3020243821b,2024-09,South Wales Police,South Wales Police,-3.891093,51.653575,On or near Heol Gwili,W01000799,Swansea 010D,Vehicle crime,Investigation complete; no suspect identified,
dbe6fe0e26c2d609982f37e4a48fbf8ff826108880ffeed2aa942f59bc507e16,2024-09,South Wales Police,South Wales Police,-3.893754,51.654287,On or near Heol Eifion Wyn,W01000799,Swansea 010D,Violence and sexual offences,Unable to prosecute suspect,
307b91a8cca175302ce2502a413652c708fb7a71e6163ddbbec648817457aae6,2024-09,South Wales Police,South Wales Police,-3.891222,51.653887,On or near Heol Elfed,W01000799,Swansea 010D,Violence and sexual offences,Awaiting court outcome,
ef9c7dd3c43ae19efb8677300cb048b60a721964e95faaf1516a26bfdff72a82,2024-09,South Wales Police,South Wales Police,-3.891222,51.653887,On or near Heol Elfed,W01000799,Swansea 010D,Violence and sexual offences,Awaiting court outcome,
86874d715f7dd95c85715ae066c814f1dde8cfb623cda7b5f6671d7b4656761e,2024-09,South Wales Police,South Wales Police,-3.885984,51.652038,On or near Tegfan,W01000799,Swansea 010D,Violence and sexual offences,Unable to prosecute suspect,
0e420713fbffeb77564821c274a301d8758390bda5f5cc1ac6aadf699614ec62,2024-09,South Wales Police,South Wales Police,-3.885984,51.652038,On or near Tegfan,W01000799,Swansea 010D,Violence and sexual offences,Unable to prosecute suspect,
099e873ad6abebac51a91e15c9b1f1084ec5108642532203c3663c77c4f028e7,2024-09,South Wales Police,South Wales Police,-3.889998,51.655750,On or near Clos Glan-Y-Wern,W01000799,Swansea 010D,Other crime,Unable to prosecute suspect,
edc8123e7dddf8155035dd1fd272fccc15f84860b8c99a1043e3a31771cb84ec,2024-09,South Wales Police,South Wales Police,-3.893036,51.656843,On or near Glan-Y-Wern Road,W01000799,Swansea 010D,Other crime,Unable to prosecute suspect,
aec12d563eb5088823645ad6f501641c74c7fa583d22cf1c46d7ad96607e871e,2024-09,South Wales Police,South Wales Police,-3.974085,51.652163,On or near St Rhidian Road,W01000830,Swansea 011A,Drugs,Under investigation,
eb6bdf0a3c452dd4b972ca7c8b2bc576dd181ca9c47690bd4326978af6434d2e,2024-09,South Wales Police,South Wales Police,-3.975593,51.649944,On or near Stembridge Avenue,W01000830,Swansea 011A,Public order,Unable to prosecute suspect,
903de5a72e645e8ee1d309d693b39256a134d31c64a402db8f4c65eb0e65c5af,2024-09,South Wales Police,South Wales Police,-3.972556,51.654572,On or near Weobley Court,W01000830,Swansea 011A,Public order,Unable to prosecute suspect,
39e0e63d17b94a758a4e74a525de54c53ad4cec78458623fe32040485c6b30f7,2024-09,South Wales Police,South Wales Police,-3.978834,51.651652,On or near Pwll-Yr-Hwyaid,W01000830,Swansea 011A,Shoplifting,Awaiting court outcome,
20972940f96779aa503030d761273100494734ffe15533db6a733a9ecf544181,2024-09,South Wales Police,South Wales Police,-3.976534,51.650638,On or near Cathan Crescent,W01000830,Swansea 011A,Theft from the person,Investigation complete; no suspect identified,
5b46013703e76bf86487e9fd4cc429a0a1be9371c712a23ab937cf988ad52586,2024-09,South Wales Police,South Wales Police,-3.974085,51.652163,On or near St Rhidian Road,W01000830,Swansea 011A,Vehicle crime,Under investigation,
b61980b05a1ea9ae9aa1dab4ca99d4bfcc38fe09aedb98e9928599c7972aadd3,2024-09,South Wales Police,South Wales Police,-3.983247,51.654392,On or near Greenwood Place,W01000830,Swansea 011A,Violence and sexual offences,Unable to prosecute suspect,
f935c9fc81d9ea062a9cfd872f8b08d323d832c11ed1359a4c38c7c6bbea397f,2024-09,South Wales Police,South Wales Police,-3.983247,51.654392,On or near Greenwood Place,W01000830,Swansea 011A,Violence and sexual offences,Unable to prosecute suspect,
87e6907962726fbaf57f68fa97d4b05a75115843ab55842a9a52d2a1178c7d47,2024-09,South Wales Police,South Wales Police,-3.978061,51.652501,On or near Nant Cadle,W01000830,Swansea 011A,Violence and sexual offences,Under investigation,
0f1cfcf3c63dc2d564c1e1c6710f2fa3a714171856b98ed6cdccf3acd0bcecd5,2024-09,South Wales Police,South Wales Police,-3.972328,51.651977,On or near Fermoy Court,W01000830,Swansea 011A,Violence and sexual offences,Under investigation,
48565a3c0cc567de6eb00c5fc3ec4ac4db230c3cd7b19bcd0a65b9ca140e1ad2,2024-09,South Wales Police,South Wales Police,-3.980719,51.654111,On or near Woodview Place,W01000830,Swansea 011A,Violence and sexual offences,Unable to prosecute suspect,
7e58607ea99c2fff4d48e56b7fc94facb279a0a52fa7c58a7b22196e3e3d72c3,2024-09,South Wales Police,South Wales Police,-3.983247,51.654392,On or near Greenwood Place,W01000830,Swansea 011A,Violence and sexual offences,Further investigation is not in the public interest,
,2024-09,South Wales Police,South Wales Police,-3.965919,51.648514,On or near Heol Emrys,W01000832,Swansea 011B,Anti-social behaviour,,
,2024-09,South Wales Police,South Wales Police,-3.968445,51.652438,On or near Nolton Court,W01000832,Swansea 011B,Anti-social behaviour,,
29a70bab14fca92858d7dc4410c83e5c6033e2c0953d4d84c1a70c1bd4379057,2024-09,South Wales Police,South Wales Police,-3.974362,51.648885,On or near Cheriton Crescent,W01000832,Swansea 011B,Burglary,Investigation complete; no suspect identified,
c4e62dda8c2fbf4a871367663b136ae3487cf92e0ad6b5be7184e007feaf0321,2024-09,South Wales Police,South Wales Police,-3.965919,51.648514,On or near Heol Emrys,W01000832,Swansea 011B,Criminal damage and arson,Under investigation,
d1b899a8be242d7c4bfc56a02dbe226460cf26cfe29d6b010b7e7cfaf518b543,2024-09,South Wales Police,South Wales Police,-3.965919,51.648514,On or near Heol Emrys,W01000832,Swansea 011B,Criminal damage and arson,Awaiting court outcome,
a6828e85490c65ef28ac6e7069d99e8341b3d2967de0426ecc96b16c050c4310,2024-09,South Wales Police,South Wales Police,-3.974362,51.648885,On or near Cheriton Crescent,W01000832,Swansea 011B,Criminal damage and arson,Further investigation is not in the public interest,
a9bcedb46cc8a00e227aabff82fc5a926b047dc571e56195c45115195e93cdad,2024-09,South Wales Police,South Wales Police,-3.965919,51.648514,On or near Heol Emrys,W01000832,Swansea 011B,Criminal damage and arson,Investigation complete; no suspect identified,
d4c35721bf1518819fd0847e67c8a27a0423269306bb6eb6bea81561c031605b,2024-09,South Wales Police,South Wales Police,-3.965919,51.648514,On or near Heol Emrys,W01000832,Swansea 011B,Criminal damage and arson,Investigation complete; no suspect identified,
b072a6ae5d25f44a3eaf1d6fed5c87a4c6bcb388f6a1850e94b7d0ae8f7bddcb,2024-09,South Wales Police,South Wales Police,-3.970149,51.652733,On or near Whitland Close,W01000832,Swansea 011B,Criminal damage and arson,Unable to prosecute suspect,
b7f86e7a9c57e0c997bf0e9e73ec060d3e6140d416c59014b9ff224d4f0e7155,2024-09,South Wales Police,South Wales Police,-3.965919,51.648514,On or near Heol Emrys,W01000832,Swansea 011B,Drugs,Under investigation,
aa79adb64c06109d3c2ec927d8300befbd12f343d7e52749f3ad7fd4d7f8148e,2024-09,South Wales Police,South Wales Police,-3.965919,51.648514,On or near Heol Emrys,W01000832,Swansea 011B,Drugs,Under investigation,
5806bf659272b71b48cda440b3ab27eb446e6dfe8cf69dbaa417848f99237d4a,2024-09,South Wales Police,South Wales Police,-3.965919,51.648514,On or near Heol Emrys,W01000832,Swansea 011B,Possession of weapons,Awaiting court outcome,
19d466b6aae0aa8aae055e994205bc37f6463af66411e85f1ae5fd26d66f1f15,2024-09,South Wales Police,South Wales Police,-3.965919,51.648514,On or near Heol Emrys,W01000832,Swansea 011B,Public order,Unable to prosecute suspect,
0fccc0f52ed8f3be2ae1a293496390b663a0eca8d3f4f6be4c758e3ab6cee030,2024-09,South Wales Police,South Wales Police,-3.965919,51.648514,On or near Heol Emrys,W01000832,Swansea 011B,Public order,Investigation complete; no suspect identified,
79b2ac4442939f2a1a6ec2b15718e8c95e2ba27e56f44f67210a5c6cf4e1b729,2024-09,South Wales Police,South Wales Police,-3.970149,51.652733,On or near Whitland Close,W01000832,Swansea 011B,Vehicle crime,Investigation complete; no suspect identified,
1a318be6cf3617155d90bf4437f3408d6da84e0645101dc1443696801e0f2df1,2024-09,South Wales Police,South Wales Police,-3.974362,51.648885,On or near Cheriton Crescent,W01000832,Swansea 011B,Vehicle crime,Investigation complete; no suspect identified,
06953d7706aafffb848f504df995c9d2d2c10448bd01c47b3aecbfa69df24716,2024-09,South Wales Police,South Wales Police,-3.971544,51.651235,On or near St Cenydd Road,W01000832,Swansea 011B,Violence and sexual offences,Unable to prosecute suspect,
0bb268f4ddd4edc829977f759ee750be0419daa942784da77bc2d80129ce5b59,2024-09,South Wales Police,South Wales Police,-3.963357,51.649106,On or near Parking Area,W01000832,Swansea 011B,Violence and sexual offences,Under investigation,
0e5e6ab92d64fc812db420f49d87b56bde588e4a3d66e1751137000cea17efc6,2024-09,South Wales Police,South Wales Police,-3.963816,51.649701,On or near Sports/Recreation Area,W01000832,Swansea 011B,Violence and sexual offences,Unable to prosecute suspect,
26f2fde70db54a20ff60fa39e98f03bcfc7b7bd96bf2ff2c78a995ca2777acd3,2024-09,South Wales Police,South Wales Police,-3.964925,51.647947,On or near Tudno Place,W01000832,Swansea 011B,Violence and sexual offences,Unable to prosecute suspect,
6635026db75989e0413d57b7e369879835a47459a3c3489d0fc14fad3f8fe22c,2024-09,South Wales Police,South Wales Police,-3.965919,51.648514,On or near Heol Emrys,W01000832,Swansea 011B,Other crime,Unable to prosecute suspect,
,2024-09,South Wales Police,South Wales Police,-3.960749,51.647630,On or near Cadnant Road,W01000833,Swansea 011C,Anti-social behaviour,,
,2024-09,South Wales Police,South Wales Police,-3.960749,51.647630,On or near Cadnant Road,W01000833,Swansea 011C,Anti-social behaviour,,
eea87aaf9cea75e44281844da41f14cc20bfdc3505658557d5a8feba81111c33,2024-09,South Wales Police,South Wales Police,-3.955589,51.649991,On or near Penmynydd Road,W01000833,Swansea 011C,Burglary,Under investigation,
48e35ed752d446a5812ed0e4a6cf180c626ae098b42982a9c1fcaa8f4f894e65,2024-09,South Wales Police,South Wales Police,-3.960749,51.647630,On or near Cadnant Road,W01000833,Swansea 011C,Burglary,Investigation complete; no suspect identified,
35670656cdb9fae08aec422d794d29dde6333f736288fd6efdf5c4307f18a915,2024-09,South Wales Police,South Wales Police,-3.958386,51.651842,On or near Heol Cadifor,W01000833,Swansea 011C,Criminal damage and arson,Under investigation,
e2106e317f2685d55104d8bbf940374624eaa43477a01a777ea9dfef5d3574f5,2024-09,South Wales Police,South Wales Police,-3.956187,51.646771,On or near Llangorse Road,W01000833,Swansea 011C,Criminal damage and arson,Under investigation,
d0423c37d86d8caa6a7d983f7863c185dcfdf983c38389e78bf34c6970feb04f,2024-09,South Wales Police,South Wales Police,-3.954350,51.649085,On or near Pensalem Road,W01000833,Swansea 011C,Criminal damage and arson,Unable to prosecute suspect,
6c2dc652cacc12137f6b8c42e49d43c5c26258eef90d87f0aab20cd78aeb83f6,2024-09,South Wales Police,South Wales Police,-3.957685,51.647645,On or near Clos Las,W01000833,Swansea 011C,Drugs,Under investigation,
d03ee1dca09ec0b7a52748d8a03165001076c3442028291c03ebacc3794ab85f,2024-09,South Wales Police,South Wales Police,-3.957310,51.649674,On or near Heol Gwyrosydd,W01000833,Swansea 011C,Drugs,Unable to prosecute suspect,
a99630a51aeeec98b7fe62718b3a1542d1e1c9900aa5f7b70bfcaae369356e5a,2024-09,South Wales Police,South Wales Police,-3.957685,51.647645,On or near Clos Las,W01000833,Swansea 011C,Drugs,Awaiting court outcome,
ecd79ef51dbf9ad581f30ea428ab2da1e693ce02f43166b2dd0d81ef53fe42d6,2024-09,South Wales Police,South Wales Police,-3.957405,51.648531,On or near Morlais Road,W01000833,Swansea 011C,Public order,Unable to prosecute suspect,
937dcbbe39d9bb3f366255c9d20b9fbd7b75513a27427fcb588767e0644852cf,2024-09,South Wales Police,South Wales Police,-3.957405,51.648531,On or near Morlais Road,W01000833,Swansea 011C,Public order,Further investigation is not in the public interest,
64c60b6051529945c0225de4a2e1a8505c5a6659091d81d2e98d679534b8ac8d,2024-09,South Wales Police,South Wales Police,-3.958152,51.648087,On or near Heol Frank,W01000833,Swansea 011C,Public order,Unable to prosecute suspect,
28f33a29cf3371761486b6e5703d508926d420e1b745de96103fa34281bedd54,2024-09,South Wales Police,South Wales Police,-3.960749,51.647630,On or near Cadnant Road,W01000833,Swansea 011C,Public order,Unable to prosecute suspect,
268c2092c99464211995fe52da1cd5d6959a4a117d8e4dce430e6452597116b2,2024-09,South Wales Police,South Wales Police,-3.957310,51.649674,On or near Heol Gwyrosydd,W01000833,Swansea 011C,Theft from the person,Unable to prosecute suspect,
142b510a91cdb23a054386a896e4fccdf3a13426c8fe8a23d9b8cb1217803934,2024-09,South Wales Police,South Wales Police,-3.958386,51.651842,On or near Heol Cadifor,W01000833,Swansea 011C,Vehicle crime,Investigation complete; no suspect identified,
34c658f4b634c90d35755c6b10a567dcf851caedda8ad18e31497db9b2966205,2024-09,South Wales Police,South Wales Police,-3.960749,51.647630,On or near Cadnant Road,W01000833,Swansea 011C,Violence and sexual offences,Unable to prosecute suspect,
c30df12b0508ba75f2c2d153a93f8bb702bf2096e32d18bcdc365babfd89b672,2024-09,South Wales Police,South Wales Police,-3.956187,51.646771,On or near Llangorse Road,W01000833,Swansea 011C,Violence and sexual offences,Further investigation is not in the public interest,
21b5d90549eb48a092fe9cbeea75928f268487e2755d6c8c3c83b024dcf7a008,2024-09,South Wales Police,South Wales Police,-3.959656,51.650436,On or near Sports/Recreation Area,W01000833,Swansea 011C,Violence and sexual offences,Under investigation,
,2024-09,South Wales Police,South Wales Police,-3.955972,51.652179,On or near Heol Hermas,W01000834,Swansea 011D,Anti-social behaviour,,
,2024-09,South Wales Police,South Wales Police,-3.954729,51.656543,On or near St Clears Place,W01000834,Swansea 011D,Anti-social behaviour,,
,2024-09,South Wales Police,South Wales Police,-3.954729,51.656543,On or near St Clears Place,W01000834,Swansea 011D,Anti-social behaviour,,
a76c77a87e8a50128686bdd5544d82a9e47964b79992046eda7af0c50b97d407,2024-09,South Wales Police,South Wales Police,-3.957229,51.655179,On or near John Penry Crescent,W01000834,Swansea 011D,Criminal damage and arson,Investigation complete; no suspect identified,
32777e08135b89c84bfc2abee1af0bcdffa079182da84db7dcef1e3dcc7df72c,2024-09,South Wales Police,South Wales Police,-3.954158,51.655374,On or near Crwys Terrace,W01000834,Swansea 011D,Drugs,Further investigation is not in the public interest,
2e8d310403866e59d02981227b74825f36e0794d3c9b25ccfca7ea29cd236ef4,2024-09,South Wales Police,South Wales Police,-3.954729,51.656543,On or near St Clears Place,W01000834,Swansea 011D,Other theft,Investigation complete; no suspect identified,
1ea8e46a9ef07e0da443dd3d91b2bd8eb2be9676cccd118cb3526af8b22258e4,2024-09,South Wales Police,South Wales Police,-3.954158,51.655374,On or near Crwys Terrace,W01000834,Swansea 011D,Public order,Unable to prosecute suspect,
96722ffaf545181aa98fa9bfa8c76166282782f467892b22a4fa65e45b49a49d,2024-09,South Wales Police,South Wales Police,-3.956458,51.660776,On or near Heol Ddu,W01000834,Swansea 011D,Public order,Investigation complete; no suspect identified,
cf1bc06b0572caa293b07cad1466488ad4195faf832970aeb36149e9c11dcb93,2024-09,South Wales Police,South Wales Police,-3.955972,51.652179,On or near Heol Hermas,W01000834,Swansea 011D,Violence and sexual offences,Unable to prosecute suspect,
4c10b985f9a2a959b965cb4930d6fb5c5570a96f079cc68694e6ebb70b6f7535,2024-09,South Wales Police,South Wales Police,-3.954729,51.656543,On or near St Clears Place,W01000834,Swansea 011D,Violence and sexual offences,Unable to prosecute suspect,
5cecf8bfdb9244b2ce2b7030c94d90154712699099b5a4e5c1a3117a306b8d97,2024-09,South Wales Police,South Wales Police,-3.954729,51.656543,On or near St Clears Place,W01000834,Swansea 011D,Violence and sexual offences,Unable to prosecute suspect,
8256c06a6176109bfbe5fff8c85cd7b3363e55ab429f681acabb4dcab646211d,2024-09,South Wales Police,South Wales Police,-3.954729,51.656543,On or near St Clears Place,W01000834,Swansea 011D,Violence and sexual offences,Unable to prosecute suspect,
606099801a89dc79e8d107341d86954fa56639e33ed58de8cb5826d7dfcb9b1a,2024-09,South Wales Police,South Wales Police,-3.954729,51.656543,On or near St Clears Place,W01000834,Swansea 011D,Violence and sexual offences,Unable to prosecute suspect,
12bba026ac4aa69c04643fb91887cfd30b6651221f684b951978caaf93304c57,2024-09,South Wales Police,South Wales Police,-3.956684,51.652940,On or near Heol Trefor,W01000834,Swansea 011D,Violence and sexual offences,Unable to prosecute suspect,
526ca25b21ed09aa80cb63371f277376e7759098683d11c3322883f9305a7be1,2024-09,South Wales Police,South Wales Police,-3.980712,51.656602,On or near Ramsey Place,W01000836,Swansea 011E,Criminal damage and arson,Investigation complete; no suspect identified,
c177a1930a9e40caa1059b4a1311aaf86f4168a4fe1ebe23c8443a8e71c95b44,2024-09,South Wales Police,South Wales Police,-3.978546,51.655343,On or near Lark Place,W01000836,Swansea 011E,Criminal damage and arson,Investigation complete; no suspect identified,
6669f2c1252a8478207f1c216be34ee5593010e6291dd52b4b20ecd76910ce43,2024-09,South Wales Police,South Wales Police,-3.992120,51.651688,On or near Ffordd Cynore,W01000836,Swansea 011E,Other theft,Investigation complete; no suspect identified,
33975635f94940d6ed2ea4d8e09d0de7507f3d029e820321bf14af6c827d64a4,2024-09,South Wales Police,South Wales Police,-3.979854,51.657165,On or near Caldey Place,W01000836,Swansea 011E,Other theft,Investigation complete; no suspect identified,
a744012c2eaa50e2488ac204e149a15ff3962c0f169e5639c034dfb2beed4550,2024-09,South Wales Police,South Wales Police,-3.991983,51.652508,On or near Gelli Rhedyn,W01000836,Swansea 011E,Public order,Unable to prosecute suspect,
f1a4ed3f814909fac2734cc5dabc88491f19860f7278aea49058f90a40baa865,2024-09,South Wales Police,South Wales Police,-3.991983,51.652508,On or near Gelli Rhedyn,W01000836,Swansea 011E,Shoplifting,Investigation complete; no suspect identified,
2eee9fb5ab1500859d178014a2f27d54aaf074b7f01aa28b875bf6cc9a196dba,2024-09,South Wales Police,South Wales Police,-3.992120,51.651688,On or near Ffordd Cynore,W01000836,Swansea 011E,Shoplifting,Investigation complete; no suspect identified,
ee2eff9791ec2b75c1aaba9074b1314c2ef6a305e887a85960d8686ada320a6b,2024-09,South Wales Police,South Wales Police,-3.992120,51.651688,On or near Ffordd Cynore,W01000836,Swansea 011E,Shoplifting,Awaiting court outcome,
c6f5a07dba19006a3ec62527de3595026ac5444fc7aef03c6c29626ccebab668,2024-09,South Wales Police,South Wales Police,-3.991983,51.652508,On or near Gelli Rhedyn,W01000836,Swansea 011E,Theft from the person,Investigation complete; no suspect identified,
f705557fe81c7d958b38c1f784391e50404e259bcc8ec14da7ebec6acfaee7a6,2024-09,South Wales Police,South Wales Police,-3.979592,51.655461,On or near Falcon Place,W01000836,Swansea 011E,Violence and sexual offences,Under investigation,
c6790f3744965113cb07e71495f98729642d2991d435fb4047fb392bbeb5d77e,2024-09,South Wales Police,South Wales Police,-3.974524,51.657596,On or near Pittsburgh Court,W01000836,Swansea 011E,Violence and sexual offences,Awaiting court outcome,
24c5717a5a6cf4b7e076a9d613d2bac23bfe83c987ac88bfd2093836be32477c,2024-09,South Wales Police,South Wales Police,-3.992120,51.651688,On or near Ffordd Cynore,W01000836,Swansea 011E,Violence and sexual offences,Unable to prosecute suspect,
d9a8278a9a6369af9c39a02956e086fa8694aeaa437add35553ea0b4f6bd8b24,2024-09,South Wales Police,South Wales Police,-3.996465,51.652198,On or near Heol Islwyn,W01000836,Swansea 011E,Violence and sexual offences,Unable to prosecute suspect,
d96554dfaac66b298aea66f7d92786fc0313ca30694bdd40d36d7523532a2407,2024-09,South Wales Police,South Wales Police,-3.974524,51.657596,On or near Pittsburgh Court,W01000836,Swansea 011E,Violence and sexual offences,Unable to prosecute suspect,
fa54903b763f69a6559e689be98ef69fd5691fb097340399a963f83ce9e5b87f,2024-09,South Wales Police,South Wales Police,-3.970187,51.653937,On or near Colliers Way,W01000836,Swansea 011E,Violence and sexual offences,Unable to prosecute suspect,
c77e66f73ef18743004c0151fcaba9274bfd86921217090c13b53f8609327b26,2024-09,South Wales Police,South Wales Police,-3.984576,51.655359,On or near Westdale Road,W01000836,Swansea 011E,Violence and sexual offences,Unable to prosecute suspect,
ef1ab88632387d4963be95fb44d32cdf6f70278d2415ca56552ec728bc162823,2024-09,South Wales Police,South Wales Police,-3.967920,51.655684,On or near Neyland Drive,W01000836,Swansea 011E,Violence and sexual offences,Investigation complete; no suspect identified,
f5a026647f5230628f3fdf291d039a10452bd3648cab22a516c6ecc81cefda14,2024-09,South Wales Police,South Wales Police,-3.991983,51.652508,On or near Gelli Rhedyn,W01000836,Swansea 011E,Violence and sexual offences,Unable to prosecute suspect,
80984b20c558b37f6be801454467ef37c823a0c4a0c8465efd6b3bd0545c75d9,2024-09,South Wales Police,South Wales Police,-3.977629,51.655188,On or near Robin Road,W01000836,Swansea 011E,Violence and sexual offences,Unable to prosecute suspect,
18b1c0345cd210e7e6b341340cea4f51c4f2aea2edbb72d82b8ea5dd5eea6faf,2024-09,South Wales Police,South Wales Police,-3.980556,51.656011,On or near Woodford Road,W01000836,Swansea 011E,Other crime,Investigation complete; no suspect identified,
458caf77e1607202fc63be23fe38dff2533f5bdaa2590341cad76f991c850bd3,2024-09,South Wales Police,South Wales Police,-3.978087,51.657734,On or near Bardsey Avenue,W01000836,Swansea 011E,Other crime,Unable to prosecute suspect,
148ecd67a4d085e5ae0748b9c52009ee5006d702fc074f4be2f402ae77fce7c6,2024-09,South Wales Police,South Wales Police,-3.978087,51.657734,On or near Bardsey Avenue,W01000836,Swansea 011E,Other crime,Unable to prosecute suspect,
,2024-09,South Wales Police,South Wales Police,-4.026113,51.639191,On or near Heol Cleddau,W01000759,Swansea 012A,Anti-social behaviour,,
bc45a0346e678e77f1174a29b6f62bfe3a6b3e60a8198cb00a3fde2d4c032666,2024-09,South Wales Police,South Wales Police,-4.018116,51.639724,On or near Stepney Road,W01000759,Swansea 012A,Violence and sexual offences,Under investigation,
9e259fde040974386c904d2fd3cadd044f326da1a2cdb9e66e32d442bb5204e9,2024-09,South Wales Police,South Wales Police,-4.018116,51.639724,On or near Stepney Road,W01000759,Swansea 012A,Violence and sexual offences,Under investigation,
fc9123c0b3b087f258637f0961555fea6bd2f19e2bd708ea48c00a3fb85ba531,2024-09,South Wales Police,South Wales Police,-4.018116,51.639724,On or near Stepney Road,W01000759,Swansea 012A,Violence and sexual offences,Under investigation,
f02fd8f0065d958b4fe88937bd88ecf3ee1afee5a407fd8ae48a6d326ed0da90,2024-09,South Wales Police,South Wales Police,-4.027119,51.640342,On or near Brithwen Road,W01000759,Swansea 012A,Violence and sexual offences,Unable to prosecute suspect,
,2024-09,South Wales Police,South Wales Police,-4.037039,51.651762,On or near Clos Afon Llan,W01000777,Swansea 012B,Anti-social behaviour,,
f07f0a5dbff39773f6a79f4402b0475c76b9006c40d9c9e06e2df95f6de1b2a2,2024-09,South Wales Police,South Wales Police,-4.040279,51.651796,On or near Victoria Road,W01000777,Swansea 012B,Violence and sexual offences,Unable to prosecute suspect,
,2024-09,South Wales Police,South Wales Police,-4.043640,51.646818,On or near Mount Street,W01000778,Swansea 012C,Anti-social behaviour,,
,2024-09,South Wales Police,South Wales Police,-4.043640,51.646818,On or near Mount Street,W01000778,Swansea 012C,Anti-social behaviour,,
,2024-09,South Wales Police,South Wales Police,-4.038624,51.648102,On or near Ty Gwyn,W01000778,Swansea 012C,Anti-social behaviour,,
9491aff982444538730a00c073aaf69abe6c8542a833eaed72539d551ffa0973,2024-09,South Wales Police,South Wales Police,-4.040441,51.648978,On or near Church Street,W01000778,Swansea 012C,Criminal damage and arson,Unable to prosecute suspect,
59600955f5417cf348f0764643d5756a915c0c079b7979e57de5ccb8428b4d90,2024-09,South Wales Police,South Wales Police,-4.041500,51.648088,On or near Supermarket,W01000778,Swansea 012C,Drugs,Under investigation,
e1327f9dd88791b11f819c4b7513dd9d61a1ea58b637fdbd5363e3f3d5d7ad0c,2024-09,South Wales Police,South Wales Police,-4.049443,51.652086,On or near Sports/Recreation Area,W01000778,Swansea 012C,Other theft,Unable to prosecute suspect,
dbbc55fb722068c8e40b306b11f59aaad39017513e92a3aa8625e5af48a0545c,2024-09,South Wales Police,South Wales Police,-4.040441,51.648978,On or near Church Street,W01000778,Swansea 012C,Other theft,Unable to prosecute suspect,
7f8064837bf401e651f5690f3d24d390960dbf5e078be19181eb702e5aebd6c1,2024-09,South Wales Police,South Wales Police,-4.041500,51.648088,On or near Supermarket,W01000778,Swansea 012C,Violence and sexual offences,Under investigation,
de482b7898525e9a539b16f30b9265e8ffd8720fc945a0afbe5353956f5a6c64,2024-09,South Wales Police,South Wales Police,-4.041937,51.652311,On or near Sports/Recreation Area,W01000778,Swansea 012C,Violence and sexual offences,Unable to prosecute suspect,
85e3ff137dde105865eeb8c92c171cab937c158d388671407ac2360722ddbc93,2024-09,South Wales Police,South Wales Police,-4.038624,51.648102,On or near Ty Gwyn,W01000778,Swansea 012C,Violence and sexual offences,Unable to prosecute suspect,
2c7eeb968d8b237ad96a4f58ba7a35cc7c988e2c0cfa28370124b204fd1ff2b7,2024-09,South Wales Police,South Wales Police,-4.048087,51.649277,On or near Bryn-Y-Mor Road,W01000778,Swansea 012C,Violence and sexual offences,Under investigation,
7aad79d1258a5a808346ce992eac5616e1757e9bccded8d62ab558a48560cec5,2024-09,South Wales Police,South Wales Police,-4.040441,51.648978,On or near Church Street,W01000778,Swansea 012C,Violence and sexual offences,Investigation complete; no suspect identified,
,2024-09,South Wales Police,South Wales Police,-4.041946,51.645463,On or near Bryn Eithin,W01000779,Swansea 012D,Anti-social behaviour,,
,2024-09,South Wales Police,South Wales Police,-4.064933,51.647804,On or near Llwynmawr Lane,W01000779,Swansea 012D,Anti-social behaviour,,
,2024-09,South Wales Police,South Wales Police,-4.041107,51.644156,On or near Mount Pleasant,W01000779,Swansea 012D,Anti-social behaviour,,
f7c67d79ae17e5ceb879dde13399d89973d1925403c4b83b90a05e0e88f3684c,2024-09,South Wales Police,South Wales Police,-4.046943,51.644737,On or near Caemansel Road,W01000779,Swansea 012D,Burglary,Investigation complete; no suspect identified,
4b245e184d4ce1bc43678410b532f0d8b79efd6e2e62bf8988578eec99f70956,2024-09,South Wales Police,South Wales Police,-4.050213,51.647999,On or near Clos Cae Dafydd,W01000779,Swansea 012D,Criminal damage and arson,Investigation complete; no suspect identified,
ffae19b52c54d33887a2349cef4c5d79eca2c606f79343ab2ad7034b3b1846ae,2024-09,South Wales Police,South Wales Police,-4.038059,51.644200,On or near Park Road,W01000779,Swansea 012D,Criminal damage and arson,Investigation complete; no suspect identified,
3d9490550a8bff80d25d3fffe0e688b682a08157a94769f05cefa6a752225a66,2024-09,South Wales Police,South Wales Police,-4.041107,51.644156,On or near Mount Pleasant,W01000779,Swansea 012D,Public order,Unable to prosecute suspect,
14949d92ad3c44ba0bf8dd4b0a061e4836b207844a35d28da677d111783cf1ac,2024-09,South Wales Police,South Wales Police,-4.064933,51.647804,On or near Llwynmawr Lane,W01000779,Swansea 012D,Vehicle crime,Investigation complete; no suspect identified,
7964edb63782170e71e56edf5cc1e1da2647b9912b15c21b35f86ac9191bc601,2024-09,South Wales Police,South Wales Police,-4.041946,51.645463,On or near Bryn Eithin,W01000779,Swansea 012D,Violence and sexual offences,Under investigation,
f7e769c2594d397a82bcf25796d296173a0456877a11357a9ae85667cf174e60,2024-09,South Wales Police,South Wales Police,-4.064933,51.647804,On or near Llwynmawr Lane,W01000779,Swansea 012D,Violence and sexual offences,Under investigation,
b5e3de139b65f9c49d876000ddc4f92a461ce8b889bc4d4f28087704a7789cfa,2024-09,South Wales Police,South Wales Police,-4.041107,51.644156,On or near Mount Pleasant,W01000779,Swansea 012D,Violence and sexual offences,Unable to prosecute suspect,
266aec87868ad04d013e08298d7a5600a41fc229bf0fcd03c3ee6ae08d5dee93,2024-09,South Wales Police,South Wales Police,-4.047346,51.647590,On or near Dan Yr Allt,W01000779,Swansea 012D,Violence and sexual offences,Unable to prosecute suspect,
7a3bd23190331eb2c7d81dcc3ab047f0a6a0232936fb72e24d226e9e75bc4736,2024-09,South Wales Police,South Wales Police,-4.041946,51.645463,On or near Bryn Eithin,W01000779,Swansea 012D,Violence and sexual offences,Under investigation,
,2024-09,South Wales Police,South Wales Police,-3.991963,51.647761,On or near Abergelly Road,W01000760,Swansea 013A,Anti-social behaviour,,
d02d27dbea4d51633c4431e48f1c3db58bda00c00f7b482952af4957dbe3a053,2024-09,South Wales Police,South Wales Police,-3.989928,51.650549,On or near Shopping Area,W01000760,Swansea 013A,Burglary,Investigation complete; no suspect identified,
6ac70fd9d2dbbf3a60b8e1f74a08412a3601a5c4b234b77c27da2a86714d64f7,2024-09,South Wales Police,South Wales Police,-3.989928,51.650549,On or near Shopping Area,W01000760,Swansea 013A,Burglary,Investigation complete; no suspect identified,
030ef69d19981f912922e90422202e1ffc29ceb9084e7dfdb5e42c2be3443b10,2024-09,South Wales Police,South Wales Police,-3.985997,51.645865,On or near Llwyn Eithin,W01000760,Swansea 013A,Burglary,Investigation complete; no suspect identified,
ad5a3513fadfff0bdb2802fb59781b727172e8c8542a60728cfa8527d344bd97,2024-09,South Wales Police,South Wales Police,-3.986365,51.646354,On or near Llwyn Helyg,W01000760,Swansea 013A,Criminal damage and arson,Investigation complete; no suspect identified,
cfb1de750a20a7528faf9089d1e1c151fd56742ad6af322327ddfe5c7130bbf3,2024-09,South Wales Police,South Wales Police,-3.987266,51.645817,On or near Llwyn Bedw,W01000760,Swansea 013A,Criminal damage and arson,Unable to prosecute suspect,
e9be181b856b9d85fe1fb7e8dd7c464e452acd2a6e884cde7de3a5edea01aa92,2024-09,South Wales Police,South Wales Police,-3.991388,51.645873,On or near Kingsway,W01000760,Swansea 013A,Other theft,Investigation complete; no suspect identified,
c39093779e49eed3c2a3315856731ecbc42301e7489b77e96c8e20fba098b85d,2024-09,South Wales Police,South Wales Police,-3.991963,51.647761,On or near Abergelly Road,W01000760,Swansea 013A,Public order,Further investigation is not in the public interest,
998a2305cf2ec92ee2dee5eb5da6f4cf83bbca350ab15c0c3e4195fbb2a03f50,2024-09,South Wales Police,South Wales Police,-3.989928,51.650549,On or near Shopping Area,W01000760,Swansea 013A,Public order,Investigation complete; no suspect identified,
20a649e6a3ce76037c7bde038271d502d392a780841d22887c61b7c346a3f06a,2024-09,South Wales Police,South Wales Police,-3.989928,51.650549,On or near Shopping Area,W01000760,Swansea 013A,Public order,Unable to prosecute suspect,
d14ac73bfab87bdafd6a617a093599980af08a3924b6de1d4fdc4998f757fb66,2024-09,South Wales Police,South Wales Police,-3.989928,51.650549,On or near Shopping Area,W01000760,Swansea 013A,Shoplifting,Investigation complete; no suspect identified,
38770278d7d6a879f8ebfeda782b4ee3849a45ccbf91208aa39fb1082bbde0bf,2024-09,South Wales Police,South Wales Police,-3.989928,51.650549,On or near Shopping Area,W01000760,Swansea 013A,Shoplifting,Unable to prosecute suspect,
cc097acb2962efb34b8e242f4bf4438f3005aeac9b7d78ba46eb919a9d316208,2024-09,South Wales Police,South Wales Police,-3.989928,51.650549,On or near Shopping Area,W01000760,Swansea 013A,Shoplifting,Awaiting court outcome,
2dfde309e9a8e936f05aef7c67bd9a60a0566f6ede8fd1c324a457e72c3cd560,2024-09,South Wales Police,South Wales Police,-3.989928,51.650549,On or near Shopping Area,W01000760,Swansea 013A,Shoplifting,Investigation complete; no suspect identified,
25bcc1e85715f0fe533bc16b954fb5c5a27dfce9885245788760d39557c3456f,2024-09,South Wales Police,South Wales Police,-3.989928,51.650549,On or near Shopping Area,W01000760,Swansea 013A,Shoplifting,Further investigation is not in the public interest,
7c618890b77e691077ecdfc530be4f2e4c06d7cb837ffe39b4b79c012516dfc7,2024-09,South Wales Police,South Wales Police,-3.989928,51.650549,On or near Shopping Area,W01000760,Swansea 013A,Shoplifting,Investigation complete; no suspect identified,
550c5fe2fbc9adfc4ad9e4feebca661e4d8cde33325e789c4049274f2d86b384,2024-09,South Wales Police,South Wales Police,-3.989928,51.650549,On or near Shopping Area,W01000760,Swansea 013A,Shoplifting,Investigation complete; no suspect identified,
6af4923758ead8e35c488702b4399cc061d321980fbfe834e75d0d8e1493b07a,2024-09,South Wales Police,South Wales Police,-3.989928,51.650549,On or near Shopping Area,W01000760,Swansea 013A,Shoplifting,Investigation complete; no suspect identified,
28937acf963583de92082cc5addd7271a57da4952e6de8a630f9ee7a1e8a6615,2024-09,South Wales Police,South Wales Police,-3.997372,51.650474,On or near Hospital Road,W01000760,Swansea 013A,Vehicle crime,Under investigation,
9c33e2614ccb157026412cc1ddc1dfb6ab8fdf1e2c0be342b08e5b355bfc0dea,2024-09,South Wales Police,South Wales Police,-3.997372,51.650474,On or near Hospital Road,W01000760,Swansea 013A,Violence and sexual offences,Further investigation is not in the public interest,
ac325d7c7c11ca27c5f265eed7d6b8e1969b07d51c699946a29bacf769ad94d2,2024-09,South Wales Police,South Wales Police,-3.998886,51.648407,On or near Denver Road,W01000760,Swansea 013A,Violence and sexual offences,Unable to prosecute suspect,
,2024-09,South Wales Police,South Wales Police,-3.982496,51.647462,On or near Lancaster Court,W01000761,Swansea 013B,Anti-social behaviour,,
30e41c43793a6d257b20bbf32c4565f55a3db819e3cfdadc8da94355daa3593f,2024-09,South Wales Police,South Wales Police,-3.982496,51.647462,On or near Lancaster Court,W01000761,Swansea 013B,Criminal damage and arson,Unable to prosecute suspect,
37119f3ca3ac54eccbfacba6795ca1df99b41cdcfba2532282862fc1535e1ec0,2024-09,South Wales Police,South Wales Police,-3.974245,51.640866,On or near Armine Road,W01000761,Swansea 013B,Public order,Investigation complete; no suspect identified,
9939ddbfbaa0dfea670705978ab0134330ab8850de508403778f669c81daca0f,2024-09,South Wales Police,South Wales Police,-3.977836,51.646669,On or near Rhodfa'R Brain,W01000761,Swansea 013B,Public order,Unable to prosecute suspect,
69395cf710aeb0ee01dd35c4f59e8da03d7c52b5a95e4711dbd95906c7c75c43,2024-09,South Wales Police,South Wales Police,-3.983620,51.646049,On or near Petrol Station,W01000761,Swansea 013B,Shoplifting,Awaiting court outcome,
606ac10fa64862b82915aac5943d195e685aa3b8e458dccc74bce74fdbbca821,2024-09,South Wales Police,South Wales Police,-3.972513,51.641255,On or near Clos Aderyn Du,W01000761,Swansea 013B,Violence and sexual offences,Awaiting court outcome,
8ab6c1e81dba989ca87ea7d68a2315343cc333c2cf2524ae85ae02aed7c52b83,2024-09,South Wales Police,South Wales Police,-3.972999,51.640132,On or near King'S Head Road,W01000761,Swansea 013B,Violence and sexual offences,Unable to prosecute suspect,
,2024-09,South Wales Police,South Wales Police,-3.967092,51.640554,On or near Gendros Avenue East,W01000762,Swansea 013C,Anti-social behaviour,,
,2024-09,South Wales Police,South Wales Police,-3.965463,51.641670,On or near Weig Gardens,W01000762,Swansea 013C,Anti-social behaviour,,
,2024-09,South Wales Police,South Wales Police,-3.968002,51.643210,On or near Penrhos Place,W01000762,Swansea 013C,Anti-social behaviour,,
0b02d79d59e5e0115fe3ed0155b65f5c8698d45e439f0401a827fecdcb9fbe47,2024-09,South Wales Police,South Wales Police,-3.967092,51.640554,On or near Gendros Avenue East,W01000762,Swansea 013C,Criminal damage and arson,Investigation complete; no suspect identified,
53bf95a86d6c976f1eab110e8314031da5d3d7b9c5fc6628609bffcc41c686da,2024-09,South Wales Police,South Wales Police,-3.965463,51.641670,On or near Weig Gardens,W01000762,Swansea 013C,Drugs,Unable to prosecute suspect,
356801f09bfd6b5c045bac6e7f58f894a0e004e957a2798e336f6acd85eed213,2024-09,South Wales Police,South Wales Police,-3.973077,51.644591,On or near Moorview Close,W01000762,Swansea 013C,Other theft,Unable to prosecute suspect,
03932adee5bcfb9556d2f044534520dbd5209c9bafd63038f53267adf5907f8d,2024-09,South Wales Police,South Wales Police,-3.965547,51.642801,On or near Petrol Station,W01000762,Swansea 013C,Possession of weapons,Awaiting court outcome,
2aa2b64542f2e782038d60380c8ed46fee886463fc18351db218c8bd808f2382,2024-09,South Wales Police,South Wales Police,-3.967092,51.640554,On or near Gendros Avenue East,W01000762,Swansea 013C,Public order,Investigation complete; no suspect identified,
74f525f2265453271511bc0c31086ffe0afcb1de8bb21fe0fce618264e7ad477,2024-09,South Wales Police,South Wales Police,-3.970313,51.645518,On or near Pentregethin Road,W01000762,Swansea 013C,Vehicle crime,Investigation complete; no suspect identified,
6c9a08590a7858450a569a02e8e9c0ff739e6ee989fdf0eb6eb921bdf56702b3,2024-09,South Wales Police,South Wales Police,-3.968002,51.643210,On or near Penrhos Place,W01000762,Swansea 013C,Violence and sexual offences,Unable to prosecute suspect,
5f84d756f363eaa6a1378468c23d65cb1bdb7d464ef351c13b37725ea52dfe72,2024-09,South Wales Police,South Wales Police,-3.967092,51.640554,On or near Gendros Avenue East,W01000762,Swansea 013C,Violence and sexual offences,Under investigation,
ead7c7a81c94df7bd65faa3533392c754275365b739db59970373474d66ccbbe,2024-09,South Wales Police,South Wales Police,-3.970313,51.645518,On or near Pentregethin Road,W01000762,Swansea 013C,Violence and sexual offences,Investigation complete; no suspect identified,
6de946d02f3136b8118daac26022012b1028557bad3a4d5f030fed55759a4be1,2024-09,South Wales Police,South Wales Police,-3.965463,51.641670,On or near Weig Gardens,W01000762,Swansea 013C,Violence and sexual offences,Unable to prosecute suspect,
,2024-09,South Wales Police,South Wales Police,-3.971794,51.647661,On or near The Crescent,W01000831,Swansea 013D,Anti-social behaviour,,
015396e58c54074a80a59956da717d8d48989c1abb72494b065bc98ecfb4540c,2024-09,South Wales Police,South Wales Police,-3.971794,51.647661,On or near The Crescent,W01000831,Swansea 013D,Criminal damage and arson,Awaiting court outcome,
0dbd51079a0b0966bfdd0661e044ebb40a7734ace9ae954c7002c11fbfb58198,2024-09,South Wales Police,South Wales Police,-3.975366,51.646054,On or near Heol Calfin,W01000831,Swansea 013D,Criminal damage and arson,Local resolution,
a13872593d19e09aa4e3cf5a42ff53a15843c5689d8ac63777af2f6813c1ee70,2024-09,South Wales Police,South Wales Police,-3.976321,51.647054,On or near Heol Awstin,W01000831,Swansea 013D,Other theft,Unable to prosecute suspect,
d51ee898779e67f62d78549f7553c018d48e68aa0681f75cfe98526ddeb4066e,2024-09,South Wales Police,South Wales Police,-3.976321,51.647054,On or near Heol Awstin,W01000831,Swansea 013D,Public order,Unable to prosecute suspect,
2c12b8a3213499ea2b119b6cd633e32e178d843601a3b97bda1ef234ac3dba78,2024-09,South Wales Police,South Wales Police,-3.973934,51.646366,On or near Heol Gruffydd,W01000831,Swansea 013D,Shoplifting,Unable to prosecute suspect,
b1e575308bdca04c169ff59c059df6ea4c75051e3baad15a79963484c385afe1,2024-09,South Wales Police,South Wales Police,-3.971794,51.647661,On or near The Crescent,W01000831,Swansea 013D,Vehicle crime,Investigation complete; no suspect identified,
01a78bfede886828172bc4e78a63742633b308798f361838ff8add376489672e,2024-09,South Wales Police,South Wales Police,-3.978820,51.648352,On or near Port Talbot Place,W01000831,Swansea 013D,Violence and sexual offences,Unable to prosecute suspect,
d743a434d8b7083897f5bc7ac972bd972ed916f543cd26de883a6eea073ff03e,2024-09,South Wales Police,South Wales Police,-3.978400,51.647666,On or near Ffordd Y Brain,W01000831,Swansea 013D,Violence and sexual offences,Unable to prosecute suspect,
4fef85d1fdb398686defd8964938c407c78036fd710813170b3484ff28c74cad,2024-09,South Wales Police,South Wales Police,-3.975366,51.646054,On or near Heol Calfin,W01000831,Swansea 013D,Violence and sexual offences,Unable to prosecute suspect,
1e30e7ff13e03e2b3c531442ff7c1fbbc72b8b0d4b02043efb00e27340208b63,2024-09,South Wales Police,South Wales Police,-3.981439,51.648739,On or near Cranmer Court,W01000831,Swansea 013D,Violence and sexual offences,Unable to prosecute suspect,
9773dd3b19fdef0fa9ec50a25c2f7bd925222393a969ae29ef380b7e78b11433,2024-09,South Wales Police,South Wales Police,-3.973059,51.647846,On or near Caereithin Farm Lane,W01000831,Swansea 013D,Violence and sexual offences,Under investigation,
386aac18473669730d9379aad0a8623ff299e04278337b701859aeaf6f03fee7,2024-09,South Wales Police,South Wales Police,-3.975366,51.646054,On or near Heol Calfin,W01000831,Swansea 013D,Violence and sexual offences,Awaiting court outcome,
3fa112feaa2c47ff088c545e0938eee281faac3bb18d7c90fc3f452eb811072a,2024-09,South Wales Police,South Wales Police,-3.979406,51.649196,On or near Heol Dynys,W01000831,Swansea 013D,Violence and sexual offences,Unable to prosecute suspect,
982f4e46c2bebcc1e184e7fdd5a7e544cff87db29738981b7cfcb8ae16dd4477,2024-09,South Wales Police,South Wales Police,-3.973059,51.647846,On or near Caereithin Farm Lane,W01000831,Swansea 013D,Violence and sexual offences,Unable to prosecute suspect,
,2024-09,South Wales Police,South Wales Police,-3.962488,51.646728,On or near Peris Road,W01000835,Swansea 013E,Anti-social behaviour,,
,2024-09,South Wales Police,South Wales Police,-3.962763,51.645069,On or near Conway Road,W01000835,Swansea 013E,Anti-social behaviour,,
,2024-09,South Wales Police,South Wales Police,-3.965289,51.644982,On or near Eppynt Road,W01000835,Swansea 013E,Anti-social behaviour,,
92c9cb5d0bf23ed4e44ad37bbbb8dbab1c1dfc6ab427a49cf886babe12339ec2,2024-09,South Wales Police,South Wales Police,-3.962488,51.646728,On or near Peris Road,W01000835,Swansea 013E,Public order,Unable to prosecute suspect,
5e1d003c81fbbb326f16e2ecf76490e7b619d7f6c4a27499b480f046185361f5,2024-09,South Wales Police,South Wales Police,-3.957816,51.644307,On or near Penrhyn Avenue,W01000835,Swansea 013E,Vehicle crime,Investigation complete; no suspect identified,
ccd8a07e51c9000746e0e46c3297df05fc7b42f70113ad8c10eb22f941d1b2af,2024-09,South Wales Police,South Wales Police,-3.959048,51.645392,On or near Eiddwen Road,W01000835,Swansea 013E,Vehicle crime,Investigation complete; no suspect identified,
0ceaaa53904595d8e21aa2fdc050f595ddc045ab63f362d4112904d2f8236b88,2024-09,South Wales Police,South Wales Police,-3.969909,51.646190,On or near Supermarket,W01000835,Swansea 013E,Violence and sexual offences,Investigation complete; no suspect identified,
,2024-09,South Wales Police,South Wales Police,-3.909240,51.643686,On or near Caernarvon Way,W01000738,Swansea 014A,Anti-social behaviour,,
2cdd4999082402617b40ba0fc35a6f09124e0f40f8a7a8631ccd1c29cc65b060,2024-09,South Wales Police,South Wales Police,-3.909240,51.643686,On or near Caernarvon Way,W01000738,Swansea 014A,Criminal damage and arson,Investigation complete; no suspect identified,
be2f1a7be0ab5b46e73a36eebc971a024e3066d5774ad0d1ee1b2bf2cf4c7c9d,2024-09,South Wales Police,South Wales Police,-3.913648,51.638192,On or near Gwendraeth Place,W01000738,Swansea 014A,Public order,Unable to prosecute suspect,
6e45bc956e938d53c434b329963bfff8db7d41513e24bad2074fa49290df3fb7,2024-09,South Wales Police,South Wales Police,-3.912784,51.637936,On or near Aeron Place,W01000738,Swansea 014A,Vehicle crime,Investigation complete; no suspect identified,
97f53c87f406e4541457f088ead5665340e13b55f00db804e4ffd930e83aafea,2024-09,South Wales Police,South Wales Police,-3.909240,51.643686,On or near Caernarvon Way,W01000738,Swansea 014A,Violence and sexual offences,Unable to prosecute suspect,
da61fddc07b6605035ff38472c1bb03d03af187fb4407e2abcd6e61fd32a1970,2024-09,South Wales Police,South Wales Police,-3.908813,51.645923,On or near Clyro Court,W01000738,Swansea 014A,Violence and sexual offences,Unable to prosecute suspect,
bc9dadfbb1abe5b9ce7801ae6650857323725bf6c1c191069139f2b49c75b5e8,2024-09,South Wales Police,South Wales Police,-3.908361,51.643421,On or near Caerphilly Avenue,W01000738,Swansea 014A,Violence and sexual offences,Further investigation is not in the public interest,
c1061b88262647a6264392b864bcc902c4271d67cdd7ac669b73cda8ce7269da,2024-09,South Wales Police,South Wales Police,-3.908385,51.642270,On or near Candleston Place,W01000738,Swansea 014A,Violence and sexual offences,Awaiting court outcome,
1fc352d810f6ad874a9ae59fbaece0ac4c1931a10c2d675f8c9f6aff639c348a,2024-09,South Wales Police,South Wales Police,-3.913863,51.640895,On or near Myrddin Road,W01000738,Swansea 014A,Violence and sexual offences,Investigation complete; no suspect identified,
19d871d4461bd819fbbc5b683e7a89cf90f85593a2a7769882074adfc83c9c57,2024-09,South Wales Police,South Wales Police,-3.909240,51.643686,On or near Caernarvon Way,W01000738,Swansea 014A,Violence and sexual offences,Unable to prosecute suspect,
43248829f11f4182e5acd643f63471eecf3d54cbb6e4311ca95bca3e4b920f18,2024-09,South Wales Police,South Wales Police,-3.913863,51.640895,On or near Myrddin Road,W01000738,Swansea 014A,Violence and sexual offences,Unable to prosecute suspect,
,2024-09,South Wales Police,South Wales Police,-3.918804,51.638108,On or near Ogmore Place,W01000739,Swansea 014B,Anti-social behaviour,,
547391b2fb5623b11e1ab43f90390f61cbd2545c129fa88f8bd3e1a9c953c0cd,2024-09,South Wales Police,South Wales Police,-3.928377,51.640298,On or near Ffordd Donaldson,W01000739,Swansea 014B,Criminal damage and arson,Investigation complete; no suspect identified,
0dd81f973a23ab40994c4b3281c08a6ced803f33a2ca8d26807f1f5e81daad97,2024-09,South Wales Police,South Wales Police,-3.926634,51.637718,On or near Rifleman'S Row,W01000739,Swansea 014B,Criminal damage and arson,Investigation complete; no suspect identified,
95a7693524f39a769715aff8f3b1f538aa3d221ff1440664b3d23a1f41a7116d,2024-09,South Wales Police,South Wales Police,-3.926634,51.637718,On or near Rifleman'S Row,W01000739,Swansea 014B,Other theft,Unable to prosecute suspect,
43603ff57c5e7f880612f50d94e9372a4153191534aed25c4eb19423c1288699,2024-09,South Wales Police,South Wales Police,-3.929199,51.641615,On or near Naiad Road,W01000739,Swansea 014B,Other theft,Investigation complete; no suspect identified,
2d8ec0d3e5985afa1046c4d2d4ed9230328a669650615f28751f3af1c64ec987,2024-09,South Wales Police,South Wales Police,-3.914503,51.640660,On or near Myrddin Gardens,W01000739,Swansea 014B,Public order,Unable to prosecute suspect,
d41817ca64fcaa898a1b0c8d0b56d36c961583b3b73e6be0a4ae8f930d17308e,2024-09,South Wales Police,South Wales Police,-3.928277,51.641010,On or near Tonnant Road,W01000739,Swansea 014B,Shoplifting,Investigation complete; no suspect identified,
e8d1d9092d9b06be910a6157dee8a7f0fe15ce6ca5f6a4cc694e1ea5a5315142,2024-09,South Wales Police,South Wales Police,-3.928377,51.640298,On or near Ffordd Donaldson,W01000739,Swansea 014B,Vehicle crime,Unable to prosecute suspect,
42112573b997262859419df5ac9ba7de9bec7a8dbc280c28ec0f7db32b9a987e,2024-09,South Wales Police,South Wales Police,-3.900687,51.650353,On or near Brandon Crescent,W01000740,Swansea 014C,Shoplifting,Investigation complete; no suspect identified,
9d62ccc62a5e206a6bea9e896d82b2813cf11817a964129c3da46f8432221396,2024-09,South Wales Police,South Wales Police,-3.895247,51.649533,On or near Blaen Cefn,W01000740,Swansea 014C,Violence and sexual offences,Under investigation,
322924d7a52b8a5879d882577d7d3963278730813002f7c850512f923ab9d3c0,2024-09,South Wales Police,South Wales Police,-3.891948,51.650854,On or near Parking Area,W01000740,Swansea 014C,Violence and sexual offences,Awaiting court outcome,
,2024-09,South Wales Police,South Wales Police,-3.926592,51.643537,On or near Supermarket,W01000741,Swansea 014D,Anti-social behaviour,,
28f2ae9a962742d6eb98309ec9c1d3d558496ea90da9087ff04e9218cd40bd61,2024-09,South Wales Police,South Wales Police,-3.918062,51.652049,On or near Clos Llyn Cwm,W01000741,Swansea 014D,Burglary,Investigation complete; no suspect identified,
b1faa09ec5f99730591361e2e5fcf81e46f8e4cfbbaa130e8818cca1b3c18faa,2024-09,South Wales Police,South Wales Police,-3.907878,51.649121,On or near Cefn Llwyn,W01000741,Swansea 014D,Burglary,Investigation complete; no suspect identified,
a816a312d5417aa469092952de3c991b66e95f6950ee6806bedf8aea9748e79f,2024-09,South Wales Police,South Wales Police,-3.907878,51.649121,On or near Cefn Llwyn,W01000741,Swansea 014D,Burglary,Investigation complete; no suspect identified,
fbca3a78119fb5160555da3a5fa9a382488c401d21a1d762313fd9a206635f3c,2024-09,South Wales Police,South Wales Police,-3.926592,51.643537,On or near Supermarket,W01000741,Swansea 014D,Criminal damage and arson,Investigation complete; no suspect identified,
b0b4d4fc011e524bd62c6ae92454c2d042bacf2bb8af16fa876f8d235d32aca2,2024-09,South Wales Police,South Wales Police,-3.926592,51.643537,On or near Supermarket,W01000741,Swansea 014D,Criminal damage and arson,Investigation complete; no suspect identified,
8719f8299f77c970d2be9eebe8ec7314f6fbb3005277ac535d4a4ba0e17485d9,2024-09,South Wales Police,South Wales Police,-3.926592,51.643537,On or near Supermarket,W01000741,Swansea 014D,Criminal damage and arson,Investigation complete; no suspect identified,
c958a46636bb4e6e9d7dba2f9c112dcfc4d183e4fb6db42a5304f566b31574fd,2024-09,South Wales Police,South Wales Police,-3.906423,51.649595,On or near Princess Of Wales Court,W01000741,Swansea 014D,Criminal damage and arson,Unable to prosecute suspect,
6bfa9f0fab6785e13bca97427b6f6d4c1d058556fbeb2c16ac19cdd22b9f82a9,2024-09,South Wales Police,South Wales Police,-3.904662,51.647933,On or near Colwyn Avenue,W01000741,Swansea 014D,Drugs,Awaiting court outcome,
c4dce9d9612fdf1dfdb617c5aed08fe6f528a944ecb4757c563874bdcf61c5aa,2024-09,South Wales Police,South Wales Police,-3.924785,51.641472,On or near Townsend Street,W01000741,Swansea 014D,Other theft,Under investigation,
a1092f866f481b653dc430a2a5d03eb9a8fd6ee487fc086bf1747f0be99d7a7a,2024-09,South Wales Police,South Wales Police,-3.907599,51.645916,On or near Caldicot Road,W01000741,Swansea 014D,Other theft,Investigation complete; no suspect identified,
0c183b060d47f3d9ce65c9598c204f0babfaa11bb656c0b04b6a15a85b054dc4,2024-09,South Wales Police,South Wales Police,-3.917575,51.649737,On or near Atlantic Close,W01000741,Swansea 014D,Public order,Unable to prosecute suspect,
2900bc023066dd092c0bc98415273e4695fa15cd6788ddb2aa7ff12ea4f23e0d,2024-09,South Wales Police,South Wales Police,-3.920618,51.651620,On or near Mona Close,W01000741,Swansea 014D,Public order,Investigation complete; no suspect identified,
6e5483062c69b634fb497c0096e590981f87e6eec4ff3d544d1a79e2e604745e,2024-09,South Wales Police,South Wales Police,-3.926592,51.643537,On or near Supermarket,W01000741,Swansea 014D,Public order,Investigation complete; no suspect identified,
8668ba8e88fbc41e3d79a76646ddb4999043424a9cb18020ef6c8dc515808e21,2024-09,South Wales Police,South Wales Police,-3.907599,51.645916,On or near Caldicot Road,W01000741,Swansea 014D,Public order,Unable to prosecute suspect,
eeb12250dfab677c32664cd0457669fd43769c249666509aa9f39d795ccbaaf7,2024-09,South Wales Police,South Wales Police,-3.926592,51.643537,On or near Supermarket,W01000741,Swansea 014D,Shoplifting,Investigation complete; no suspect identified,
2fc0ce4cf8eecda2b02570cd12e40d9133d08cc1bd80c4b7f46ff2660390bf32,2024-09,South Wales Police,South Wales Police,-3.931853,51.643507,On or near Shopping Area,W01000741,Swansea 014D,Shoplifting,Unable to prosecute suspect,
2f19fc7d3b50ddf758fb856c8984afafc9b4824c2afd5c5c221b7e62ad3feb31,2024-09,South Wales Police,South Wales Police,-3.931853,51.643507,On or near Shopping Area,W01000741,Swansea 014D,Shoplifting,Under investigation,
dd4a48136fdf542491a43bba1a0ff2b24f712dc469d5b8d4e2f431df2448b568,2024-09,South Wales Police,South Wales Police,-3.931853,51.643507,On or near Shopping Area,W01000741,Swansea 014D,Shoplifting,Awaiting court outcome,
f9f9161c630b1f27f1a6afa3876726a98b7f14b1ffaaeeb430305552caea44c3,2024-09,South Wales Police,South Wales Police,-3.926592,51.643537,On or near Supermarket,W01000741,Swansea 014D,Shoplifting,Investigation complete; no suspect identified,
ed4aa7a54433886b261aba23ece47f82ae7005eb5767c0afb1b7c57098817614,2024-09,South Wales Police,South Wales Police,-3.926592,51.643537,On or near Supermarket,W01000741,Swansea 014D,Shoplifting,Investigation complete; no suspect identified,
e020d14426e3c7762322a43d374bec8fd693b9d6d52449b182291f1dbcb6d148,2024-09,South Wales Police,South Wales Police,-3.926592,51.643537,On or near Supermarket,W01000741,Swansea 014D,Shoplifting,Investigation complete; no suspect identified,
deb29edff35e7850ff32087311e86d4393e611f612dcd37277d4d484be4e16b4,2024-09,South Wales Police,South Wales Police,-3.926592,51.643537,On or near Supermarket,W01000741,Swansea 014D,Shoplifting,Investigation complete; no suspect identified,
d561b2b2373e05e9b839ca21c03b221b311f91fe01362b06ce8f083c8ff6ccd1,2024-09,South Wales Police,South Wales Police,-3.931853,51.643507,On or near Shopping Area,W01000741,Swansea 014D,Shoplifting,Suspect charged as part of another case,
2c993995c33e0096484a822861a65ba48aae3bf72e89a938b8506ac6268dfb69,2024-09,South Wales Police,South Wales Police,-3.904435,51.649402,On or near Cardigan Crescent,W01000741,Swansea 014D,Violence and sexual offences,Unable to prosecute suspect,
7ba50da51a98efa234bfdbd4631b8807a5d19a0da93a3e09a3e61f46113803d9,2024-09,South Wales Police,South Wales Police,-3.907599,51.645916,On or near Caldicot Road,W01000741,Swansea 014D,Violence and sexual offences,Investigation complete; no suspect identified,
d488813dd03af7512b06d0fd69c5b1648a79c429ae00e1177baef1459b4592cb,2024-09,South Wales Police,South Wales Police,-3.921712,51.649480,On or near Siemens Way,W01000741,Swansea 014D,Violence and sexual offences,Under investigation,
40c5593ae3e7a25240cac9c19d094116a6021aad3972d613ee0ecad442c0b031,2024-09,South Wales Police,South Wales Police,-3.905810,51.645648,On or near Chirk Gardens,W01000741,Swansea 014D,Violence and sexual offences,Under investigation,
da908ba1ae75c5c91e1bfbda3c988d0c32ea72326376b73dcaedd57634dad86f,2024-09,South Wales Police,South Wales Police,-3.906423,51.649595,On or near Princess Of Wales Court,W01000741,Swansea 014D,Violence and sexual offences,Unable to prosecute suspect,
fd0f9da337b7d122c3d75ff32c93b477ffbb0f5c08c722d53cfd684205fa527f,2024-09,South Wales Police,South Wales Police,-3.904435,51.649402,On or near Cardigan Crescent,W01000741,Swansea 014D,Violence and sexual offences,Unable to prosecute suspect,
c575982cf6e854470443b198b8ffada63ee9d9691196c3d6af41f20ac07dcb35,2024-09,South Wales Police,South Wales Police,-3.921712,51.649480,On or near Siemens Way,W01000741,Swansea 014D,Violence and sexual offences,Unable to prosecute suspect,
89756f7bfe69728e0a39d4b119eedb3d7895aa89bb181be8ec728228a6599475,2024-09,South Wales Police,South Wales Police,-3.906423,51.649595,On or near Princess Of Wales Court,W01000741,Swansea 014D,Violence and sexual offences,Unable to prosecute suspect,
8c919e5e5c7eae1ff5f03f776bb6e3864558c3608b5f67e035cfc870035ccd3b,2024-09,South Wales Police,South Wales Police,-3.905810,51.645648,On or near Chirk Gardens,W01000741,Swansea 014D,Violence and sexual offences,Investigation complete; no suspect identified,
c4c2ddd1b9b2b2fa732e199b57867a0cdd3d018352c28f8c29ddab80fb4aab8a,2024-09,South Wales Police,South Wales Police,-3.907599,51.645916,On or near Caldicot Road,W01000741,Swansea 014D,Other crime,Under investigation,
55eb4ecc3e51e2f160450167368ba3d5e0ef2ae47b8a7a324c91e6e5abb2b805,2024-09,South Wales Police,South Wales Police,-3.947427,51.637636,On or near Phillip Street,W01000763,Swansea 015A,Drugs,Under investigation,
c073ca31388fec1cca11016fcad5313aecdf6830b39536abb0333487fc719865,2024-09,South Wales Police,South Wales Police,-3.944942,51.638343,On or near Parking Area,W01000763,Swansea 015A,Drugs,Awaiting court outcome,
13a36c8b2e94117bf9a6cc92487871b01ad5bc71fa150f6f2ca0932ae72e2eba,2024-09,South Wales Police,South Wales Police,-3.946563,51.638064,On or near Compass Street,W01000763,Swansea 015A,Public order,Investigation complete; no suspect identified,
c380aaa8b49d15c303cb7e18c199e37d3a855856c265580531a291dc38728d51,2024-09,South Wales Police,South Wales Police,-3.948026,51.638462,On or near Robert Street,W01000763,Swansea 015A,Violence and sexual offences,Unable to prosecute suspect,
52443ea96c5e5a00597bfca80f3f38e926a75bc4347b27f1cb04d59168234537,2024-09,South Wales Police,South Wales Police,-3.947427,51.637636,On or near Phillip Street,W01000763,Swansea 015A,Violence and sexual offences,Under investigation,
b2858280413a771cd9b337dbc2a4dcb7f7e56bb67a54c515cdb8398d98598b16,2024-09,South Wales Police,South Wales Police,-3.948026,51.638462,On or near Robert Street,W01000763,Swansea 015A,Violence and sexual offences,Unable to prosecute suspect,
791ce048a331cc9fabe7818d8b0d58a9b8927b0f1ab792be7acbeee672d23ff2,2024-09,South Wales Police,South Wales Police,-3.948026,51.638462,On or near Robert Street,W01000763,Swansea 015A,Violence and sexual offences,Unable to prosecute suspect,
d768a2bbbd4c6c665ebee7a2996586705e08eed70b854e5e70b7f3add2a3453f,2024-09,South Wales Police,South Wales Police,-3.947427,51.637636,On or near Phillip Street,W01000763,Swansea 015A,Other crime,Unable to prosecute suspect,
1c35ae4ac7f620481410c775e5cc6b86cf86878b09cb7d4fa34aa542f15ec248,2024-09,South Wales Police,South Wales Police,-3.944942,51.638343,On or near Parking Area,W01000763,Swansea 015A,Other crime,Awaiting court outcome,
,2024-09,South Wales Police,South Wales Police,-3.956711,51.636430,On or near Clos John Charles,W01000764,Swansea 015B,Anti-social behaviour,,
7413e499825194508ad4c0ded3d056d81e290a9d84a7c470b35084a1a85fe0ea,2024-09,South Wales Police,South Wales Police,-3.961018,51.635449,On or near Clos Burlais,W01000764,Swansea 015B,Public order,Unable to prosecute suspect,
709a61cf0cc3b2d827a14dddc835f30e14054f51d227a404ad030d1bf3b65f57,2024-09,South Wales Police,South Wales Police,-3.961018,51.635449,On or near Clos Burlais,W01000764,Swansea 015B,Shoplifting,Unable to prosecute suspect,
60fe2d2488a3120a56bac43ecc9dda15232b724431df6a84661d5d4e506f77d3,2024-09,South Wales Police,South Wales Police,-3.954486,51.636799,On or near Lynn Street,W01000764,Swansea 015B,Violence and sexual offences,Unable to prosecute suspect,
2268c06532d2e99a9a4d0100dab25a97ee109ce26347a5dd624e0c7d9a9081ce,2024-09,South Wales Police,South Wales Police,-3.960346,51.636288,On or near Gwylym Street,W01000764,Swansea 015B,Violence and sexual offences,Awaiting court outcome,
f8bfe057296557aea288250099b6cbf13c593606529ee1fd9fdae03fef9ed5e0,2024-09,South Wales Police,South Wales Police,-3.954486,51.636799,On or near Lynn Street,W01000764,Swansea 015B,Violence and sexual offences,Awaiting court outcome,
,2024-09,South Wales Police,South Wales Police,-3.945579,51.641066,On or near Pleasant Row,W01000765,Swansea 015C,Anti-social behaviour,,
,2024-09,South Wales Police,South Wales Police,-3.945579,51.641066,On or near Pleasant Row,W01000765,Swansea 015C,Anti-social behaviour,,
a84a1e20ce39f0a60f6a28b6ed95ea3073d9c6effa3af3fe7e2e96621a38cb22,2024-09,South Wales Police,South Wales Police,-3.945871,51.644172,On or near Cross Street,W01000765,Swansea 015C,Other theft,Investigation complete; no suspect identified,
8bfb55a40b21ed0addf6af99a7c9d8ae8108fbeff730e7351541b2f8ec914b88,2024-09,South Wales Police,South Wales Police,-3.945579,51.641066,On or near Pleasant Row,W01000765,Swansea 015C,Public order,Unable to prosecute suspect,
32354b19f77ade97a6370d1534bcc198066758ba1989bbb748b408fcb0578d8c,2024-09,South Wales Police,South Wales Police,-3.945579,51.641066,On or near Pleasant Row,W01000765,Swansea 015C,Shoplifting,Investigation complete; no suspect identified,
eb4d0756b069bf15451e8781209569ef086363954641a0ff053d68834f37c394,2024-09,South Wales Police,South Wales Police,-3.945579,51.641066,On or near Pleasant Row,W01000765,Swansea 015C,Shoplifting,Unable to prosecute suspect,
0a716e9acd9a4bb10f3810f7cf1f4be1341a673dae3137dabb676e65e8be5cf5,2024-09,South Wales Police,South Wales Police,-3.945579,51.641066,On or near Pleasant Row,W01000765,Swansea 015C,Shoplifting,Unable to prosecute suspect,
4dea3bf278b6e33ca78e82af3c2daa2df722b912c03d7ae2de259100525c6e81,2024-09,South Wales Police,South Wales Police,-3.945579,51.641066,On or near Pleasant Row,W01000765,Swansea 015C,Shoplifting,Investigation complete; no suspect identified,
765fe9d3a23bc00fd67a9d6317144ce6b9fd079bb40732c6e7dd2995298534c2,2024-09,South Wales Police,South Wales Police,-3.945579,51.641066,On or near Pleasant Row,W01000765,Swansea 015C,Shoplifting,Suspect charged as part of another case,
,2024-09,South Wales Police,South Wales Police,-3.951502,51.641336,On or near Walters Street,W01000766,Swansea 015D,Anti-social behaviour,,
1fc06ca299c359c3c950fefcb6174b3e8590a77b6ecac72826fe6e5a22225d3c,2024-09,South Wales Police,South Wales Police,-3.950843,51.644513,On or near Hopkins Street,W01000766,Swansea 015D,Violence and sexual offences,Unable to prosecute suspect,
6093fe7cc90cce699df06909e5c76267a1590574a7345cf39514f05045e8671f,2024-09,South Wales Police,South Wales Police,-3.948871,51.641326,On or near Kildare Street,W01000766,Swansea 015D,Violence and sexual offences,Unable to prosecute suspect,
1c0b35614e09dbcf9dbde266cadda9bfd590fa07041e0a4d0f1355cbe7f78989,2024-09,South Wales Police,South Wales Police,-3.950843,51.644513,On or near Hopkins Street,W01000766,Swansea 015D,Other crime,Awaiting court outcome,
,2024-09,South Wales Police,South Wales Police,-3.961799,51.642487,On or near Brenig Road,W01000767,Swansea 015E,Anti-social behaviour,,
,2024-09,South Wales Police,South Wales Police,-3.961799,51.642487,On or near Brenig Road,W01000767,Swansea 015E,Anti-social behaviour,,
65ded02cfe2265ef0a9e69d325881e84a828cb6e31d072306ab80fa88d1f0997,2024-09,South Wales Police,South Wales Police,-3.956193,51.640521,On or near Pwll-Y-Domen Road,W01000767,Swansea 015E,Criminal damage and arson,Investigation complete; no suspect identified,
c0ed8b35ee489d050968c4e742cf6b90ce692a8b029f6e39c71445e520a9a877,2024-09,South Wales Police,South Wales Police,-3.954392,51.640659,On or near Brondeg,W01000767,Swansea 015E,Criminal damage and arson,Unable to prosecute suspect,
25d738e6f047d8ae7ca8e3c6a32b4bb89e920968258de3ff1d1fa67a5026cc0f,2024-09,South Wales Police,South Wales Police,-3.956193,51.640521,On or near Pwll-Y-Domen Road,W01000767,Swansea 015E,Criminal damage and arson,Under investigation,
3e8d27246a0851f46571b5e1779cfcc8a2721548c59252067d568db8bd705813,2024-09,South Wales Police,South Wales Police,-3.952727,51.637215,On or near David Street,W01000767,Swansea 015E,Drugs,Under investigation,
65846a8c56ef5577f74448f3158c4139445c9ab3d8b8ca67fde3773b28effd5f,2024-09,South Wales Police,South Wales Police,-3.952635,51.636417,On or near Parking Area,W01000767,Swansea 015E,Drugs,Under investigation,
1a3f748dcd40cda9307b1d2b5ad73db6825858824a30550b51719354c894fa31,2024-09,South Wales Police,South Wales Police,-3.952635,51.636417,On or near Parking Area,W01000767,Swansea 015E,Other theft,Unable to prosecute suspect,
4689539b4b91aa80d7c52fcc464797863eeb51d122265b1dbb11f12bba52790b,2024-09,South Wales Police,South Wales Police,-3.956443,51.638943,On or near Mayfield Terrace,W01000767,Swansea 015E,Other theft,Unable to prosecute suspect,
4dc04779027443b2a1877d4f4e5d836e42091282133061b23d8179c78fdd9db1,2024-09,South Wales Police,South Wales Police,-3.953469,51.638012,On or near Cae Rowland Street,W01000767,Swansea 015E,Possession of weapons,Awaiting court outcome,
6e12eedb3e32a5c6dc9fb3547ff64f1ca5ede0c84a858de1eeb062afa1cb1185,2024-09,South Wales Police,South Wales Police,-3.958611,51.638272,On or near Sports/Recreation Area,W01000767,Swansea 015E,Public order,Under investigation,
d6aa551063c520a669397f3d55a28dba3173c58a448375d7a9e1435951b219e3,2024-09,South Wales Police,South Wales Police,-3.952635,51.636417,On or near Parking Area,W01000767,Swansea 015E,Public order,Under investigation,
d43a44f145c91368c12e2ea65b233f4fc945776d44d7b63c45868c4e30d1cd3f,2024-09,South Wales Police,South Wales Police,-3.952727,51.637215,On or near David Street,W01000767,Swansea 015E,Public order,Local resolution,
70b9812b3e51facd726f08047627ed73d7b6b6de77079654faa32cf92112c07e,2024-09,South Wales Police,South Wales Police,-3.961624,51.639117,On or near Torrington Road,W01000767,Swansea 015E,Robbery,Awaiting court outcome,
eb388539c7d0f2bf55b36d6195b41ac513313bd0f465ff29c4e4c06eee52f730,2024-09,South Wales Police,South Wales Police,-3.958666,51.639553,On or near Maesglas Road,W01000767,Swansea 015E,Violence and sexual offences,Unable to prosecute suspect,
2ff9400fa913a15c48dc1ed8e912f49d7f9bc07c80a30432edfb12cb110c349b,2024-09,South Wales Police,South Wales Police,-3.955447,51.639643,On or near Brondeg Crescent,W01000767,Swansea 015E,Violence and sexual offences,Under investigation,
d9b5fcba2e08372effad43febc92dda5cde77ad253736a4c48a445732adc2573,2024-09,South Wales Police,South Wales Police,-3.955724,51.641716,On or near St John'S Road,W01000767,Swansea 015E,Violence and sexual offences,Awaiting court outcome,
b0f47a906bcfeba2e22345d25cef8bb96e97a7261f7d7f3227d7a192cad0244c,2024-09,South Wales Police,South Wales Police,-3.952727,51.637215,On or near David Street,W01000767,Swansea 015E,Violence and sexual offences,Unable to prosecute suspect,
763e3f72671866cc9d03bed1fad9a7da93b87718f535d26661ec9bcdda2c406b,2024-09,South Wales Police,South Wales Police,-3.954392,51.640659,On or near Brondeg,W01000767,Swansea 015E,Violence and sexual offences,Unable to prosecute suspect,
642990e55d94ad58aeba240ed008e9a05682ac16d01d455a4de0d88783f35644,2024-09,South Wales Police,South Wales Police,-3.954392,51.640659,On or near Brondeg,W01000767,Swansea 015E,Violence and sexual offences,Awaiting court outcome,
,2024-09,South Wales Police,South Wales Police,-3.942343,51.631300,On or near Griffith John Street,W01000742,Swansea 016A,Anti-social behaviour,,
,2024-09,South Wales Police,South Wales Police,-3.946720,51.634303,On or near Ysgubor Fach Street,W01000742,Swansea 016A,Anti-social behaviour,,
,2024-09,South Wales Police,South Wales Police,-3.942343,51.631300,On or near Griffith John Street,W01000742,Swansea 016A,Anti-social behaviour,,
,2024-09,South Wales Police,South Wales Police,-3.946069,51.635626,On or near Lime Court,W01000742,Swansea 016A,Anti-social behaviour,,
,2024-09,South Wales Police,South Wales Police,-3.949127,51.634479,On or near Lydbrook Court,W01000742,Swansea 016A,Anti-social behaviour,,
,2024-09,South Wales Police,South Wales Police,-3.942343,51.631300,On or near Griffith John Street,W01000742,Swansea 016A,Anti-social behaviour,,
,2024-09,South Wales Police,South Wales Police,-3.946069,51.635626,On or near Lime Court,W01000742,Swansea 016A,Anti-social behaviour,,
,2024-09,South Wales Police,South Wales Police,-3.943199,51.633399,On or near Harrington Street,W01000742,Swansea 016A,Anti-social behaviour,,
fd6dcdc94785f104e82b32e016cae8e2e7286a8fe1d95c4963b54b7d63143784,2024-09,South Wales Police,South Wales Police,-3.941761,51.633234,On or near Cwm Road,W01000742,Swansea 016A,Drugs,Under investigation,
a6fb7a47563a0b5da3d1b59f989f6eda18ff2b9cef05c596c570636eb6d6d6d9,2024-09,South Wales Police,South Wales Police,-3.942343,51.631300,On or near Griffith John Street,W01000742,Swansea 016A,Public order,Unable to prosecute suspect,
0fee255ff53244da5f10f900da23d2486b27cd21b818cdf53e923b40884aad7f,2024-09,South Wales Police,South Wales Police,-3.942343,51.631300,On or near Griffith John Street,W01000742,Swansea 016A,Public order,Unable to prosecute suspect,
0d49c12c138d07fddc4d092b4e0fa79bc6ca3b14028852d33135ac252516f1a7,2024-09,South Wales Police,South Wales Police,-3.946721,51.632297,On or near Waun-Wen Terrace,W01000742,Swansea 016A,Shoplifting,Investigation complete; no suspect identified,
a028164f86dd1a93b88e4385b2953fc6c6565fce7512eba6875aa6408a01c6de,2024-09,South Wales Police,South Wales Police,-3.944704,51.631414,On or near Caepistyll Street,W01000742,Swansea 016A,Vehicle crime,Investigation complete; no suspect identified,
9b8505d6aaafc7e2a7fa2456503ba21e577d71105f4c25bd35f482501b09abec,2024-09,South Wales Police,South Wales Police,-3.943149,51.632905,On or near Llangyfelach Street,W01000742,Swansea 016A,Vehicle crime,Unable to prosecute suspect,
d45b03ff832ca27c28d65753e44bf2d0743756a973d43fceb8f0e5906ee5e54f,2024-09,South Wales Police,South Wales Police,-3.941761,51.633234,On or near Cwm Road,W01000742,Swansea 016A,Violence and sexual offences,Unable to prosecute suspect,
409fc713b361e1b1f58da82bda0446730b1f0d4567c8319cc3e19190fa668939,2024-09,South Wales Police,South Wales Police,-3.941761,51.633234,On or near Cwm Road,W01000742,Swansea 016A,Violence and sexual offences,Unable to prosecute suspect,
cd0ac8997d4b6f1e79c5b769e55c33e8adb698661339d79db8086b75b5c389d5,2024-09,South Wales Police,South Wales Police,-3.948165,51.634306,On or near Millwood Court,W01000742,Swansea 016A,Violence and sexual offences,Unable to prosecute suspect,
85a8672873018e1433c0525f94ccce78b21596b77afd752476010aee094ba59d,2024-09,South Wales Police,South Wales Police,-3.946069,51.635626,On or near Lime Court,W01000742,Swansea 016A,Violence and sexual offences,Unable to prosecute suspect,
d4d1b920eb2a7de4d126cbb7ce6785c0521b2dde4db275eca0504aa1f5a3e9df,2024-09,South Wales Police,South Wales Police,-3.948899,51.631875,On or near Rockland Terrace,W01000742,Swansea 016A,Violence and sexual offences,Unable to prosecute suspect,
9dd6690ace7201108c0ae963619ad726cbd2484c0cefc1386fa245d358a9798b,2024-09,South Wales Police,South Wales Police,-3.941761,51.633234,On or near Cwm Road,W01000742,Swansea 016A,Violence and sexual offences,Unable to prosecute suspect,
7ef4de2e7fdc7539a97f6cb59ffe805dbedc8ae7b093fe1e58ddd8493aa237c3,2024-09,South Wales Police,South Wales Police,-3.942343,51.631300,On or near Griffith John Street,W01000742,Swansea 016A,Violence and sexual offences,Unable to prosecute suspect,
9832b22fcd650e58cd756ffb4f3290415ddd237817bd0256f9b20a2f2dd74020,2024-09,South Wales Police,South Wales Police,-3.942343,51.631300,On or near Griffith John Street,W01000742,Swansea 016A,Violence and sexual offences,Unable to prosecute suspect,
d6f03e0c59183408a55eb197254defce17b7a378e5b0809d62347b88c73e99b4,2024-09,South Wales Police,South Wales Police,-3.947162,51.633144,On or near Joseph Davies' Close,W01000742,Swansea 016A,Violence and sexual offences,Awaiting court outcome,
ca56d529462f9b6b2f0bfd8b1034212b2f2f7196980868af471dc8bd49d4d409,2024-09,South Wales Police,South Wales Police,-3.942358,51.636362,On or near Hafod Park,W01000742,Swansea 016A,Violence and sexual offences,Unable to prosecute suspect,
1031843e93fb4b36b1a24e20dbfe7e7dfa9d2b4492a4aa1bc94a9169d5f34266,2024-09,South Wales Police,South Wales Police,-3.942343,51.631300,On or near Griffith John Street,W01000742,Swansea 016A,Violence and sexual offences,Unable to prosecute suspect,
be6c859dacbe5e8f14e3a5af77d5ceb50d0e17369a549e6bf4cfbc3e7744b902,2024-09,South Wales Police,South Wales Police,-3.944593,51.635921,On or near Mainwaring Terrace,W01000742,Swansea 016A,Violence and sexual offences,Investigation complete; no suspect identified,
c020d7de05fc92e7b5c15d5d7029a0a10469385723179f325db3f71baa5944de,2024-09,South Wales Police,South Wales Police,-3.942343,51.631300,On or near Griffith John Street,W01000742,Swansea 016A,Violence and sexual offences,Unable to prosecute suspect,
,2024-09,South Wales Police,South Wales Police,-3.947626,51.626096,On or near Campbell Street,W01000744,Swansea 016B,Anti-social behaviour,,
,2024-09,South Wales Police,South Wales Police,-3.943657,51.626206,On or near Tontine Street,W01000744,Swansea 016B,Anti-social behaviour,,
458de1deaca6889ca2643b641ce2494b6811a7f945b13b035486942344300ad8,2024-09,South Wales Police,South Wales Police,-3.946492,51.631330,On or near Baptist Well Street,W01000744,Swansea 016B,Criminal damage and arson,Unable to prosecute suspect,
d1f60ae066d68fda6d33864fb9fa4d9a29b0cec763c8b7945170935395eb582f,2024-09,South Wales Police,South Wales Police,-3.945453,51.630007,On or near Wheatfield Terrace,W01000744,Swansea 016B,Criminal damage and arson,Further investigation is not in the public interest,
52573e55d4302f2ec7cdc23348367a87fb27675b23a32d466fb6839bfa9677d0,2024-09,South Wales Police,South Wales Police,-3.943657,51.626206,On or near Tontine Street,W01000744,Swansea 016B,Criminal damage and arson,Unable to prosecute suspect,
53e2ff6eac88ce33596cfcff038151b00667c6f5fd0266e3db27299eaa0c0578,2024-09,South Wales Police,South Wales Police,-3.944674,51.630731,On or near Hall Street,W01000744,Swansea 016B,Other theft,Investigation complete; no suspect identified,
ad6930f4469fd44d47cc836507974d020be4c231e2a261a03a4ea6164f65a800,2024-09,South Wales Police,South Wales Police,-3.946492,51.631330,On or near Baptist Well Street,W01000744,Swansea 016B,Other theft,Investigation complete; no suspect identified,
1c51dfbefe5ac535660ef731ae03baee1367a048b9e05012f577ccee501fc852,2024-09,South Wales Police,South Wales Police,-3.945453,51.630007,On or near Wheatfield Terrace,W01000744,Swansea 016B,Public order,Local resolution,
c4a95c805ec469509ed3d3b97429b7be7d89cfa66410e0d20a53b5f4740c1a5d,2024-09,South Wales Police,South Wales Police,-3.945243,51.629507,On or near Baptist Well Place,W01000744,Swansea 016B,Public order,Investigation complete; no suspect identified,
5f84003f02862557ef44ae0b097632b936ff6fb6a93bb3db1d10a7292c5e1206,2024-09,South Wales Police,South Wales Police,-3.945243,51.629507,On or near Baptist Well Place,W01000744,Swansea 016B,Public order,Investigation complete; no suspect identified,
68881e2026d8b9fdf932d0a246412ed7b10038b85b1ca58fc30de10db2f091db,2024-09,South Wales Police,South Wales Police,-3.946492,51.631330,On or near Baptist Well Street,W01000744,Swansea 016B,Public order,Under investigation,
dd789e879955bfbf7af5317ad1426aa1f1e886be3c0b22298f6e20bf37c87679,2024-09,South Wales Police,South Wales Police,-3.942252,51.625771,On or near Ebenezer Street,W01000744,Swansea 016B,Shoplifting,Further investigation is not in the public interest,
298c18cb47ebc18d2c5ba796df1b72c3ea3bd570037636f374f32f4d03163cd4,2024-09,South Wales Police,South Wales Police,-3.943657,51.626206,On or near Tontine Street,W01000744,Swansea 016B,Violence and sexual offences,Awaiting court outcome,
991082618a66fa6f0edfc6fa059c7c89f1dda4bea065f0c955fd04764d60cb53,2024-09,South Wales Police,South Wales Police,-3.943137,51.630594,On or near Pont-Y-Glasdwr,W01000744,Swansea 016B,Violence and sexual offences,Unable to prosecute suspect,
1a63a1ab828442cf571d72fb2c33887879836638e6718e1c71d2607902730b88,2024-09,South Wales Police,South Wales Police,-3.943657,51.626206,On or near Tontine Street,W01000744,Swansea 016B,Violence and sexual offences,Awaiting court outcome,
bbc23052a3fee296cb74d8738b5b83c3d849ea792a95711d11e1a049624474d1,2024-09,South Wales Police,South Wales Police,-3.948350,51.632207,On or near Peter Street,W01000744,Swansea 016B,Violence and sexual offences,Under investigation,
73b4a6ab33da89b9b967dd93cd7de9dc1a72fad1f5f607d6b2b466e3707eeda9,2024-09,South Wales Police,South Wales Police,-3.943137,51.630594,On or near Pont-Y-Glasdwr,W01000744,Swansea 016B,Violence and sexual offences,Unable to prosecute suspect,
65378d9ae36d2be9b93001a4da03ed51d8bb459383adf0c9a213838b62ed9522,2024-09,South Wales Police,South Wales Police,-3.944904,51.626294,On or near Wilks Row,W01000744,Swansea 016B,Violence and sexual offences,Unable to prosecute suspect,
4a0322773ffdee770c5e6ec7aed2309af2fcbf6a9752afe6929603c6ca846e17,2024-09,South Wales Police,South Wales Police,-3.945243,51.629507,On or near Baptist Well Place,W01000744,Swansea 016B,Violence and sexual offences,Investigation complete; no suspect identified,
f4d536d1c20d3422d848be9b566db4f50c3749d71eda26e941ff0d1e997f79a8,2024-09,South Wales Police,South Wales Police,-3.945174,51.625848,On or near Pleasant View Terrace,W01000744,Swansea 016B,Violence and sexual offences,Investigation complete; no suspect identified,
6831552021aef8ca7f8d44ef913a3bdea3450e38f0eed14b16b31d099a632853,2024-09,South Wales Police,South Wales Police,-3.944904,51.626294,On or near Wilks Row,W01000744,Swansea 016B,Violence and sexual offences,Awaiting court outcome,
53b8a29b084edd022bdd227b4f01c3de95441af9d84d2114a84aef76004a27cb,2024-09,South Wales Police,South Wales Police,-3.945174,51.625848,On or near Pleasant View Terrace,W01000744,Swansea 016B,Violence and sexual offences,Under investigation,
d6f619827fca36d1ba752194181f45add83a73ba3e9975a9a3adb9ac070e4c37,2024-09,South Wales Police,South Wales Police,-3.943657,51.626206,On or near Tontine Street,W01000744,Swansea 016B,Violence and sexual offences,Unable to prosecute suspect,
,2024-09,South Wales Police,South Wales Police,-3.932506,51.651075,On or near Smyrna Street,W01000787,Swansea 016C,Anti-social behaviour,,
64f4fba8337a844d66c2e24c2be64f9eb259d2253c498f1a8957bfdfacfbbd02,2024-09,South Wales Police,South Wales Police,-3.932506,51.651075,On or near Smyrna Street,W01000787,Swansea 016C,Criminal damage and arson,Investigation complete; no suspect identified,
2ec95613ebecec82ae8fe2df8dd4362af5f34e46386a3b2fa9136bb10c57d454,2024-09,South Wales Police,South Wales Police,-3.932506,51.651075,On or near Smyrna Street,W01000787,Swansea 016C,Criminal damage and arson,Investigation complete; no suspect identified,
f7c6221a0253e46d44bd443dc7bfbcf769112403fa71cfa6750e934c0de99708,2024-09,South Wales Police,South Wales Police,-3.932506,51.651075,On or near Smyrna Street,W01000787,Swansea 016C,Other theft,Unable to prosecute suspect,
dc9098afce75db31730aaa21e833c8c3cac6717b7799d954932f1fcba643d71c,2024-09,South Wales Police,South Wales Police,-3.934797,51.649868,On or near Bartley Terrace,W01000787,Swansea 016C,Possession of weapons,Awaiting court outcome,
bef8bfeda3e10d42b0d308751c85d3766bacb3c35482bba8b52ce14588814613,2024-09,South Wales Police,South Wales Police,-3.932506,51.651075,On or near Smyrna Street,W01000787,Swansea 016C,Public order,Unable to prosecute suspect,
f161ea3b43ebbb7e62603597cb1fe8ef39508d99d8bfaf7f18c64babf1387891,2024-09,South Wales Police,South Wales Police,-3.932506,51.651075,On or near Smyrna Street,W01000787,Swansea 016C,Theft from the person,Investigation complete; no suspect identified,
a20ac772a5aaad719e0e83a61c7076988fcdf009fd1acb9c568684f8b0d5bc61,2024-09,South Wales Police,South Wales Police,-3.932506,51.651075,On or near Smyrna Street,W01000787,Swansea 016C,Vehicle crime,Investigation complete; no suspect identified,
184711e81328d73f25c2175747323844944418d96ddb413d2d17a61981a50fa7,2024-09,South Wales Police,South Wales Police,-3.932213,51.651997,On or near Idris Terrace,W01000787,Swansea 016C,Violence and sexual offences,Unable to prosecute suspect,
1d071837e1ebd3ad3024405ed624dee5fed086de0bc515b3ba3e0e05569a4ee3,2024-09,South Wales Police,South Wales Police,-3.932506,51.651075,On or near Smyrna Street,W01000787,Swansea 016C,Violence and sexual offences,Unable to prosecute suspect,
8bd9803af2a103bbbcfc3e59b9dcf4873f7b9308176201bdc5141ad33fcb4c8a,2024-09,South Wales Police,South Wales Police,-3.935478,51.649911,On or near Plasmarl Terrace,W01000787,Swansea 016C,Violence and sexual offences,Awaiting court outcome,
09b4030b922800b77f05f49a5a16ac1ffa38196f0484e9802699c09a8f168e30,2024-09,South Wales Police,South Wales Police,-3.935478,51.649911,On or near Plasmarl Terrace,W01000787,Swansea 016C,Violence and sexual offences,Unable to prosecute suspect,
95b3fa36c687c3b5d95c9dad0037d489d9d4521da3d7be8031455291173a30c1,2024-09,South Wales Police,South Wales Police,-3.939383,51.651654,On or near Cnap Llwyd Road,W01000787,Swansea 016C,Violence and sexual offences,Under investigation,
0d485ce6f8b1546ab152bc42acec74a29e0ca9b6bc376babf7dbfae8589c37d1,2024-09,South Wales Police,South Wales Police,-3.938540,51.648169,On or near Salem Road,W01000787,Swansea 016C,Violence and sexual offences,Unable to prosecute suspect,
89136dd21a675af8129f2fe31364d1f765b9dbebebfa91216f14adb838cc232b,2024-09,South Wales Police,South Wales Police,-3.932506,51.651075,On or near Smyrna Street,W01000787,Swansea 016C,Violence and sexual offences,Investigation complete; no suspect identified,
368ab1bdfd9c27f0d151bb4a41b96a567d432447c9cb9d10fb1d0a8c6247d95a,2024-09,South Wales Police,South Wales Police,-3.935478,51.649911,On or near Plasmarl Terrace,W01000787,Swansea 016C,Violence and sexual offences,Under investigation,
,2024-09,South Wales Police,South Wales Police,-3.938308,51.646779,On or near Millbrook Street,W01000788,Swansea 016D,Anti-social behaviour,,
,2024-09,South Wales Police,South Wales Police,-3.943202,51.645970,On or near Cwmlan Terrace,W01000788,Swansea 016D,Anti-social behaviour,,
9b63408725efeb5ef0af2ddb71fa0e91d17b88e5d80adf30b2ace22feecc94f0,2024-09,South Wales Police,South Wales Police,-3.940708,51.642064,On or near Bennett Street,W01000788,Swansea 016D,Drugs,Under investigation,
74b04bced36fad889448b741b87d77e282bf3e0805ab811cbf71bedcafffb95f,2024-09,South Wales Police,South Wales Police,-3.934593,51.642713,On or near Sports/Recreation Area,W01000788,Swansea 016D,Public order,Under investigation,
ab72bb6315fa07ea73686f59188b00976d8077f3b35fec5daee4278a585434ec,2024-09,South Wales Police,South Wales Police,-3.935935,51.641981,On or near Parking Area,W01000788,Swansea 016D,Public order,Unable to prosecute suspect,
84880dda7de381b863fd024b8f5c21fd338ff2ebe5e537d4f921af9b3f7ceae9,2024-09,South Wales Police,South Wales Police,-3.935935,51.641981,On or near Parking Area,W01000788,Swansea 016D,Public order,Unable to prosecute suspect,
06deba9957d30e4373a27929a0a756948472c227f2836890d0bef854c187a007,2024-09,South Wales Police,South Wales Police,-3.943202,51.645970,On or near Cwmlan Terrace,W01000788,Swansea 016D,Public order,Investigation complete; no suspect identified,
319054062f15ddfad931e6b0192e9296982a7941e3953a7b32ef62f8ac63537d,2024-09,South Wales Police,South Wales Police,-3.941647,51.642399,On or near Pentre-Treharne Hill,W01000788,Swansea 016D,Public order,Investigation complete; no suspect identified,
e48cb1fe8138932baf7b4477b8fd98f071c5774ce9cc02eadf134551a41df096,2024-09,South Wales Police,South Wales Police,-3.937426,51.646794,On or near Landeg Street,W01000788,Swansea 016D,Public order,Unable to prosecute suspect,
e4cfdda7de68bd3694e7f7bff07b2750d3a8b31be8c865cccf89ab39bb8e1ee1,2024-09,South Wales Police,South Wales Police,-3.941174,51.642497,On or near Mysydd Road,W01000788,Swansea 016D,Shoplifting,Unable to prosecute suspect,
49374c3590898b42c079626c38e8a536c0ff0cfde13cd83b83df7fb566669915,2024-09,South Wales Police,South Wales Police,-3.936747,51.645780,On or near Petrol Station,W01000788,Swansea 016D,Shoplifting,Investigation complete; no suspect identified,
c11aa6825a16f7eefb9317ea17d1a6bad708023a3aef25bbd07dac8df5b464e3,2024-09,South Wales Police,South Wales Police,-3.935935,51.641981,On or near Parking Area,W01000788,Swansea 016D,Vehicle crime,Under investigation,
515959ff8ed14edc281a57fe48fee72453d8191fb773479311f4820114500ac6,2024-09,South Wales Police,South Wales Police,-3.935935,51.641981,On or near Parking Area,W01000788,Swansea 016D,Violence and sexual offences,Under investigation,
0ff3da56766cd9b777c6a3d6a458743371ba3c58a8920523ca085509eced43de,2024-09,South Wales Police,South Wales Police,-3.941647,51.642399,On or near Pentre-Treharne Hill,W01000788,Swansea 016D,Violence and sexual offences,Unable to prosecute suspect,
2ad6b6ef9665a886114a5bd968870561d8fa4fdf4365ae5551d55e860d98a563,2024-09,South Wales Police,South Wales Police,-3.935935,51.641981,On or near Parking Area,W01000788,Swansea 016D,Violence and sexual offences,Unable to prosecute suspect,
ec225e70b2f232ba43baad5efb27448642a12bf3a4312568795beeb6ba862cef,2024-09,South Wales Police,South Wales Police,-3.937426,51.646794,On or near Landeg Street,W01000788,Swansea 016D,Violence and sexual offences,Investigation complete; no suspect identified,
30a151f0ac684b1c5e56aaf614b7e8c93e4d9c42864a984c8f415b12d9e8d1cd,2024-09,South Wales Police,South Wales Police,-3.940708,51.642064,On or near Bennett Street,W01000788,Swansea 016D,Violence and sexual offences,Unable to prosecute suspect,
,2024-09,South Wales Police,South Wales Police,-3.943636,51.643616,On or near Clayton Street,W01000789,Swansea 016E,Anti-social behaviour,,
,2024-09,South Wales Police,South Wales Police,-3.943777,51.639486,On or near Mysydd Terrace,W01000789,Swansea 016E,Anti-social behaviour,,
0f9d2bc65e9e819923c9c4fc93c7beeac70f80902c04ede7d01dbec5a22784ef,2024-09,South Wales Police,South Wales Police,-3.940210,51.643610,On or near Glandwr Crescent,W01000789,Swansea 016E,Public order,Investigation complete; no suspect identified,
ef9dd7a79a17172eececed31e25e9648cd0d370ea17283ce39b6fbca2a92610c,2024-09,South Wales Police,South Wales Police,-3.943636,51.643616,On or near Clayton Street,W01000789,Swansea 016E,Public order,Unable to prosecute suspect,
1f991456ac9fb2f34e520b3d454c8dda77e1d45be5a7f8324383c82b3dcbe813,2024-09,South Wales Police,South Wales Police,-3.943587,51.642133,On or near Bryn Terrace,W01000789,Swansea 016E,Vehicle crime,Investigation complete; no suspect identified,
752391d0e0285e0b5b4689359a70a802f556974755bb7cddda9d9dc7cb1cb869,2024-09,South Wales Police,South Wales Police,-3.943155,51.640809,On or near Montana Place,W01000789,Swansea 016E,Vehicle crime,Investigation complete; no suspect identified,
0fded0e0c278533cbd504c43be4d8fbe475e2d0a9bb61f8618fae41fc9a8f6d8,2024-09,South Wales Police,South Wales Police,-3.943331,51.642902,On or near Saddler Street,W01000789,Swansea 016E,Violence and sexual offences,Unable to prosecute suspect,
553519b3a997db26e3c3a360e0b204ca375a4b0d0d33975cd5c4bbc26abe214d,2024-09,South Wales Police,South Wales Police,-3.943155,51.640809,On or near Montana Place,W01000789,Swansea 016E,Violence and sexual offences,Awaiting court outcome,
30e0abcd4da5ea408717f4ff2a9ae604c4c0f00d6f43d2ee2fb9e6eeb6b28680,2024-09,South Wales Police,South Wales Police,-3.943777,51.639486,On or near Mysydd Terrace,W01000789,Swansea 016E,Violence and sexual offences,Under investigation,
a30a2ff47f174dc8fcc3e42ce3d9da4dd4cb4dbd362ce8c2a1a3741a038b3b5a,2024-09,South Wales Police,South Wales Police,-3.943777,51.639486,On or near Mysydd Terrace,W01000789,Swansea 016E,Violence and sexual offences,Investigation complete; no suspect identified,
7dbef1ef1ea4e54037039c6964c761498541232c91bdd650954909767953cbfc,2024-09,South Wales Police,South Wales Police,-3.943777,51.639486,On or near Mysydd Terrace,W01000789,Swansea 016E,Violence and sexual offences,Offender given a caution,
e239520ef0b5c61cf07857c5befd39b0501078f4db8fa74c828997803401c0fe,2024-09,South Wales Police,South Wales Police,-3.940210,51.643610,On or near Glandwr Crescent,W01000789,Swansea 016E,Violence and sexual offences,Unable to prosecute suspect,
,2024-09,South Wales Police,South Wales Police,-3.941286,51.634959,On or near Odo Street,W01000790,Swansea 016F,Anti-social behaviour,,
,2024-09,South Wales Police,South Wales Police,-3.941290,51.636398,On or near Pentre Mawr Road,W01000790,Swansea 016F,Anti-social behaviour,,
,2024-09,South Wales Police,South Wales Police,-3.937290,51.625619,On or near Haynes Court,W01000790,Swansea 016F,Anti-social behaviour,,
67503c9aedf6a08a607cbbed77800dd238db31329d4b7da25be3d56a9cdb1ec5,2024-09,South Wales Police,South Wales Police,-3.938615,51.629923,On or near Vernon Street,W01000790,Swansea 016F,Bicycle theft,Investigation complete; no suspect identified,
12eac50e41f73bc819ccc6e18e03f3479b1c234645eec2ff535f6304b6d4bca6,2024-09,South Wales Police,South Wales Police,-3.938014,51.632774,On or near Maliphant Street,W01000790,Swansea 016F,Criminal damage and arson,Unable to prosecute suspect,
cb7747cbd37a4657b2fb0db158e0007ba41100a726af60cf51abd0aa2244a785,2024-09,South Wales Police,South Wales Police,-3.939725,51.629194,On or near Upper Strand,W01000790,Swansea 016F,Criminal damage and arson,Investigation complete; no suspect identified,
0de47ec3f3d2e8ad5311ccd50a344f1736cd13c0c634be71068c5f9bf3962302,2024-09,South Wales Police,South Wales Police,-3.938014,51.632774,On or near Maliphant Street,W01000790,Swansea 016F,Drugs,Under investigation,
1fbaf270da990d1b78771e491c760d9b9082b8f805c036c8a120528c107f2614,2024-09,South Wales Police,South Wales Police,-3.938014,51.632774,On or near Maliphant Street,W01000790,Swansea 016F,Drugs,Under investigation,
8606d534c28df803f934621088eb00a14d39a408fd78ee14028b4693a02bb421,2024-09,South Wales Police,South Wales Police,-3.940110,51.636175,On or near Vivian Street,W01000790,Swansea 016F,Public order,Awaiting court outcome,
a8def23befeb01410a605da222d06509d088e321f3588c5199de0e9b1419c619,2024-09,South Wales Police,South Wales Police,-3.939856,51.630918,On or near Villiers Street,W01000790,Swansea 016F,Violence and sexual offences,Awaiting court outcome,
c4b5efe05e89e8901a3b9d13869ece3a3b49d218e02ff43fa16e31c4097a192d,2024-09,South Wales Police,South Wales Police,-3.938014,51.632774,On or near Maliphant Street,W01000790,Swansea 016F,Violence and sexual offences,Unable to prosecute suspect,
c66176d33f54fd4cd789093ba66f116dcc160f0aef9321e369e1d17b79164fc9,2024-09,South Wales Police,South Wales Police,-3.941290,51.636398,On or near Pentre Mawr Road,W01000790,Swansea 016F,Violence and sexual offences,Unable to prosecute suspect,
43b2f9b27d957153a0fff823c658feba4e94450c583415ab473f4ee82698a31b,2024-09,South Wales Police,South Wales Police,-3.940110,51.636175,On or near Vivian Street,W01000790,Swansea 016F,Violence and sexual offences,Under investigation,
a5684459dd54d6e59b5f0806d5ec26bd6f33a5c5546578596a8fdde1e2dcf745,2024-09,South Wales Police,South Wales Police,-3.937684,51.632492,On or near Grandison Street,W01000790,Swansea 016F,Violence and sexual offences,Unable to prosecute suspect,
12675564e3dab988ba363d8a53b5ba6784ce195808dd987f991948b1bee36333,2024-09,South Wales Police,South Wales Police,-3.940110,51.636175,On or near Vivian Street,W01000790,Swansea 016F,Violence and sexual offences,Investigation complete; no suspect identified,
615989d05c3e757949069f3fa3182a002db11e9a66792b6283c3522d5e44a1ad,2024-09,South Wales Police,South Wales Police,-3.938014,51.632774,On or near Maliphant Street,W01000790,Swansea 016F,Violence and sexual offences,Under investigation,
aaef4395d0329119b981029640f861a1f76f6ccdd138c6c78f367103253f9570,2024-09,South Wales Police,South Wales Police,-3.940110,51.636175,On or near Vivian Street,W01000790,Swansea 016F,Violence and sexual offences,Awaiting court outcome,
edd12a5c8148fda2db16bd89052df0caf107b7508ba4b00cc69c8c13c11f7533,2024-09,South Wales Police,South Wales Police,-3.940110,51.636175,On or near Vivian Street,W01000790,Swansea 016F,Violence and sexual offences,Unable to prosecute suspect,
eb65f1f3d277c42ed09f60d1336e7c823693b836f82f34ba697bdc51079e2d2d,2024-09,South Wales Police,South Wales Police,-3.938638,51.634886,On or near Philadelphia Lane,W01000790,Swansea 016F,Violence and sexual offences,Unable to prosecute suspect,
56dc0686be7be7bdd038f341c532220a8442b12b809ee2414e3dbea608ad82d5,2024-09,South Wales Police,South Wales Police,-3.941290,51.636398,On or near Pentre Mawr Road,W01000790,Swansea 016F,Violence and sexual offences,Unable to prosecute suspect,
8bb3d68251bbab2dbeaac84825874165659bf5b5afdf4f9656dbfb3177009ac8,2024-09,South Wales Police,South Wales Police,-3.936070,51.630216,On or near Morfa Road,W01000790,Swansea 016F,Violence and sexual offences,Unable to prosecute suspect,
557937b7b431ca52600fbd57812b4689dfd18874f5950c92590fa2db2ed2818b,2024-09,South Wales Police,South Wales Police,-3.938014,51.632774,On or near Maliphant Street,W01000790,Swansea 016F,Violence and sexual offences,Unable to prosecute suspect,
7163a80db937f3918648cba40ae7d11f657b92541a4e95b5e840548cc1e9fbaf,2024-09,South Wales Police,South Wales Police,-3.938203,51.631782,On or near Earl Street,W01000790,Swansea 016F,Violence and sexual offences,Under investigation,
,2024-09,South Wales Police,South Wales Police,-3.967689,51.638665,On or near Weig Lane,W01000755,Swansea 017A,Anti-social behaviour,,
,2024-09,South Wales Police,South Wales Police,-3.967689,51.638665,On or near Weig Lane,W01000755,Swansea 017A,Anti-social behaviour,,
,2024-09,South Wales Police,South Wales Police,-3.969195,51.636059,On or near Heol Y Cwmdu,W01000755,Swansea 017A,Anti-social behaviour,,
,2024-09,South Wales Police,South Wales Police,-3.969540,51.638346,On or near Carmarthen Road,W01000755,Swansea 017A,Anti-social behaviour,,
,2024-09,South Wales Police,South Wales Police,-3.967689,51.638665,On or near Weig Lane,W01000755,Swansea 017A,Anti-social behaviour,,
,2024-09,South Wales Police,South Wales Police,-3.974791,51.632494,On or near Lloyd Thomas Court,W01000755,Swansea 017A,Anti-social behaviour,,
126a96f68e98b0fdd2a57004fbfbf0d5e1624b8dcdd12b7294b1ee045be5b66d,2024-09,South Wales Police,South Wales Police,-3.974791,51.632494,On or near Lloyd Thomas Court,W01000755,Swansea 017A,Other theft,Unable to prosecute suspect,
301222bb8625dcb20a6d2736a3bf4c04a40dca95fb919e4f8e8619486298c661,2024-09,South Wales Police,South Wales Police,-3.974791,51.632494,On or near Lloyd Thomas Court,W01000755,Swansea 017A,Other theft,Under investigation,
a4f9fe35adbcac07d40da9caec6d44a0d983f379c00cae2e9f92b8cf533e1eef,2024-09,South Wales Police,South Wales Police,-3.967689,51.638665,On or near Weig Lane,W01000755,Swansea 017A,Public order,Investigation complete; no suspect identified,
1e56e2ec6f21c8494ed751b862ad465774d764b85c8bd69e984b064d17cfa860,2024-09,South Wales Police,South Wales Police,-3.966756,51.637476,On or near Gendros Drive,W01000755,Swansea 017A,Public order,Investigation complete; no suspect identified,
a852a489c8db065145149ac5fdecb2cfe4ff175e99a34631cfea577f7d1725e5,2024-09,South Wales Police,South Wales Police,-3.970646,51.637536,On or near Shopping Area,W01000755,Swansea 017A,Shoplifting,Awaiting court outcome,
a9ba704e612086d5f1fbc0111426a57dfcc1f0647a590bc98822de068e48a44c,2024-09,South Wales Police,South Wales Police,-3.969195,51.636059,On or near Heol Y Cwmdu,W01000755,Swansea 017A,Shoplifting,Unable to prosecute suspect,
54d8016fdff745e696d9d2c3ef3dc0bf4a02c18c7fb8ec597e966c629e2b6d6e,2024-09,South Wales Police,South Wales Police,-3.969195,51.636059,On or near Heol Y Cwmdu,W01000755,Swansea 017A,Shoplifting,Investigation complete; no suspect identified,
840ea19646c5bb04223df66c02c87fb4ceb65c67cee31bee3dbe6fb0fe291148,2024-09,South Wales Police,South Wales Police,-3.969195,51.636059,On or near Heol Y Cwmdu,W01000755,Swansea 017A,Shoplifting,Investigation complete; no suspect identified,
90c826d78a0a80cefbb82d30e2423ae4edbe878ebfe8f88dd89933f38720ec99,2024-09,South Wales Police,South Wales Police,-3.969195,51.636059,On or near Heol Y Cwmdu,W01000755,Swansea 017A,Shoplifting,Investigation complete; no suspect identified,
59a6ab06bf20a19ac88aafb8edcdf61231008150d0692887b46d25ca9a35978f,2024-09,South Wales Police,South Wales Police,-3.969195,51.636059,On or near Heol Y Cwmdu,W01000755,Swansea 017A,Shoplifting,Investigation complete; no suspect identified,
c06c50baef7d8c3a404b02fee68d01ba85accacf538cda9cb315a5e118732608,2024-09,South Wales Police,South Wales Police,-3.969195,51.636059,On or near Heol Y Cwmdu,W01000755,Swansea 017A,Shoplifting,Investigation complete; no suspect identified,
372191b17f877e83bdeb21506d6e8e5f1f4134ded01d398e562d51fad05c1f00,2024-09,South Wales Police,South Wales Police,-3.970646,51.637536,On or near Shopping Area,W01000755,Swansea 017A,Shoplifting,Investigation complete; no suspect identified,
60ab5582027cd48d65a45fe35208177b9d39f83f7694dcc39233536d7f2dbe7d,2024-09,South Wales Police,South Wales Police,-3.969195,51.636059,On or near Heol Y Cwmdu,W01000755,Swansea 017A,Violence and sexual offences,Under investigation,
e1224ef837b01b6767f48a195112192c11110088c2923bc1f90b48786836d282,2024-09,South Wales Police,South Wales Police,-3.967689,51.638665,On or near Weig Lane,W01000755,Swansea 017A,Violence and sexual offences,Investigation complete; no suspect identified,
64a2726e427e112120f2932fef232dce47f50232e7551c854f8cfe29390e7697,2024-09,South Wales Police,South Wales Police,-3.972356,51.638632,On or near Carmarthen Road,W01000755,Swansea 017A,Violence and sexual offences,Unable to prosecute suspect,
592d387ab87cfeada63293caf248ef90be1a7edb9efcf6460f5283f4444668a4,2024-09,South Wales Police,South Wales Police,-3.967949,51.638661,On or near Weig Road,W01000755,Swansea 017A,Violence and sexual offences,Investigation complete; no suspect identified,
60eb70b38eaea3b97b15a8b65669e2eed33bf931169da907875611a40c2205e9,2024-09,South Wales Police,South Wales Police,-3.966529,51.639916,On or near Pen-Llwyn-March Road,W01000755,Swansea 017A,Violence and sexual offences,Under investigation,
,2024-09,South Wales Police,South Wales Police,-4.008474,51.639674,On or near Cwm Clyd,W01000756,Swansea 017B,Anti-social behaviour,,
,2024-09,South Wales Police,South Wales Police,-4.016725,51.637689,On or near Barnabas Close,W01000756,Swansea 017B,Anti-social behaviour,,
d43f62f8753a2fff938b53fd38a1ed2a1a3df6a4541abec1b94e29427e064d38,2024-09,South Wales Police,South Wales Police,-4.010304,51.639220,On or near Clas-Y-Bedw,W01000756,Swansea 017B,Criminal damage and arson,Unable to prosecute suspect,
5e2da2e93430282b69a852fa172adda4ccc1914dfe611eed451ea28d83b41c2f,2024-09,South Wales Police,South Wales Police,-4.007802,51.639847,On or near Clas-Yr-Onnen,W01000756,Swansea 017B,Criminal damage and arson,Awaiting court outcome,
d018e2a91270ee11d715836b7d90d0df1bed1da9e49beafac7f85e092a402d08,2024-09,South Wales Police,South Wales Police,-4.012277,51.639078,On or near Rosewarne Close,W01000756,Swansea 017B,Criminal damage and arson,Unable to prosecute suspect,
f0d652d1c580d7e1cf4cca442c69d6bfddf389814e497c8274a5639a0ec86970,2024-09,South Wales Police,South Wales Police,-3.994253,51.639008,On or near Cwmbach Road,W01000756,Swansea 017B,Criminal damage and arson,Investigation complete; no suspect identified,
4566c738c040fbf41cfa6cd60f75a59df56d51524bde2183a17b3c259da8248f,2024-09,South Wales Police,South Wales Police,-4.005099,51.640820,On or near Ystrad Road,W01000756,Swansea 017B,Criminal damage and arson,Offender given a caution,
9050a48295f4dc3e6dfdae67338e8b76585e87106b34099bc3f4a0a3977eac06,2024-09,South Wales Police,South Wales Police,-4.012277,51.639078,On or near Rosewarne Close,W01000756,Swansea 017B,Criminal damage and arson,Investigation complete; no suspect identified,
56b30905a351e8fb39b58fa956734fafe6394c5d287b75d4a62d456e84349a82,2024-09,South Wales Police,South Wales Police,-4.006375,51.640897,On or near Cil-Y-Coed,W01000756,Swansea 017B,Other theft,Unable to prosecute suspect,
2b541b55906fa2b9729ad80b998c9b669b25e4f9d20a0540146d3526b1707015,2024-09,South Wales Police,South Wales Police,-4.009329,51.638418,On or near Login Road,W01000756,Swansea 017B,Public order,Unable to prosecute suspect,
7afd1040ab12bdfe5ed2927bb1a3a7ea285d798b685c648fbd6a0b1b6033af79,2024-09,South Wales Police,South Wales Police,-4.008474,51.639674,On or near Cwm Clyd,W01000756,Swansea 017B,Public order,Under investigation,
ccdbd3e519795d128177fa3254a2adf84a91794607517a2a138eb085406b57ce,2024-09,South Wales Police,South Wales Police,-4.007802,51.639847,On or near Clas-Yr-Onnen,W01000756,Swansea 017B,Public order,Awaiting court outcome,
85e36b139a2676ea1003eb2b2527efafa19f89b727f70b4f5e1b3821facc537a,2024-09,South Wales Police,South Wales Police,-4.010304,51.639220,On or near Clas-Y-Bedw,W01000756,Swansea 017B,Violence and sexual offences,Unable to prosecute suspect,
180a64cf4782b5906e96be4c013c9376ac54b1b828d94848dcdf3c3d40d447ee,2024-09,South Wales Police,South Wales Police,-4.012277,51.639078,On or near Rosewarne Close,W01000756,Swansea 017B,Violence and sexual offences,Under investigation,
bc30d5789e97d19b9809bdda10bbe4e9c8b2e646a680c3390e2fa6e5e89c1c38,2024-09,South Wales Police,South Wales Police,-4.006375,51.640897,On or near Cil-Y-Coed,W01000756,Swansea 017B,Violence and sexual offences,Unable to prosecute suspect,
a4526940d7cfd5159892284a2ba87960af605e237e2acd379c377b274c89aac6,2024-09,South Wales Police,South Wales Police,-4.010304,51.639220,On or near Clas-Y-Bedw,W01000756,Swansea 017B,Violence and sexual offences,Unable to prosecute suspect,
2748faa906d42fb8c7b541b663131bbdbc10e96242be6bb7e40aeb1f592888e4,2024-09,South Wales Police,South Wales Police,-4.007666,51.639373,On or near Clas-Y-Deri,W01000756,Swansea 017B,Violence and sexual offences,Investigation complete; no suspect identified,
3e743d82739442cb8ed03b6c2a4f2f2ed82ef24b0e526c09a3824985a61a7493,2024-09,South Wales Police,South Wales Police,-4.008474,51.639674,On or near Cwm Clyd,W01000756,Swansea 017B,Violence and sexual offences,Investigation complete; no suspect identified,
edb3f8493af196baebcb8ac0c4e95c40736a206e7fbbf88e455450635e591f34,2024-09,South Wales Police,South Wales Police,-4.006375,51.640897,On or near Cil-Y-Coed,W01000756,Swansea 017B,Violence and sexual offences,Unable to prosecute suspect,
37fd6cd728d63c220ae174d0e74e69ee47c1b42bf59c304de0c5ce3f87de86ae,2024-09,South Wales Police,South Wales Police,-4.006375,51.640897,On or near Cil-Y-Coed,W01000756,Swansea 017B,Violence and sexual offences,Formal action is not in the public interest,
a7392f99829d54cf429f893fc7398ba5718a3ab91cdb9ed70f2d140eb5de20aa,2024-09,South Wales Police,South Wales Police,-4.006375,51.640897,On or near Cil-Y-Coed,W01000756,Swansea 017B,Other crime,Awaiting court outcome,
7a67adbef2650e70540fbc02dcf45671d5da6aec2272537bf467cef696bee63c,2024-09,South Wales Police,South Wales Police,-3.978415,51.641371,On or near Clos Calfaria,W01000757,Swansea 017C,Drugs,Under investigation,
c4c54ba0a2cc0fff1970573b882be12cf86f700cae058bc3ea2666c8258b7153,2024-09,South Wales Police,South Wales Police,-3.982930,51.638202,On or near B4295,W01000757,Swansea 017C,Drugs,Under investigation,
8cc5c4d1d051c3b778ad20a2896de929b7b64ac31fb3d9188ae5ec539cbb989f,2024-09,South Wales Police,South Wales Police,-3.980396,51.645717,On or near Beverley Close,W01000757,Swansea 017C,Other theft,Unable to prosecute suspect,
bc2a48c4361770b2bb082541e8441d915faafe6052f8ca2085387ae87dea4c87,2024-09,South Wales Police,South Wales Police,-3.983150,51.644897,On or near White City Road,W01000757,Swansea 017C,Shoplifting,Investigation complete; no suspect identified,
727e3350c9f17b54b051ef60dcb993b32bc202df9e09bfc828ee1f550eb78dbd,2024-09,South Wales Police,South Wales Police,-3.985054,51.641502,On or near Queensway,W01000757,Swansea 017C,Vehicle crime,Awaiting court outcome,
673430ab7ca0602e661e9b57e1d2e204ad1a4437080c59a78e018c182423b55d,2024-09,South Wales Police,South Wales Police,-3.981459,51.642903,On or near Clos Madlen,W01000757,Swansea 017C,Violence and sexual offences,Unable to prosecute suspect,
d180727fd2ce45f454eed9f5a739dc9a2146ee77be3248545aec51535494ef29,2024-09,South Wales Police,South Wales Police,-3.978415,51.641371,On or near Clos Calfaria,W01000757,Swansea 017C,Violence and sexual offences,Investigation complete; no suspect identified,
08966d17a960263b29fa46a689a7855d39f6302becbb6e2d78d9a72d5e5b7852,2024-09,South Wales Police,South Wales Police,-3.980396,51.645717,On or near Beverley Close,W01000757,Swansea 017C,Violence and sexual offences,Unable to prosecute suspect,
32862c9000f9aec70b1d0df2cff1c1c2fe723f914da0db1955a331d1cfdc8875,2024-09,South Wales Police,South Wales Police,-3.979344,51.638811,On or near Chiltern Close,W01000757,Swansea 017C,Violence and sexual offences,Unable to prosecute suspect,
0dbe8f26f7c422571e4e1cb7b4ade68588026bb455e79f779386f3a06c89deb0,2024-09,South Wales Police,South Wales Police,-3.983150,51.644897,On or near White City Road,W01000757,Swansea 017C,Violence and sexual offences,Unable to prosecute suspect,
dee48432f9422ec43c22194736fd78772095e04fb3b90b9e47cdac4a2f985c4c,2024-09,South Wales Police,South Wales Police,-3.980047,51.645327,On or near Beverley Gardens,W01000757,Swansea 017C,Violence and sexual offences,Local resolution,
778c3f0fc09d90d54819ff6f1dac6623eaf7b3009df7a9e2e6dbc5ef3fcf76d4,2024-09,South Wales Police,South Wales Police,-3.981459,51.642903,On or near Clos Madlen,W01000757,Swansea 017C,Other crime,Further investigation is not in the public interest,
,2024-09,South Wales Police,South Wales Police,-3.977003,51.631189,On or near Geiriol Gardens,W01000758,Swansea 017D,Anti-social behaviour,,
7ac72a478d3631e78f4e65306b48bf9d158caa1ab3b8f18de3a624fe43ba3a02,2024-09,South Wales Police,South Wales Police,-3.982023,51.630313,On or near Cockett Road,W01000758,Swansea 017D,Criminal damage and arson,Unable to prosecute suspect,
fc0876f387bfa46123d1d94c5bd978809adf8bb9e93c4b05d7d414a236b4e3aa,2024-09,South Wales Police,South Wales Police,-3.977003,51.631189,On or near Geiriol Gardens,W01000758,Swansea 017D,Drugs,Under investigation,
d89d52c8e947f22a5d7841fb4ce0a8a8965308ced4965541b562bc2835ae8a61,2024-09,South Wales Police,South Wales Police,-3.982023,51.630313,On or near Cockett Road,W01000758,Swansea 017D,Public order,Unable to prosecute suspect,
e19757e6d6c384796eeee99da644c34ccb4b2134570cc5fbbce0fdf9f0a53ecb,2024-09,South Wales Police,South Wales Police,-3.979146,51.636935,On or near St Peter'S Terrace,W01000758,Swansea 017D,Public order,Unable to prosecute suspect,
936b8db9c9d277c3e7a60c9b06fa33da43d82d1e910fd5bd2d33d530e2f72d18,2024-09,South Wales Police,South Wales Police,-3.983758,51.631677,On or near Alden Drive,W01000758,Swansea 017D,Vehicle crime,Unable to prosecute suspect,
e2bc861caa5262e54e0f7fca634f83081394f39308668909b57e4d6918618ae0,2024-09,South Wales Police,South Wales Police,-3.977003,51.631189,On or near Geiriol Gardens,W01000758,Swansea 017D,Violence and sexual offences,Awaiting court outcome,
741ec0e9ecddd9e617aa38de5fac510f829d3b56e448dd6f1690b829a79165bc,2024-09,South Wales Police,South Wales Police,-3.977003,51.631189,On or near Geiriol Gardens,W01000758,Swansea 017D,Violence and sexual offences,Unable to prosecute suspect,
08aa352f181d6bc7c3cd934ef716a1a99efdb06bfc921526ed5bd3ee988c3cf1,2024-09,South Wales Police,South Wales Police,-3.977003,51.631189,On or near Geiriol Gardens,W01000758,Swansea 017D,Violence and sexual offences,Unable to prosecute suspect,
2260508e633656d3f88221f618a685c6d296cacea2f0a8a4b0c6073be72b1ae2,2024-09,South Wales Police,South Wales Police,-3.979146,51.636935,On or near St Peter'S Terrace,W01000758,Swansea 017D,Violence and sexual offences,Unable to prosecute suspect,
50aa3c62ba0b77aca9373daf4ca393933dc2bfc7b3e93c56fcbd02ea1f2d14dc,2024-09,South Wales Police,South Wales Police,-4.070012,51.629513,On or near Bryn-Y-Mor,W01000772,Swansea 018A,Violence and sexual offences,Investigation complete; no suspect identified,
69e1085e1d288aedb360f6df73844874f9db117c67b94e8f83cc6f8ff8785d6b,2024-09,South Wales Police,South Wales Police,-4.066013,51.627362,On or near Chapel Road,W01000772,Swansea 018A,Violence and sexual offences,Unable to prosecute suspect,
adaecc7fc59a38cd09f61625e4781e19ecef57e27328d3cd5f96ff3c463dab8e,2024-09,South Wales Police,South Wales Police,-4.069415,51.628445,On or near Coed Lan,W01000772,Swansea 018A,Violence and sexual offences,Under investigation,
836b39e665ed12c5ea0142767502b082f76e092e80dc19384ae7890225a0f3d8,2024-09,South Wales Police,South Wales Police,-4.066013,51.627362,On or near Chapel Road,W01000772,Swansea 018A,Violence and sexual offences,Offender given a caution,
26c0930f15819eb789eb889066303deefe996bd8166080527d313c1878b6a61d,2024-09,South Wales Police,South Wales Police,-4.069415,51.628445,On or near Coed Lan,W01000772,Swansea 018A,Violence and sexual offences,Unable to prosecute suspect,
eab5fa1ab1674b582f3f48a838760c512bf0405f3856b7755e47b3e8fc770c26,2024-09,South Wales Police,South Wales Police,-4.100170,51.641126,On or near Nurses Corner,W01000829,Swansea 018C,Violence and sexual offences,Unable to prosecute suspect,
,2024-09,South Wales Police,South Wales Police,-3.966387,51.631619,On or near Gors Avenue,W01000862,Swansea 019A,Anti-social behaviour,,
,2024-09,South Wales Police,South Wales Police,-3.958228,51.630388,On or near Emlyn Gardens,W01000862,Swansea 019A,Anti-social behaviour,,
68714a77872891e3f88d39512ecb3b35ab8e6772f43645860408688dfaf23ac1,2024-09,South Wales Police,South Wales Police,-3.960130,51.631274,On or near Dewi Terrace,W01000862,Swansea 019A,Criminal damage and arson,Investigation complete; no suspect identified,
de5a13b20322d4409ab5f478226e6b0993d40931fed4824cfb92eb64255cac2d,2024-09,South Wales Police,South Wales Police,-3.965456,51.631149,On or near Elphin Gardens,W01000862,Swansea 019A,Violence and sexual offences,Under investigation,
198bfd3c2107382a62f3dd94cbe8fc77075e2aeb2d8189690feebcebb053d80b,2024-09,South Wales Police,South Wales Police,-3.964751,51.629884,On or near Gwent Road,W01000862,Swansea 019A,Violence and sexual offences,Unable to prosecute suspect,
608f6be8733b2233f4381ad790fada6d1a5c00368c9a6fc561e38f9a2610a9ec,2024-09,South Wales Police,South Wales Police,-3.964751,51.629884,On or near Gwent Road,W01000862,Swansea 019A,Violence and sexual offences,Under investigation,
982bde8b1c8a9c49f572fec19de49312738bd694fb9f87a2285fc38f7bc965ef,2024-09,South Wales Police,South Wales Police,-3.959066,51.629385,On or near Carig Gardens,W01000862,Swansea 019A,Violence and sexual offences,Under investigation,
2078171ada250d23cfb213a83c6d189323f11ad1a429cadcce2f7d7f29afea09,2024-09,South Wales Police,South Wales Police,-3.956480,51.630732,On or near Emlyn Road,W01000862,Swansea 019A,Violence and sexual offences,Unable to prosecute suspect,
,2024-09,South Wales Police,South Wales Police,-3.971274,51.631015,On or near Gomer Road,W01000863,Swansea 019B,Anti-social behaviour,,
a6f6680dae7b052e53c8b3d0662393e0997003e71899dac25e722260e2682b4f,2024-09,South Wales Police,South Wales Police,-3.978287,51.629476,On or near Elphin Crescent,W01000863,Swansea 019B,Criminal damage and arson,Investigation complete; no suspect identified,
aaa7c801bcb660bcd6262ce991d7658d57d325e01806ef0a1277b8954a58c8ac,2024-09,South Wales Police,South Wales Police,-3.972184,51.631018,On or near Elphin Road,W01000863,Swansea 019B,Criminal damage and arson,Investigation complete; no suspect identified,
47a21dfa67357ac2db825d7f04c8a2e3c1a766a9709b63c53081a2c1dcccad79,2024-09,South Wales Police,South Wales Police,-3.975577,51.629297,On or near Gwynfor Road,W01000863,Swansea 019B,Other theft,Unable to prosecute suspect,
d280a6bb6e30a58105e9c1bdf1e2d2ff2a4ca0793163a5e091b053b6ae235449,2024-09,South Wales Police,South Wales Police,-3.971274,51.631015,On or near Gomer Road,W01000863,Swansea 019B,Possession of weapons,Awaiting court outcome,
fd6a72a15cb951524fd77127ca26d62e90fa41e18f24159a28f725602b2f53c9,2024-09,South Wales Police,South Wales Police,-3.969876,51.629771,On or near Ceri Road,W01000863,Swansea 019B,Vehicle crime,Unable to prosecute suspect,
e38bfcde3bf261831eb878fefdb5bd353f36f331128d081c0197a9cf9df0fe24,2024-09,South Wales Police,South Wales Police,-3.969876,51.629771,On or near Ceri Road,W01000863,Swansea 019B,Vehicle crime,Unable to prosecute suspect,
538ed8400b5337171b6d518809367c8a8401ab2739b621cb41892a1126a7a6bd,2024-09,South Wales Police,South Wales Police,-3.969255,51.630447,On or near Gwylfa Road,W01000863,Swansea 019B,Violence and sexual offences,Awaiting court outcome,
c1143e03ccc2309965948a193ec4e87113043f62207f15691501438bb7fe02d4,2024-09,South Wales Police,South Wales Police,-3.969255,51.630447,On or near Gwylfa Road,W01000863,Swansea 019B,Violence and sexual offences,Awaiting court outcome,
09a86dd4a77782a3827dac62f90ec278162ed30f16a1716abb6813162e60cd54,2024-09,South Wales Police,South Wales Police,-3.971274,51.631015,On or near Gomer Road,W01000863,Swansea 019B,Violence and sexual offences,Unable to prosecute suspect,
9b7e623a851619bd7e473314bda3e5d943c21a5ef256493e6ea1fedb26883cf6,2024-09,South Wales Police,South Wales Police,-3.969255,51.630447,On or near Gwylfa Road,W01000863,Swansea 019B,Violence and sexual offences,Unable to prosecute suspect,
5f3a08d2c0e6d6cd6fcf7004b63745a1435a92ba8b0c060960af9d00e5b686e6,2024-09,South Wales Police,South Wales Police,-3.975577,51.629297,On or near Gwynfor Road,W01000863,Swansea 019B,Violence and sexual offences,Unable to prosecute suspect,
daf3004c80fd4741ccb25437705e0d065b9bc078cfc7909d3d58252534c80d01,2024-09,South Wales Police,South Wales Police,-3.969255,51.630447,On or near Gwylfa Road,W01000863,Swansea 019B,Violence and sexual offences,Unable to prosecute suspect,
815c75e8345481d76120bccc14ad0fdcd6b26b9036da8d222b7cf2f3ab5cc4ae,2024-09,South Wales Police,South Wales Police,-3.953553,51.630547,On or near Mayhill Gardens,W01000864,Swansea 019C,Public order,Unable to prosecute suspect,
efe3f07f9969b021f089dd302b0fe0e2257f117c9d6ab922f7d3d13f79a55d3e,2024-09,South Wales Police,South Wales Police,-3.952378,51.629101,On or near Branwen Gardens,W01000864,Swansea 019C,Violence and sexual offences,Unable to prosecute suspect,
3394ca2a18698c34b585661a6d100440b1b2dcfef5e5e8995339229e655740db,2024-09,South Wales Police,South Wales Police,-3.952378,51.629101,On or near Branwen Gardens,W01000864,Swansea 019C,Violence and sexual offences,Unable to prosecute suspect,
c6b7a8f2b9f4860e9d81e22d5609e6517c97d68c543a00889694ccfc6aba24f3,2024-09,South Wales Police,South Wales Police,-3.956181,51.631843,On or near Gwili Terrace,W01000864,Swansea 019C,Other crime,Further investigation is not in the public interest,
61c0c97393658bfd310ecce859371ac5749c8ae6b5e2d7ef681b9fb6290a6bd1,2024-09,South Wales Police,South Wales Police,-3.971847,51.628236,On or near Elwy Gardens,W01000865,Swansea 019D,Bicycle theft,Unable to prosecute suspect,
657449f9050b914107a6125bfe44f42650cd8516a1df25b9d472bdab2a37d5de,2024-09,South Wales Police,South Wales Police,-3.971847,51.628236,On or near Elwy Gardens,W01000865,Swansea 019D,Criminal damage and arson,Investigation complete; no suspect identified,
1c9b10dda92f757d39ac47142db154fdc516669040d5fcdffaea5d7fdb63327a,2024-09,South Wales Police,South Wales Police,-3.968350,51.626226,On or near Merlin Crescent,W01000865,Swansea 019D,Criminal damage and arson,Investigation complete; no suspect identified,
2edc68bd430f04776ddd08bd80aebe38bc4b869464c0a412e98c51dd6c76e034,2024-09,South Wales Police,South Wales Police,-3.968350,51.626226,On or near Merlin Crescent,W01000865,Swansea 019D,Violence and sexual offences,Unable to prosecute suspect,
c15929f8ea954b505cc5cff978721362e329ae70ec7c881402d17abe3cffdae4,2024-09,South Wales Police,South Wales Police,-3.957760,51.625900,On or near Elfed Road,W01000866,Swansea 019E,Drugs,Under investigation,
e908c5faf3aa922f6f065c5559c55a4587f8b1dde7606194f9146d78933debfe,2024-09,South Wales Police,South Wales Police,-3.961237,51.625797,On or near Glyndwr Place,W01000866,Swansea 019E,Drugs,Under investigation,
38296c7458a1b48065d07cd9ee403258c8aa5e0a6699215ddeb20e342725d0bc,2024-09,South Wales Police,South Wales Police,-3.956569,51.627098,On or near Teilo Crescent,W01000866,Swansea 019E,Drugs,Under investigation,
3f32329f51736241eff011ed3b7f78c09d7b7c5c6ca5446afb428876ccbfa3e8,2024-09,South Wales Police,South Wales Police,-3.959292,51.627482,On or near Sports/Recreation Area,W01000866,Swansea 019E,Other theft,Investigation complete; no suspect identified,
7f8e665cda37b5f9c24bde06886726e1f742a930adab07c98b60d2ac4537f211,2024-09,South Wales Police,South Wales Police,-3.957780,51.628049,On or near Pryderi Footpath,W01000866,Swansea 019E,Vehicle crime,Investigation complete; no suspect identified,
49ef771b082072fd5f0cdec53845cbec13e3be6574b0deeee2b72c9b0f4a9650,2024-09,South Wales Police,South Wales Police,-3.956255,51.628191,On or near Berw Road,W01000866,Swansea 019E,Violence and sexual offences,Unable to prosecute suspect,
e9a50a04d653afb6515aae8d39fbb0f829c70a69b08d5ee91a4ebea8fe1f6e4a,2024-09,South Wales Police,South Wales Police,-3.955703,51.626438,On or near Islwyn Road,W01000866,Swansea 019E,Violence and sexual offences,Unable to prosecute suspect,
cd3002214f5f7b64c04a6a0792ced830d1168f196e32b4cb2cb08bdad53c74ec,2024-09,South Wales Police,South Wales Police,-3.956569,51.627098,On or near Teilo Crescent,W01000866,Swansea 019E,Violence and sexual offences,Unable to prosecute suspect,
594879207a345c09ad8c4f17c00f260581f39d4279c3f756931e6921e3844965,2024-09,South Wales Police,South Wales Police,-3.956255,51.628191,On or near Berw Road,W01000866,Swansea 019E,Violence and sexual offences,Unable to prosecute suspect,
4a772f318224e72dc5954caa6db2e052ca3c80116b50dc4a0d087eec77005fd2,2024-09,South Wales Police,South Wales Police,-3.954369,51.628025,On or near Cadwaladr Circle,W01000866,Swansea 019E,Violence and sexual offences,Unable to prosecute suspect,
109cfcd065e1a2ae4b5a1cad221a6dddaaf533018774513beafae9d9ceb38951,2024-09,South Wales Police,South Wales Police,-3.957914,51.627129,On or near Eigen Crescent,W01000866,Swansea 019E,Violence and sexual offences,Under investigation,
8e9a6e26b2b3d12577b9d860ab7d4acb4598f7b9aa115b95665edef39ac6e3c7,2024-09,South Wales Police,South Wales Police,-3.955703,51.626438,On or near Islwyn Road,W01000866,Swansea 019E,Other crime,Awaiting court outcome,
f2df5e1b49ad0f92a0459d186479554090a9c05b76a22d3f994179cb5cbb1aa1,2024-09,South Wales Police,South Wales Police,-3.964543,51.624051,On or near Ceiriog Road,W01000867,Swansea 019F,Other theft,Unable to prosecute suspect,
0b884f494eeac090f2b7e8a5b24a317fde09b7215e6b3db517a9a8a2798cea32,2024-09,South Wales Police,South Wales Police,-3.964543,51.624051,On or near Ceiriog Road,W01000867,Swansea 019F,Public order,Under investigation,
4e18a9c104d6fd595ded06072a5cdf705fdc18da7e451472e7e713a31470edec,2024-09,South Wales Police,South Wales Police,-3.965157,51.627908,On or near Paradise View,W01000867,Swansea 019F,Public order,Under investigation,
7e4cac840eaf1d90de5c320800864558c59de074ea23621d48f2fb0e6feab46e,2024-09,South Wales Police,South Wales Police,-3.965731,51.626514,On or near Sports/Recreation Area,W01000867,Swansea 019F,Violence and sexual offences,Unable to prosecute suspect,
239d271087c48e42d92a9e9c0a3e5d0d439ab1c2a398d48c2d23ac27f600d017,2024-09,South Wales Police,South Wales Police,-3.962139,51.627607,On or near Clos Morgannwg,W01000867,Swansea 019F,Violence and sexual offences,Unable to prosecute suspect,
369cf1b06861f2991fd0eae65cfda3d7e5c69de5ddb482e5c56085f2b2b9e9e4,2024-09,South Wales Police,South Wales Police,-3.961741,51.625744,On or near Cadfan Road,W01000867,Swansea 019F,Violence and sexual offences,Awaiting court outcome,
64baf66190bc95e0b011fcc17a6fc01c10887cddf6d47b3ee88a41b1509a13e2,2024-09,South Wales Police,South Wales Police,-3.964543,51.624051,On or near Ceiriog Road,W01000867,Swansea 019F,Violence and sexual offences,Unable to prosecute suspect,
4e9a401e6b37480821d7a2b5ab71be7735ce1dc6f610f0115c0da538b5e34090,2024-09,South Wales Police,South Wales Police,-3.964543,51.624051,On or near Ceiriog Road,W01000867,Swansea 019F,Violence and sexual offences,Under investigation,
,2024-09,South Wales Police,South Wales Police,-3.912611,51.622472,On or near Tymawr Street,W01000849,Swansea 021A,Anti-social behaviour,,
9365f4a581823a9ee62132ffbdcbf080fb41268463fe60d1b9b20803dd6ab50b,2024-09,South Wales Police,South Wales Police,-3.906048,51.623064,On or near Ruston Road,W01000849,Swansea 021A,Criminal damage and arson,Unable to prosecute suspect,
9bcf4333ac54daee82c6a0e05cc08e989570905c3705ff2c4e4231a4db493779,2024-09,South Wales Police,South Wales Police,-3.903415,51.624375,On or near Gelli Grafog,W01000849,Swansea 021A,Criminal damage and arson,Investigation complete; no suspect identified,
6f340943db336bfa0a6dbe44ed8586ebdac74e479a91239a354cc83f0962f53a,2024-09,South Wales Police,South Wales Police,-3.910848,51.623849,On or near Grafog Street,W01000849,Swansea 021A,Drugs,Awaiting court outcome,
12abc2bb5ea05ae67381015c7e62014ca0c06630920924e1891c5895279f01dd,2024-09,South Wales Police,South Wales Police,-3.899775,51.624415,On or near Sports/Recreation Area,W01000849,Swansea 021A,Other theft,Investigation complete; no suspect identified,
f6ed28a936622bc68f547c89dca45584da5bcbf6524710cde0b94fff043c7010,2024-09,South Wales Police,South Wales Police,-3.903415,51.624375,On or near Gelli Grafog,W01000849,Swansea 021A,Public order,Unable to prosecute suspect,
36d87e8c81a4b35fbd9abf71406171c527f946deca3d961df5ad6345f35f7335,2024-09,South Wales Police,South Wales Police,-3.908364,51.621111,On or near Bevans Row,W01000849,Swansea 021A,Public order,Unable to prosecute suspect,
9f81da1c427fdb1c5758f81401229a970dbb18542b030c091b550ae852aa6f9e,2024-09,South Wales Police,South Wales Police,-3.911629,51.622497,On or near Gelli Street,W01000849,Swansea 021A,Violence and sexual offences,Unable to prosecute suspect,
64e641288014159d59f7e42c5aae5117dc7265566710ad3df02b8333557175c7,2024-09,South Wales Police,South Wales Police,-3.911629,51.622497,On or near Gelli Street,W01000849,Swansea 021A,Violence and sexual offences,Unable to prosecute suspect,
4ecf879cc44db2cad6d4b5983f6611eb18faf81f3681e9b86f833a49f479ef55,2024-09,South Wales Police,South Wales Police,-3.906048,51.623064,On or near Ruston Road,W01000849,Swansea 021A,Violence and sexual offences,Unable to prosecute suspect,
f51492fc39c96aabc20a2209e6d36c674623d4eaa482abde9654e7497eda7c57,2024-09,South Wales Police,South Wales Police,-3.910848,51.623849,On or near Grafog Street,W01000849,Swansea 021A,Violence and sexual offences,Investigation complete; no suspect identified,
43261fa37a0ac8eb9fdf691ef4127b4f454e8569c876aeec0d4c2e0cb30ec080,2024-09,South Wales Police,South Wales Police,-3.924428,51.624527,On or near Wallace Road,W01000851,Swansea 021C,Criminal damage and arson,Investigation complete; no suspect identified,
25cb08d12ac53488ed9db8d470a39df35f0deb0b0b78b81477d8948b0e6f4d78,2024-09,South Wales Police,South Wales Police,-3.933149,51.627126,On or near St Elmo Avenue,W01000851,Swansea 021C,Criminal damage and arson,Unable to prosecute suspect,
85965b2a50433813afe4092e0fe8b4f89653501cc878a060f880c4e9c3936277,2024-09,South Wales Police,South Wales Police,-3.932291,51.630054,On or near Foxhole Road,W01000851,Swansea 021C,Criminal damage and arson,Unable to prosecute suspect,
b132f1cbfbf875c5b0c91477ae39db4ebad687f1107def9a74056e4f62cb19e4,2024-09,South Wales Police,South Wales Police,-3.924428,51.624527,On or near Wallace Road,W01000851,Swansea 021C,Violence and sexual offences,Unable to prosecute suspect,
,2024-09,South Wales Police,South Wales Police,-3.924452,51.622692,On or near Lee Street,W01000852,Swansea 021D,Anti-social behaviour,,
,2024-09,South Wales Police,South Wales Police,-3.915512,51.622425,On or near Jersey Terrace,W01000852,Swansea 021D,Anti-social behaviour,,
a0a0d9b7c5bd59d47d0eb71e25612a3e78b7b3929c93ceb43d71fe507fba3857,2024-09,South Wales Police,South Wales Police,-3.913011,51.620658,On or near Petrol Station,W01000852,Swansea 021D,Public order,Investigation complete; no suspect identified,
c5beb1d2b14c20c3bbac9892f3eab72bb40d42ed7e4958095d5a4220c6d06eb3,2024-09,South Wales Police,South Wales Police,-3.924452,51.622692,On or near Lee Street,W01000852,Swansea 021D,Public order,Further investigation is not in the public interest,
ae2cf9c729e94b02af503517176b0fd03c135797db98e80d6a4b5316bd061e4b,2024-09,South Wales Police,South Wales Police,-3.924452,51.622692,On or near Lee Street,W01000852,Swansea 021D,Public order,Unable to prosecute suspect,
429f32f5b54a1aaed8d5df38d49598545ebdfddb66bd7e325701e05c25ae4c85,2024-09,South Wales Police,South Wales Police,-3.924452,51.622692,On or near Lee Street,W01000852,Swansea 021D,Shoplifting,Under investigation,
cb2783e791ba1d9bc89dbb80a4625ca702f01468dda9f2a97ad2244971a8a388,2024-09,South Wales Police,South Wales Police,-3.924452,51.622692,On or near Lee Street,W01000852,Swansea 021D,Shoplifting,Awaiting court outcome,
a7e3d0cc11aae1dda58efef618c6aa3f8238ad0a0353a8d58e4cf8e595fb5b0e,2024-09,South Wales Police,South Wales Police,-3.924452,51.622692,On or near Lee Street,W01000852,Swansea 021D,Shoplifting,Awaiting court outcome,
c1da01c0ab0615952dee6b5cc2a433233ead60aa8fae839deb273fd938c02661,2024-09,South Wales Police,South Wales Police,-3.924452,51.622692,On or near Lee Street,W01000852,Swansea 021D,Shoplifting,Under investigation,
fb6ecb6c8d577463e57299479446e3d9380652affeb777598c4d2c5543ee1c5b,2024-09,South Wales Police,South Wales Police,-3.924452,51.622692,On or near Lee Street,W01000852,Swansea 021D,Shoplifting,Investigation complete; no suspect identified,
7090a6a068066a1ac33549ae0bcfbb83f804718e8874c20baf34a82a3390b791,2024-09,South Wales Police,South Wales Police,-3.924452,51.622692,On or near Lee Street,W01000852,Swansea 021D,Shoplifting,Unable to prosecute suspect,
95db0562331b610017e9eb3d3e71163e580c05922299b7e13231fa8fcec87a18,2024-09,South Wales Police,South Wales Police,-3.924452,51.622692,On or near Lee Street,W01000852,Swansea 021D,Shoplifting,Investigation complete; no suspect identified,
1547a7e1bb6d3f34f952610d54009a7c5bc71e945ab528ecacfe7d1b1bed347b,2024-09,South Wales Police,South Wales Police,-3.924452,51.622692,On or near Lee Street,W01000852,Swansea 021D,Shoplifting,Investigation complete; no suspect identified,
f19930c4b9d91ea0afd3b180fdad653412cec27ac9bdc4763550dc347efd38ef,2024-09,South Wales Police,South Wales Police,-3.924452,51.622692,On or near Lee Street,W01000852,Swansea 021D,Shoplifting,Investigation complete; no suspect identified,
d165c6233db3b1a6e5911cdce1c42e68dbadf26e8f6cae6c7bd106cdd344bd56,2024-09,South Wales Police,South Wales Police,-3.924452,51.622692,On or near Lee Street,W01000852,Swansea 021D,Shoplifting,Awaiting court outcome,
0fe64a99d5004a317a3c7aa99becd5e5d72d4d883513676337d541c527735601,2024-09,South Wales Police,South Wales Police,-3.924452,51.622692,On or near Lee Street,W01000852,Swansea 021D,Shoplifting,Investigation complete; no suspect identified,
d8289976d4baa5336143308dee09c05e8c415e7ce2089d7aa9b87b898844279a,2024-09,South Wales Police,South Wales Police,-3.924452,51.622692,On or near Lee Street,W01000852,Swansea 021D,Shoplifting,Investigation complete; no suspect identified,
d5a2c9218099f468c08de1f97bb56fa8f6b0dfd3758064f1fc519ecd09feadb5,2024-09,South Wales Police,South Wales Police,-3.924452,51.622692,On or near Lee Street,W01000852,Swansea 021D,Shoplifting,Investigation complete; no suspect identified,
abda914c3e0b41b668a5aacc95d53cdaad29794215cb64f8205ef50dc7026daa,2024-09,South Wales Police,South Wales Police,-3.924452,51.622692,On or near Lee Street,W01000852,Swansea 021D,Shoplifting,Investigation complete; no suspect identified,
61670f7bbc1315878170862df5f0b8bcaa0cbccb506779e31446b34171ecd7a4,2024-09,South Wales Police,South Wales Police,-3.924452,51.622692,On or near Lee Street,W01000852,Swansea 021D,Shoplifting,Investigation complete; no suspect identified,
7435f4c13c41842359fc06bfbbe2f1e6ea136c2fcf5cb486e422960d6091e46d,2024-09,South Wales Police,South Wales Police,-3.924452,51.622692,On or near Lee Street,W01000852,Swansea 021D,Shoplifting,Unable to prosecute suspect,
ab59e69c62b1bf6bf7f53412ea0a8e2341f50be2e5366c7d31f9ebb0147aa345,2024-09,South Wales Police,South Wales Police,-3.924452,51.622692,On or near Lee Street,W01000852,Swansea 021D,Shoplifting,Awaiting court outcome,
03eefb96df1713dadd30f4a6c7ba67f1939b0768ac19174cdbada1d48d548652,2024-09,South Wales Police,South Wales Police,-3.913011,51.620658,On or near Petrol Station,W01000852,Swansea 021D,Vehicle crime,Investigation complete; no suspect identified,
13e57919b63351a0939db0f1573b3b2d7bf6cb2cbcc6ecc3decdcccccc9702f3,2024-09,South Wales Police,South Wales Police,-3.913011,51.620658,On or near Petrol Station,W01000852,Swansea 021D,Vehicle crime,Local resolution,
1c729ad282c0a7d3a258b2aca11a86ae6fa9611e78a10d5451e1d00f669d79f4,2024-09,South Wales Police,South Wales Police,-3.913011,51.620658,On or near Petrol Station,W01000852,Swansea 021D,Vehicle crime,Investigation complete; no suspect identified,
b54b8a90581e238e20cf2181970347ae9144bb323a66d025b7fd2d4bf1fef359,2024-09,South Wales Police,South Wales Police,-3.926329,51.624046,On or near Grenfell Park Road,W01000852,Swansea 021D,Violence and sexual offences,Unable to prosecute suspect,
85eacb565af2bfb849e8d571ae63142e5fb1133bb13a886ff81c962d78b27e38,2024-09,South Wales Police,South Wales Police,-3.922659,51.622667,On or near Osterley Street,W01000852,Swansea 021D,Violence and sexual offences,Local resolution,
aa429ce4352dbbda2813636fc937374726f74d29c156bbb7eac232f755a793be,2024-09,South Wales Police,South Wales Police,-3.922659,51.622667,On or near Osterley Street,W01000852,Swansea 021D,Other crime,Under investigation,
27b174728d46ac42a9523e011381f1ebf7766f33933b2b9b7e3a9a47c10ffe25,2024-09,South Wales Police,South Wales Police,-3.930328,51.622595,On or near Balaclava Street,W01001995,Swansea 021E,Criminal damage and arson,Investigation complete; no suspect identified,
1ac7015121795177bfb9afa3e969e3e619bb8ac5e5a616ab6124c52256cca2eb,2024-09,South Wales Police,South Wales Police,-3.932778,51.622133,On or near Parking Area,W01001995,Swansea 021E,Criminal damage and arson,Investigation complete; no suspect identified,
fdc7f4aa88885619a9acb0d8f0541bb4264ad812596f8b08a46474e1fcdb0c97,2024-09,South Wales Police,South Wales Police,-3.928621,51.622210,On or near Lewis Street,W01001995,Swansea 021E,Public order,Awaiting court outcome,
49ce76e5bcd24896b51f1a013963cee2014e8b30b05fa4cd03206f0ca50c2641,2024-09,South Wales Police,South Wales Police,-3.933359,51.622537,On or near Thomas Street,W01001995,Swansea 021E,Public order,Unable to prosecute suspect,
9b54517de668a28d6b92290c760b3e7d9feb7dc277b64ed4abc3866cdf7900aa,2024-09,South Wales Police,South Wales Police,-3.927726,51.622225,On or near Maes Street,W01001995,Swansea 021E,Vehicle crime,Investigation complete; no suspect identified,
ab127deafd02ed4d17032cac5c69c6a73253edef0cc7887aafeabf7713a6a688,2024-09,South Wales Police,South Wales Police,-3.933359,51.622537,On or near Thomas Street,W01001995,Swansea 021E,Vehicle crime,Investigation complete; no suspect identified,
a60c4e160dd28efc6152781018cc7de4a9d576cd142ca7bc4d73bc0c0e1150ad,2024-09,South Wales Police,South Wales Police,-3.933359,51.622537,On or near Thomas Street,W01001995,Swansea 021E,Violence and sexual offences,Under investigation,
8dbd552d4397c7428a93c7e26f2317a4e7775b251fb4662d4ed949c226cdeb6c,2024-09,South Wales Police,South Wales Police,-3.929459,51.622547,On or near Sebastopol Street,W01001995,Swansea 021E,Violence and sexual offences,Under investigation,
0d365301b256d00c248129ed060afcb715fa9f4f1462e594f057de327e8975e2,2024-09,South Wales Police,South Wales Police,-3.932778,51.622133,On or near Parking Area,W01001995,Swansea 021E,Violence and sexual offences,Investigation complete; no suspect identified,
4e3ed2f4ac2227eb6caaafe1c572dbb59e167edae0c37d882fa35fc2bb57a0c3,2024-09,South Wales Police,South Wales Police,-3.932173,51.623860,On or near Morris Lane,W01001995,Swansea 021E,Violence and sexual offences,Further investigation is not in the public interest,
,2024-09,South Wales Police,South Wales Police,-3.930364,51.618683,On or near Heol Y Brenin,W01001996,Swansea 021F,Anti-social behaviour,,
,2024-09,South Wales Police,South Wales Police,-3.924816,51.620726,On or near Lamberts Road,W01001996,Swansea 021F,Anti-social behaviour,,
,2024-09,South Wales Police,South Wales Police,-3.919894,51.620483,On or near Quayside Court,W01001996,Swansea 021F,Anti-social behaviour,,
,2024-09,South Wales Police,South Wales Police,-3.929866,51.620238,On or near Parking Area,W01001996,Swansea 021F,Anti-social behaviour,,
d33549d35ed6760de1da8684e05fd7d440a172f311a8930541954b4a9c695261,2024-09,South Wales Police,South Wales Police,-3.929866,51.620238,On or near Parking Area,W01001996,Swansea 021F,Criminal damage and arson,Investigation complete; no suspect identified,
f2b6603273aef10f50f64c130abef55656e9a2a5bfd3803c08e4fc4bc58928b4,2024-09,South Wales Police,South Wales Police,-3.921638,51.622100,On or near Port Tennant Road,W01001996,Swansea 021F,Shoplifting,Investigation complete; no suspect identified,
2cc4db707749d5dc2572ff5f78de94c5d74db79d6c4d37ef6adca0174c1dd8d0,2024-09,South Wales Police,South Wales Police,-3.921992,51.620556,On or near Starling Street,W01001996,Swansea 021F,Vehicle crime,Investigation complete; no suspect identified,
22e84a8e6c50ca2b5b3ea9f242bf9fa2b9c2b24ccaeb63eb1c8d6e68ba8061ec,2024-09,South Wales Police,South Wales Police,-3.929866,51.620238,On or near Parking Area,W01001996,Swansea 021F,Violence and sexual offences,Unable to prosecute suspect,
5581aaa6ca690b9bec5a9652c7a48fd9237b63a4b1deaba53ce12b3fdafc108c,2024-09,South Wales Police,South Wales Police,-3.924816,51.620726,On or near Lamberts Road,W01001996,Swansea 021F,Violence and sexual offences,Unable to prosecute suspect,
6c2743604dc2e170e28842babdef75e84849d4b0e3d6d9a4c089e717f549af3c,2024-09,South Wales Police,South Wales Police,-3.921638,51.622100,On or near Port Tennant Road,W01001996,Swansea 021F,Violence and sexual offences,Unable to prosecute suspect,
c54b05c6149a733da190acbbf1138001a1a300c16d48e860a61e028af1dcfe93,2024-09,South Wales Police,South Wales Police,-3.927215,51.617323,On or near Heol Ynys,W01001996,Swansea 021F,Violence and sexual offences,Under investigation,
451a6c0736e48b62ce180eb7b95c1582392434b54250c23d19190161fa33b3d1,2024-09,South Wales Police,South Wales Police,-3.920089,51.619958,On or near Emily Court,W01001996,Swansea 021F,Violence and sexual offences,Unable to prosecute suspect,
c88e6830131f471d87659a43a19aa71033a21dcfad88591f5bc55b2a2a8a9604,2024-09,South Wales Police,South Wales Police,-3.919566,51.622286,On or near Monton Terrace,W01001996,Swansea 021F,Violence and sexual offences,Under investigation,
cb2f692191f81aa06de751bba9f3290ba08d93fe3c0dbf6377b28834ab08e54b,2024-09,South Wales Police,South Wales Police,-3.989988,51.626104,On or near Awel Y Mor,W01000853,Swansea 022A,Other theft,Investigation complete; no suspect identified,
fb2d0f2fb0e3c51cdfb30ade783dc1be10c24546974235f9116f0c3b5573faf4,2024-09,South Wales Police,South Wales Police,-3.983757,51.622379,On or near Further/Higher Educational Building,W01000853,Swansea 022A,Public order,Under investigation,
02491e8862cf52d49fdd40a2452029b49d60a0c40b5874eae04be2ae3ddf662e,2024-09,South Wales Police,South Wales Police,-3.985837,51.630311,On or near Waunarlwydd Road,W01000853,Swansea 022A,Public order,Investigation complete; no suspect identified,
8a9807ce6cd13ad6372b86871995886d063ac7e293406641fe65239f021e40dc,2024-09,South Wales Police,South Wales Police,-3.995461,51.622423,On or near Harlech Crescent,W01000853,Swansea 022A,Vehicle crime,Investigation complete; no suspect identified,
e1065b7bfd899adcdce7af6fd1b1329e63042682144c3cfda3b4628754530555,2024-09,South Wales Police,South Wales Police,-3.996660,51.621773,On or near St Donat'S Avenue,W01000853,Swansea 022A,Violence and sexual offences,Investigation complete; no suspect identified,
971d9e734765549a0989574e550303498fd2e63842c228f8059dace6363aada6,2024-09,South Wales Police,South Wales Police,-3.989988,51.626104,On or near Awel Y Mor,W01000853,Swansea 022A,Violence and sexual offences,Unable to prosecute suspect,
1293ec4f2543bf5c75f42a739b3adc59a1b9c8c4a1acfa61d78ceaf403528c44,2024-09,South Wales Police,South Wales Police,-3.989988,51.626104,On or near Awel Y Mor,W01000853,Swansea 022A,Violence and sexual offences,Unable to prosecute suspect,
1d62b3b9eee6e4c1b177eafb27b510dce427699dde5802b95d6035c8842e8767,2024-09,South Wales Police,South Wales Police,-3.989988,51.626104,On or near Awel Y Mor,W01000853,Swansea 022A,Violence and sexual offences,Unable to prosecute suspect,
216e8e9bea471c823e00429c14ba60efeae9ceb0dded02a7c98163f3ec8e60e3,2024-09,South Wales Police,South Wales Police,-3.992106,51.626959,On or near Maes Y Gruffydd Road,W01000853,Swansea 022A,Violence and sexual offences,Investigation complete; no suspect identified,
e539846c2370235782fd4f2c97ebfc716cfdf76730f0d540be230c83a5f36e6d,2024-09,South Wales Police,South Wales Police,-3.993925,51.628573,On or near Bryn Derwen,W01000854,Swansea 022B,Violence and sexual offences,Unable to prosecute suspect,
2673eb7049dd6473f0365d9b36369bd6ff29ec583bbd9ec448827f1e4f31b6f9,2024-09,South Wales Police,South Wales Police,-3.998648,51.618340,On or near Laburnham Place,W01000855,Swansea 022C,Other theft,Unable to prosecute suspect,
,2024-09,South Wales Police,South Wales Police,-4.001980,51.619543,On or near Jasmine Close,W01000856,Swansea 022D,Anti-social behaviour,,
,2024-09,South Wales Police,South Wales Police,-4.001980,51.619543,On or near Jasmine Close,W01000856,Swansea 022D,Anti-social behaviour,,
,2024-09,South Wales Police,South Wales Police,-4.001980,51.619543,On or near Jasmine Close,W01000856,Swansea 022D,Anti-social behaviour,,
3d136b48819f953a7d7e53cf6d7dbd1434943051506290fc76772ba2d0f47312,2024-09,South Wales Police,South Wales Police,-4.000364,51.616639,On or near Parking Area,W01000856,Swansea 022D,Public order,Unable to prosecute suspect,
4d265705ad7435ed61455c3bc4114cd07891a09172f56b4ca5f7fdc1189ecc95,2024-09,South Wales Police,South Wales Police,-4.004637,51.615271,On or near Oak Ridge,W01000856,Swansea 022D,Public order,Investigation complete; no suspect identified,
81e6eb9486adaab0465171cdd10121dc033d539ab0fcbbbdfba76a29ea3be2e8,2024-09,South Wales Police,South Wales Police,-3.999328,51.618707,On or near Clyne Court,W01000856,Swansea 022D,Violence and sexual offences,Unable to prosecute suspect,
51e9c0f31901fe5ec8f10c56ad4d7502442b83a26654e4856ff6369fdc7f5e68,2024-09,South Wales Police,South Wales Police,-4.000782,51.618583,On or near Park Way,W01000856,Swansea 022D,Violence and sexual offences,Under investigation,
2b5852325fab5beaadcd7a4c6abfd650c04249c5321daba6729a182b3430714f,2024-09,South Wales Police,South Wales Police,-4.000782,51.618583,On or near Park Way,W01000856,Swansea 022D,Violence and sexual offences,Under investigation,
3c3c55f95ef7ef4fd227de144eefc467b4679dbaae1b72f1236fff9870b35ee8,2024-09,South Wales Police,South Wales Police,-4.001980,51.619543,On or near Jasmine Close,W01000856,Swansea 022D,Violence and sexual offences,Unable to prosecute suspect,
ffba137a6c3e2f1f1bbb242abcdd1819a488c8334f67ace6108697600adeb123,2024-09,South Wales Police,South Wales Police,-4.004637,51.615271,On or near Oak Ridge,W01000856,Swansea 022D,Violence and sexual offences,Under investigation,
ed231a58a4e0fc83d0798b95b9fc1a53f131df8cd49b28cac91074ec43d2c61c,2024-09,South Wales Police,South Wales Police,-4.001980,51.619543,On or near Jasmine Close,W01000856,Swansea 022D,Violence and sexual offences,Unable to prosecute suspect,
85c9ae2f2d9ec9819ff2eb718a511695cb0a03e1f254ec78fa7530c038dc7c34,2024-09,South Wales Police,South Wales Police,-4.000364,51.616639,On or near Parking Area,W01000856,Swansea 022D,Violence and sexual offences,Investigation complete; no suspect identified,
01a65cde86972416483ab2c390cd4d3a1020c215085c595155c367f7ea1ef843,2024-09,South Wales Police,South Wales Police,-3.999328,51.618707,On or near Clyne Court,W01000856,Swansea 022D,Violence and sexual offences,Awaiting court outcome,
416b6035ee6584f6aee56514b2891b4187f630a2c3f1ba538927ab38509f3730,2024-09,South Wales Police,South Wales Police,-4.000782,51.618583,On or near Park Way,W01000856,Swansea 022D,Violence and sexual offences,Under investigation,
,2024-09,South Wales Police,South Wales Police,-3.992599,51.619414,On or near Clos Glan-Yr-Afon,W01000857,Swansea 022E,Anti-social behaviour,,
,2024-09,South Wales Police,South Wales Police,-3.987007,51.621703,On or near Tycoch Road,W01000857,Swansea 022E,Anti-social behaviour,,
4dded5c6f856e2c3abee5263950e62678db2214cb12400a442738f604faf7938,2024-09,South Wales Police,South Wales Police,-3.993803,51.621184,On or near Glan Yr Afon Road,W01000857,Swansea 022E,Burglary,Investigation complete; no suspect identified,
ac8d28a206d7b25fd2806d1597ec64647ee4f28f7980e3f40eada2b40b28d07e,2024-09,South Wales Police,South Wales Police,-3.998155,51.616667,On or near Bay Tree Avenue,W01000857,Swansea 022E,Criminal damage and arson,Under investigation,
0da32b9f9bdf0137916e844465bf84e7698742904aad36e55672cc34a821abf2,2024-09,South Wales Police,South Wales Police,-3.997131,51.617350,On or near Laurel Place,W01000857,Swansea 022E,Public order,Unable to prosecute suspect,
c436b3572eecf919193e8f02f526f3c340efb59800fb4fcd461b064b21bad700,2024-09,South Wales Police,South Wales Police,-3.998155,51.616667,On or near Bay Tree Avenue,W01000857,Swansea 022E,Violence and sexual offences,Unable to prosecute suspect,
83eab681b7d7ce797997c772ec79ba4d14108b04ddf84bd99212ad4bf4853601,2024-09,South Wales Police,South Wales Police,-3.996307,51.618012,On or near Furzeland Drive,W01000857,Swansea 022E,Violence and sexual offences,Investigation complete; no suspect identified,
2bca23f87c9e583424a3a5b2d0ae0ef800cf43f0f6f3ae25a12740f71e4ac20e,2024-09,South Wales Police,South Wales Police,-3.996481,51.618674,On or near Whitethorn Place,W01000857,Swansea 022E,Violence and sexual offences,Unable to prosecute suspect,
44df8cec52feee1a84bda017e1cd1c2971babb4aadf0e5cf573f5a413a85305c,2024-09,South Wales Police,South Wales Police,-3.994433,51.620076,On or near Sylvan Way,W01000857,Swansea 022E,Violence and sexual offences,Unable to prosecute suspect,
4d6b8d792a045d4d808379209323384c26bbf77a9465b676e8520544809c601f,2024-09,South Wales Police,South Wales Police,-3.992599,51.619414,On or near Clos Glan-Yr-Afon,W01000857,Swansea 022E,Violence and sexual offences,Investigation complete; no suspect identified,
91881ed3298d8162a5466857240165a68808674310fb60d649e1b5ae56d06fb6,2024-09,South Wales Police,South Wales Police,-3.988482,51.620411,On or near Eastbourne Grove,W01000857,Swansea 022E,Other crime,Under investigation,
,2024-09,South Wales Police,South Wales Police,-3.952849,51.618869,On or near George Street,W01000747,Swansea 024A,Anti-social behaviour,,
,2024-09,South Wales Police,South Wales Police,-3.954727,51.620213,On or near Humphrey Street,W01000747,Swansea 024A,Anti-social behaviour,,
,2024-09,South Wales Police,South Wales Police,-3.953613,51.618505,On or near Henrietta Street,W01000747,Swansea 024A,Anti-social behaviour,,
2d7e9789d08f29a6c18b858b48d1ad44919a477e56907e84cddea3eae3ea192f,2024-09,South Wales Police,South Wales Police,-3.955871,51.618944,On or near Duke Street,W01000747,Swansea 024A,Burglary,Under investigation,
19db0c261841e92c24f5da6dcd7f4acb7b8a43edb7ce857a99283ca5c730e259,2024-09,South Wales Police,South Wales Police,-3.954727,51.620213,On or near Humphrey Street,W01000747,Swansea 024A,Public order,Unable to prosecute suspect,
f202181a0b9f7edb851d10326935f8445e7d80f853d2edddd3ed935d7a4d91d4,2024-09,South Wales Police,South Wales Police,-3.954727,51.620213,On or near Humphrey Street,W01000747,Swansea 024A,Public order,Unable to prosecute suspect,
71b5b0b751f6c2dec8799cead8c685343672881d1b6e101fd46f07922e31aa14,2024-09,South Wales Police,South Wales Police,-3.954727,51.620213,On or near Humphrey Street,W01000747,Swansea 024A,Shoplifting,Unable to prosecute suspect,
44a02a3cfb6655dfafc8870ae758de98a286f7ab586c3284506db5901995978a,2024-09,South Wales Police,South Wales Police,-3.954727,51.620213,On or near Humphrey Street,W01000747,Swansea 024A,Shoplifting,Further investigation is not in the public interest,
188f4e5c6dab9648ecfe8ae5b7c03fb053d72c4113d20f491979dd94d1e7073e,2024-09,South Wales Police,South Wales Police,-3.954727,51.620213,On or near Humphrey Street,W01000747,Swansea 024A,Shoplifting,Awaiting court outcome,
e057618bbff386c060daf90f1824631528d3cd8d50f65bf181d796dff0bef255,2024-09,South Wales Police,South Wales Police,-3.954727,51.620213,On or near Humphrey Street,W01000747,Swansea 024A,Shoplifting,Awaiting court outcome,
e140a97421ad4f8288da19c8bbb5df4d5128a93c943adcbc37cde86f5a49a050,2024-09,South Wales Police,South Wales Police,-3.954727,51.620213,On or near Humphrey Street,W01000747,Swansea 024A,Violence and sexual offences,Under investigation,
acbecaaf951753aa6136b2b854493719a87d17c07ac455e4bda8f7967e14656f,2024-09,South Wales Police,South Wales Police,-3.953470,51.622231,On or near Chaddesley Terrace,W01000747,Swansea 024A,Violence and sexual offences,Unable to prosecute suspect,
5b12a7a85be6b5da90cf1433c42af5173389e30636cbbee38462abda70e1e8cd,2024-09,South Wales Police,South Wales Police,-3.952849,51.618869,On or near George Street,W01000747,Swansea 024A,Violence and sexual offences,Unable to prosecute suspect,
6f1db2a0ef026e129fdd9a584ffde29caee47def11adfa7765089efbea955216,2024-09,South Wales Police,South Wales Police,-3.953621,51.623388,On or near Norfolk Street,W01000747,Swansea 024A,Violence and sexual offences,Under investigation,
b87e30ea3b56953a8d568a1c987e192fa2ee02c39e6fb1a35b5d41727be73f3e,2024-09,South Wales Police,South Wales Police,-3.978197,51.623084,On or near Lon Cadog,W01000868,Swansea 024B,Public order,Unable to prosecute suspect,
,2024-09,South Wales Police,South Wales Police,-3.960441,51.619399,On or near St James'S Crescent,W01000869,Swansea 024C,Anti-social behaviour,,
,2024-09,South Wales Police,South Wales Police,-3.959599,51.622317,On or near Rhianfa Gardens,W01000869,Swansea 024C,Anti-social behaviour,,
99db873b2b55c0cecc2a09c73da7e76535231d245a548da9c4b807c5f522a86d,2024-09,South Wales Police,South Wales Police,-3.965165,51.619050,On or near Mirador Crescent,W01000869,Swansea 024C,Criminal damage and arson,Investigation complete; no suspect identified,
8c6962fed72c2decfa024f26982cc97eace5a997562dd19cc1a84d793b9329bd,2024-09,South Wales Police,South Wales Police,-3.966085,51.618944,On or near Uplands Terrace,W01000869,Swansea 024C,Other theft,Investigation complete; no suspect identified,
5f598c9223ebb45231bf95461254b8f03831e4f914c2536b0b39f2260b6006c0,2024-09,South Wales Police,South Wales Police,-3.958016,51.622443,On or near Penmaen Terrace,W01000869,Swansea 024C,Other theft,Investigation complete; no suspect identified,
d3cdb0a964086eca08eb2950c36b508765d3aff558118aa6fa13b010a44e9e9f,2024-09,South Wales Police,South Wales Police,-3.958016,51.622443,On or near Penmaen Terrace,W01000869,Swansea 024C,Public order,Unable to prosecute suspect,
1bf2be80af1fdb9a5ffe8cb2250356bda17b8d08870aafa3178e65478ddda3aa,2024-09,South Wales Police,South Wales Police,-3.958016,51.622443,On or near Penmaen Terrace,W01000869,Swansea 024C,Vehicle crime,Unable to prosecute suspect,
1cb174b2b3ad2c3878aca4f1da83295eb1e083c194d862efdf7186392b0fe5a9,2024-09,South Wales Police,South Wales Police,-3.960441,51.619399,On or near St James'S Crescent,W01000869,Swansea 024C,Violence and sexual offences,Investigation complete; no suspect identified,
70fd3cbc487d591dfa6a426b559a0c08a394c779bc2612a54e3bc583e5b9a928,2024-09,South Wales Police,South Wales Police,-3.959599,51.622317,On or near Rhianfa Gardens,W01000869,Swansea 024C,Violence and sexual offences,Unable to prosecute suspect,
60683c12cee4ce998ed0596bc2d42a04fbe492ee4ed5fb38b17458c9e36dc9b4,2024-09,South Wales Police,South Wales Police,-3.965901,51.620377,On or near Clevedon Court,W01000869,Swansea 024C,Violence and sexual offences,Awaiting court outcome,
c80f2de9d7204c2badbcdf725891c81b63e9a195bdc72d38a3d9d1030468833f,2024-09,South Wales Police,South Wales Police,-3.965901,51.620377,On or near Clevedon Court,W01000869,Swansea 024C,Violence and sexual offences,Awaiting court outcome,
6b63e049b554d08306cb12ae83857a6aaa1c0b75679158c77f65e43b6363d56e,2024-09,South Wales Police,South Wales Police,-3.962277,51.619089,On or near Belgrave Lane,W01000869,Swansea 024C,Violence and sexual offences,Investigation complete; no suspect identified,
,2024-09,South Wales Police,South Wales Police,-3.968110,51.619342,On or near Glanmor Lane,W01000870,Swansea 024D,Anti-social behaviour,,
,2024-09,South Wales Police,South Wales Police,-3.968110,51.619342,On or near Glanmor Lane,W01000870,Swansea 024D,Anti-social behaviour,,
cbd328d174d50ef08d568d0512c047d2706a6735120734935e9db0c1796be982,2024-09,South Wales Police,South Wales Police,-3.968110,51.619342,On or near Glanmor Lane,W01000870,Swansea 024D,Public order,Investigation complete; no suspect identified,
f938d54ab1cd0dac378fb14edaf36c99df9d4bccda04eef323ad0dc8d3fe937e,2024-09,South Wales Police,South Wales Police,-3.968110,51.619342,On or near Glanmor Lane,W01000870,Swansea 024D,Violence and sexual offences,Investigation complete; no suspect identified,
24c74f8c688b15ca0b1bb2f035ecc09291ae91e0a9170513b4038e2945cec18d,2024-09,South Wales Police,South Wales Police,-3.971744,51.619875,On or near Victoria Street,W01000870,Swansea 024D,Violence and sexual offences,Investigation complete; no suspect identified,
,2024-09,South Wales Police,South Wales Police,-3.967343,51.619319,On or near The Grove,W01000874,Swansea 024F,Anti-social behaviour,,
7cb59bbcae979f6069c3358105fac12ef55b8899eb1d7ba5a84116548f6f8a9f,2024-09,South Wales Police,South Wales Police,-3.966689,51.617882,On or near Gwydr Square,W01000874,Swansea 024F,Burglary,Awaiting court outcome,
3ac36162f944b81bcded2c5f4d270ea2082f76c695004947dc4c09827203a651,2024-09,South Wales Police,South Wales Police,-3.966244,51.617962,On or near Nightclub,W01000874,Swansea 024F,Criminal damage and arson,Unable to prosecute suspect,
cdd4a14b331edb8c5443dfdb1e1d8456941e162a201d39c8aa7d2bfb06a1d594,2024-09,South Wales Police,South Wales Police,-3.966689,51.617882,On or near Gwydr Square,W01000874,Swansea 024F,Drugs,Further investigation is not in the public interest,
22fcea69ce1c3fce0d340c230a2746010b6a33193aab161b18792ebb02d79eaa,2024-09,South Wales Police,South Wales Police,-3.970787,51.617112,On or near Beechwood Road,W01000874,Swansea 024F,Drugs,Local resolution,
197e54dd97081500449de3f3652d5022547cf3546b5c1f74c3a27ea0dedd97ec,2024-09,South Wales Police,South Wales Police,-3.966244,51.617962,On or near Nightclub,W01000874,Swansea 024F,Drugs,Awaiting court outcome,
58ae7cf7d2e3638e355fd5f816af67612c3c62b2b5cf8ed2a4c30db55c3a06cb,2024-09,South Wales Police,South Wales Police,-3.971471,51.616246,On or near Glanbrydan Avenue,W01000874,Swansea 024F,Other theft,Investigation complete; no suspect identified,
21ddcf79529900e32e47469aea525c0cc932b969298dfd28daede452234562b6,2024-09,South Wales Police,South Wales Police,-3.966244,51.617962,On or near Nightclub,W01000874,Swansea 024F,Possession of weapons,Awaiting court outcome,
1d80016fb06e8583b751129f343dc5283f13f81c602635c531791cd93941df86,2024-09,South Wales Police,South Wales Police,-3.975250,51.617451,On or near Llythrid Avenue,W01000874,Swansea 024F,Public order,Investigation complete; no suspect identified,
c14d3f3804ce78535012fd502b1e152a989636ef017021514d1cc65132284771,2024-09,South Wales Police,South Wales Police,-3.966244,51.617962,On or near Nightclub,W01000874,Swansea 024F,Shoplifting,Under investigation,
73ba01b029998497838d7906324f4a1161272c2c2784453a1dc58f413c8a58d9,2024-09,South Wales Police,South Wales Police,-3.966689,51.617882,On or near Gwydr Square,W01000874,Swansea 024F,Shoplifting,Unable to prosecute suspect,
38b747f0661c8f0c3bb0e44473d0909ea214ce64e92e10e6be6405360968bcdd,2024-09,South Wales Police,South Wales Police,-3.966244,51.617962,On or near Nightclub,W01000874,Swansea 024F,Shoplifting,Under investigation,
d916ce8d18cd74e0500b8a11b42b2b07fc06e60745c905d860f86193e60b5d1a,2024-09,South Wales Police,South Wales Police,-3.966689,51.617882,On or near Gwydr Square,W01000874,Swansea 024F,Shoplifting,Unable to prosecute suspect,
f00ef5d8e744932f6ebaa55c84bae9104bbcf9bf32d4c3997c22f94bb96c9392,2024-09,South Wales Police,South Wales Police,-3.966244,51.617962,On or near Nightclub,W01000874,Swansea 024F,Shoplifting,Awaiting court outcome,
e06bd25e8b1951af74523a98bf5e089ec812b444275f20fc001ff5e40aab0333,2024-09,South Wales Police,South Wales Police,-3.966244,51.617962,On or near Nightclub,W01000874,Swansea 024F,Theft from the person,Investigation complete; no suspect identified,
4c13fd307212e053bbd2bcd3754834d90f51d41ca9bfe6e7889b99b35739bb7a,2024-09,South Wales Police,South Wales Police,-3.966689,51.617882,On or near Gwydr Square,W01000874,Swansea 024F,Violence and sexual offences,Under investigation,
b4e1345942855b5b112ca9d6f4a4fa3d31045dfa51b86281722c1d12a060c713,2024-09,South Wales Police,South Wales Police,-3.966244,51.617962,On or near Nightclub,W01000874,Swansea 024F,Violence and sexual offences,Investigation complete; no suspect identified,
25221dcb8834c04d8943438bacdacfede942ba17e4b8582a35b3adcd56e1ba5e,2024-09,South Wales Police,South Wales Police,-3.975250,51.617451,On or near Llythrid Avenue,W01000874,Swansea 024F,Violence and sexual offences,Under investigation,
05877b7bbc69856443c99eb9fae91404722428be296798b91f8668d266a35c70,2024-09,South Wales Police,South Wales Police,-3.970988,51.617091,On or near Pantygwydr Road,W01000874,Swansea 024F,Violence and sexual offences,Under investigation,
06c9a2b35546e553169f91bbaed72e2ec6615e7ecccb9c8b7616529f65d81310,2024-09,South Wales Police,South Wales Police,-3.966689,51.617882,On or near Gwydr Square,W01000874,Swansea 024F,Violence and sexual offences,Under investigation,
a18ce3847ee57eb6276f27a74f9d94166aaf128d9fd513809d5e45757a6453e9,2024-09,South Wales Police,South Wales Police,-3.975250,51.617451,On or near Llythrid Avenue,W01000874,Swansea 024F,Violence and sexual offences,Investigation complete; no suspect identified,
80e264cb4752b18e7385110966f7073d63337ab1bec7a2f161e80a52ea1d272e,2024-09,South Wales Police,South Wales Police,-3.966689,51.617882,On or near Gwydr Square,W01000874,Swansea 024F,Violence and sexual offences,Investigation complete; no suspect identified,
5ecfcdb99cf0553d1b70fe6196e765825d028c9c3106a405a11e36dfb9bab3c0,2024-09,South Wales Police,South Wales Police,-3.967340,51.616918,On or near Gwydr Crescent,W01000874,Swansea 024F,Violence and sexual offences,Investigation complete; no suspect identified,
,2024-09,South Wales Police,South Wales Police,-3.949942,51.618800,On or near Nightclub,W01000745,Swansea 025B,Anti-social behaviour,,
,2024-09,South Wales Police,South Wales Police,-3.952139,51.617127,On or near Richardson Street,W01000745,Swansea 025B,Anti-social behaviour,,
34a26a61508cb6a62db86b12f574a0a4a82585ecdbe6afe43feaa31f9d1385cb,2024-09,South Wales Police,South Wales Police,-3.948073,51.620774,On or near Nightclub,W01000745,Swansea 025B,Criminal damage and arson,Unable to prosecute suspect,
2c8a052a1152fce2dde1ddf592ac1ac01defd8248fa73450ee251656ca9ceb7e,2024-09,South Wales Police,South Wales Police,-3.946194,51.622684,On or near Mount Pleasant Drive,W01000745,Swansea 025B,Criminal damage and arson,Awaiting court outcome,
809bbb848548ad140d045ee5453d980259e89b5e0d3330b53264c468258d6c2b,2024-09,South Wales Police,South Wales Police,-3.952139,51.617127,On or near Richardson Street,W01000745,Swansea 025B,Criminal damage and arson,Investigation complete; no suspect identified,
6544db3128422e69cd160f0f821ec2a446ab4acbe5e320e59b1800cd90d3d75c,2024-09,South Wales Police,South Wales Police,-3.946194,51.622684,On or near Mount Pleasant Drive,W01000745,Swansea 025B,Criminal damage and arson,Under investigation,
bb71906463327cb6c04a97b2468da242def0103c420297f3df91dcc95800d0be,2024-09,South Wales Police,South Wales Police,-3.946194,51.622684,On or near Mount Pleasant Drive,W01000745,Swansea 025B,Criminal damage and arson,Awaiting court outcome,
a34d5f908e6f5626149746516421029f24d7f36e026f264291b14aaa8f940c0c,2024-09,South Wales Police,South Wales Police,-3.946194,51.622684,On or near Mount Pleasant Drive,W01000745,Swansea 025B,Drugs,Awaiting court outcome,
2fd5d4ac099e21adca4e080af95059d883d562ef52ccc4350e417ab6d8cf227c,2024-09,South Wales Police,South Wales Police,-3.946194,51.622684,On or near Mount Pleasant Drive,W01000745,Swansea 025B,Drugs,Unable to prosecute suspect,
7687665b48ab4240f39fb2fd12084d6067786b09e5e46f6add1a25e1eb69344c,2024-09,South Wales Police,South Wales Police,-3.946194,51.622684,On or near Mount Pleasant Drive,W01000745,Swansea 025B,Drugs,Under investigation,
67f0abee5cd996f833b475996bb066902b0d1be7591411291ec6c03db3c1c3d0,2024-09,South Wales Police,South Wales Police,-3.946194,51.622684,On or near Mount Pleasant Drive,W01000745,Swansea 025B,Drugs,Awaiting court outcome,
57aa318d1981ef7e196212c5b9afb431c85ba3951676046beeff75f468b28686,2024-09,South Wales Police,South Wales Police,-3.946194,51.622684,On or near Mount Pleasant Drive,W01000745,Swansea 025B,Drugs,Awaiting court outcome,
debcf66b9bdc3f1177d4e0f6c2da283e1f8f119114fe7ad5a77108771eed1d50,2024-09,South Wales Police,South Wales Police,-3.946194,51.622684,On or near Mount Pleasant Drive,W01000745,Swansea 025B,Drugs,Offender given a caution,
954addc68a11e79b38e3a879b5dec59091aa4e22ceb93a5b763a8050fa41e363,2024-09,South Wales Police,South Wales Police,-3.952879,51.616197,On or near Spring Terrace,W01000745,Swansea 025B,Drugs,Awaiting court outcome,
2102ac2eb25555d68b2cc48785691dd5449ffb5bf3749f1af40274378bdff6f4,2024-09,South Wales Police,South Wales Police,-3.953611,51.620475,On or near Vaughan Thomas Lane,W01000745,Swansea 025B,Drugs,Local resolution,
20548dafb3f5483bb92ddb7a2cf8359144a280053ed45cdee7b6b08486ec7e40,2024-09,South Wales Police,South Wales Police,-3.946194,51.622684,On or near Mount Pleasant Drive,W01000745,Swansea 025B,Drugs,Offender given a caution,
193ea185981305dc7d8a00cf7a28165b6a28e8dfcc1665f1e3301c7ae5a43613,2024-09,South Wales Police,South Wales Police,-3.946194,51.622684,On or near Mount Pleasant Drive,W01000745,Swansea 025B,Drugs,Awaiting court outcome,
283ca4f2effc6fed674e80cc42eaf1ab9118b1a0f84755492e01246694d3aef6,2024-09,South Wales Police,South Wales Police,-3.947503,51.622222,On or near Willows Place,W01000745,Swansea 025B,Other theft,Under investigation,
65a8f21a6f48bc1dd8c9d057a6984337506a7d63144793234ce1d6c4c4bd6274,2024-09,South Wales Police,South Wales Police,-3.947461,51.621224,On or near Cradock Street,W01000745,Swansea 025B,Other theft,Under investigation,
65237c66866ea7601693cadcfa8d2e72d2adf880ba34cb48e85f32445c452997,2024-09,South Wales Police,South Wales Police,-3.945500,51.620313,On or near Park Street,W01000745,Swansea 025B,Other theft,Unable to prosecute suspect,
185322754d23455579fb6e34792d5cbf2fcbea635cda44826e8f3ceef46f07b9,2024-09,South Wales Police,South Wales Police,-3.945650,51.620094,On or near Parking Area,W01000745,Swansea 025B,Other theft,Unable to prosecute suspect,
c4d8d84e5c38f978936ccddb7428ddf59e032f8c1218e943d4c77bbee0e1df0f,2024-09,South Wales Police,South Wales Police,-3.947257,51.619843,On or near Parking Area,W01000745,Swansea 025B,Other theft,Investigation complete; no suspect identified,
ca91d08b0ca6403fef6990210b5cc38818319c83d793a23e5076e9a892ee4d09,2024-09,South Wales Police,South Wales Police,-3.950300,51.621078,On or near Verandah Street,W01000745,Swansea 025B,Other theft,Investigation complete; no suspect identified,
0e1f598b1bed21104542ebc26bb0004deeaeb695613583dd18200b4f306ab787,2024-09,South Wales Police,South Wales Police,-3.950461,51.621453,On or near Carlton Terrace,W01000745,Swansea 025B,Other theft,Unable to prosecute suspect,
d8e1bf8ce504571cd2ec08860b663708405c1fba8c891b3a13b282ba697c5abd,2024-09,South Wales Police,South Wales Police,-3.946194,51.622684,On or near Mount Pleasant Drive,W01000745,Swansea 025B,Public order,Awaiting court outcome,
6d124f750124194302e107b04ab06d714fd9f53ae0d698019031eae37007822b,2024-09,South Wales Police,South Wales Police,-3.945650,51.620094,On or near Parking Area,W01000745,Swansea 025B,Public order,Investigation complete; no suspect identified,
7f8255c4ca76d46d3502d1fdcc1e8597768632a2e4f54407dd8d6bb7d9e2f35b,2024-09,South Wales Police,South Wales Police,-3.947503,51.622222,On or near Willows Place,W01000745,Swansea 025B,Public order,Investigation complete; no suspect identified,
c500d3e5ab925a3cfdb20d39567524c6c8645ea2819c741665e177c0a8f97583,2024-09,South Wales Police,South Wales Police,-3.946194,51.622684,On or near Mount Pleasant Drive,W01000745,Swansea 025B,Public order,Awaiting court outcome,
2f9db56dd929ddd326e555838afc1341ffa1a9b83be828bfebe4adfe61038ac6,2024-09,South Wales Police,South Wales Police,-3.945650,51.620094,On or near Parking Area,W01000745,Swansea 025B,Public order,Unable to prosecute suspect,
decdee5fc34e6ef7f1c01b7d79de29c64772049ce06a66e23da7723d9d715886,2024-09,South Wales Police,South Wales Police,-3.945650,51.620094,On or near Parking Area,W01000745,Swansea 025B,Public order,Unable to prosecute suspect,
50f71120035b3e5cf87328782bf74ccf7a1e1cddb16b2c3f60c914c32991f461,2024-09,South Wales Police,South Wales Police,-3.953130,51.618010,On or near B4290,W01000745,Swansea 025B,Public order,Unable to prosecute suspect,
cf3929d9f096e12f1c9431082fc18c3368212e37736fe9b10856cf434efe991c,2024-09,South Wales Police,South Wales Police,-3.949942,51.618800,On or near Nightclub,W01000745,Swansea 025B,Public order,Investigation complete; no suspect identified,
e4350896562e3392c952ce499df12bd3885b390a3ddc6d365c86f2b50c7e4d4c,2024-09,South Wales Police,South Wales Police,-3.949942,51.618800,On or near Nightclub,W01000745,Swansea 025B,Public order,Investigation complete; no suspect identified,
624db63560e4220fa826acd8b4ea90fa72b7bdfca26ebad025856848ad49b314,2024-09,South Wales Police,South Wales Police,-3.953130,51.618010,On or near B4290,W01000745,Swansea 025B,Shoplifting,Investigation complete; no suspect identified,
9ea999422d882eed8a783d4a196d397321a922aef75c48d6ebe8900ee35f5c9f,2024-09,South Wales Police,South Wales Police,-3.949942,51.618800,On or near Nightclub,W01000745,Swansea 025B,Shoplifting,Investigation complete; no suspect identified,
a12b5c66e21a063bc0802b6f94e3846c58409f1c7fb25727c29346db9f4bcd14,2024-09,South Wales Police,South Wales Police,-3.953130,51.618010,On or near B4290,W01000745,Swansea 025B,Shoplifting,Investigation complete; no suspect identified,
b2084b23d5bdb0e2ee6db58e81d353bb24ae5a726e302ae5f4beddf50a71aacd,2024-09,South Wales Police,South Wales Police,-3.947503,51.622222,On or near Willows Place,W01000745,Swansea 025B,Shoplifting,Under investigation,
0a169cf0cd535357f58eaa8d4cb5b91151e382691ab80b7a4ce0cf1a8579b3e7,2024-09,South Wales Police,South Wales Police,-3.953130,51.618010,On or near B4290,W01000745,Swansea 025B,Shoplifting,Investigation complete; no suspect identified,
6ef54ad2c9aaa81875c0a20896be3874ce6161a1300e85977098d370c92abfaa,2024-09,South Wales Police,South Wales Police,-3.947503,51.622222,On or near Willows Place,W01000745,Swansea 025B,Shoplifting,Investigation complete; no suspect identified,
053b01eaa0ab7d6ac583d7f42bfd84e55fe0192957b854f5ebcaff7ad9f38f87,2024-09,South Wales Police,South Wales Police,-3.949942,51.618800,On or near Nightclub,W01000745,Swansea 025B,Shoplifting,Investigation complete; no suspect identified,
05f3ddb34245f333f187d6b0b69a8485942facd478296b9468e692fb4622895c,2024-09,South Wales Police,South Wales Police,-3.945650,51.620094,On or near Parking Area,W01000745,Swansea 025B,Shoplifting,Investigation complete; no suspect identified,
6920e706aef567eedbce6665710e003298b37d838e9bc0d69895c145f477b1cc,2024-09,South Wales Police,South Wales Police,-3.947257,51.619843,On or near Parking Area,W01000745,Swansea 025B,Shoplifting,Unable to prosecute suspect,
5979d9ac1b97790ea1cea425b8895b7bae82276a496bcd03729941dfef481cb8,2024-09,South Wales Police,South Wales Police,-3.950461,51.621453,On or near Carlton Terrace,W01000745,Swansea 025B,Theft from the person,Investigation complete; no suspect identified,
79dc20f460bb9984d032fa72228f5ada6bf421a3b22055dd2a7eeaa103967e3d,2024-09,South Wales Police,South Wales Police,-3.952879,51.616197,On or near Spring Terrace,W01000745,Swansea 025B,Vehicle crime,Investigation complete; no suspect identified,
9a1a7108ecd5923236eac57ebc4dbd9bd9feb3779134d6004df5b7caa0d1b459,2024-09,South Wales Police,South Wales Police,-3.949624,51.620811,On or near Mansel Street,W01000745,Swansea 025B,Vehicle crime,Awaiting court outcome,
9fa6ad6ac487ff0f898ca1ca4bf3ea1b162eb8001ce17dee4e10901e0808452f,2024-09,South Wales Police,South Wales Police,-3.945500,51.620313,On or near Park Street,W01000745,Swansea 025B,Vehicle crime,Investigation complete; no suspect identified,
f7fdf7cced6fd879483cc2510873fb9986f6d1d1e07478d275b442dc93486881,2024-09,South Wales Police,South Wales Police,-3.947503,51.622222,On or near Willows Place,W01000745,Swansea 025B,Vehicle crime,Investigation complete; no suspect identified,
b9ecb142459dd92b9829bd05a3cd91d83f47b0988b5fe56e8672c60f35b7156a,2024-09,South Wales Police,South Wales Police,-3.945500,51.620313,On or near Park Street,W01000745,Swansea 025B,Vehicle crime,Investigation complete; no suspect identified,
2665918f0d2cfa41022ba9e5714847c347c2b5afcab8d17aac8860ae87a83487,2024-09,South Wales Police,South Wales Police,-3.952879,51.616197,On or near Spring Terrace,W01000745,Swansea 025B,Violence and sexual offences,Under investigation,
0bc5b567d6fac0fa62514384f493a74a44030682994f6b1503c662960e2af6c2,2024-09,South Wales Police,South Wales Police,-3.950461,51.621453,On or near Carlton Terrace,W01000745,Swansea 025B,Violence and sexual offences,Unable to prosecute suspect,
845d0196d66461b764e78d39fe8ef933709a63633f950b686c5c2c6f7ec26941,2024-09,South Wales Police,South Wales Police,-3.950658,51.618303,On or near Stryd Rhydychen,W01000745,Swansea 025B,Violence and sexual offences,Unable to prosecute suspect,
72c91c0567dda8f1947adecb37e3689aead4fcc98afc1e9d4fc41d55724bbd91,2024-09,South Wales Police,South Wales Police,-3.946194,51.622684,On or near Mount Pleasant Drive,W01000745,Swansea 025B,Violence and sexual offences,Investigation complete; no suspect identified,
3facfdce15c2964f45bb76afb5d2277e0bbdb3efc1397d187d46b165cdd46ad4,2024-09,South Wales Police,South Wales Police,-3.949942,51.618800,On or near Nightclub,W01000745,Swansea 025B,Violence and sexual offences,Unable to prosecute suspect,
845d75fc01a38af570e77093eda204c53804084ecd3166c62b1dbf47553b8441,2024-09,South Wales Police,South Wales Police,-3.953611,51.620475,On or near Vaughan Thomas Lane,W01000745,Swansea 025B,Violence and sexual offences,Unable to prosecute suspect,
c7a99df72c85f89cd97d10b9776e109d531211c0ebe58a2eda1a0b5a6ea5e537,2024-09,South Wales Police,South Wales Police,-3.946194,51.622684,On or near Mount Pleasant Drive,W01000745,Swansea 025B,Violence and sexual offences,Awaiting court outcome,
7774eec99e94ce23605e3f4c1291a391c57b4006d449842c6ea121f0a96edddb,2024-09,South Wales Police,South Wales Police,-3.948664,51.619631,On or near Picton Lane,W01000745,Swansea 025B,Violence and sexual offences,Unable to prosecute suspect,
6dde7d311598868e67e463693e25176e87a3e755dbd4acb8caae446d6a804839,2024-09,South Wales Police,South Wales Police,-3.948664,51.619631,On or near Picton Lane,W01000745,Swansea 025B,Violence and sexual offences,Unable to prosecute suspect,
54c870df5d52b2ff01af5976460f6cc9d6a31a56d8c3af73c17280e32d3fcb8c,2024-09,South Wales Police,South Wales Police,-3.946194,51.622684,On or near Mount Pleasant Drive,W01000745,Swansea 025B,Violence and sexual offences,Unable to prosecute suspect,
85aa6c8203247498b31a109ff4e479fe6c2c4b79493616c319547d67c9194f59,2024-09,South Wales Police,South Wales Police,-3.948073,51.620774,On or near Nightclub,W01000745,Swansea 025B,Violence and sexual offences,Investigation complete; no suspect identified,
abc529958ddfc11f69dffb1fdfd54a6feab0d5a7267738066b639446861930c5,2024-09,South Wales Police,South Wales Police,-3.946194,51.622684,On or near Mount Pleasant Drive,W01000745,Swansea 025B,Violence and sexual offences,Unable to prosecute suspect,
4d303be95f43bc0d95344b030e51776b0a4f89e8b10f83cfbbc7ef911171a737,2024-09,South Wales Police,South Wales Police,-3.946194,51.622684,On or near Mount Pleasant Drive,W01000745,Swansea 025B,Violence and sexual offences,Under investigation,
34d83c91f11b90a3c2bc63dbe4a9b2d65c2b3a722d42f1c02be24d724c47fd27,2024-09,South Wales Police,South Wales Police,-3.947461,51.621224,On or near Cradock Street,W01000745,Swansea 025B,Violence and sexual offences,Unable to prosecute suspect,
d226e005b1f14455c224619e93a5129fda2068b287ed971e76d5fd41fde321d2,2024-09,South Wales Police,South Wales Police,-3.947503,51.622222,On or near Willows Place,W01000745,Swansea 025B,Violence and sexual offences,Investigation complete; no suspect identified,
c49ccac7d9097e3c0431a8cfde7e02c9f2e4b94b1bf52cbd35de3eb0fd186d0a,2024-09,South Wales Police,South Wales Police,-3.946194,51.622684,On or near Mount Pleasant Drive,W01000745,Swansea 025B,Violence and sexual offences,Under investigation,
adf9b9b9910b37aa72d1eea8898b861243251864754a3fa633af9e674631a662,2024-09,South Wales Police,South Wales Police,-3.949256,51.620313,On or near Northampton Lane,W01000745,Swansea 025B,Violence and sexual offences,Unable to prosecute suspect,
c60e3c7fa7975ee1c8ab016821d702b641c4a6f415729831a4a4dc73f741a534,2024-09,South Wales Police,South Wales Police,-3.952139,51.617127,On or near Richardson Street,W01000745,Swansea 025B,Violence and sexual offences,Unable to prosecute suspect,
789147466491ed0ba76e7c8215d354b17c1663eb9100112dd00e374808013c4c,2024-09,South Wales Police,South Wales Police,-3.952139,51.617127,On or near Richardson Street,W01000745,Swansea 025B,Violence and sexual offences,Under investigation,
196da784c787071252e09d8319f00abcd13c46e5805007df965c80ce0f512365,2024-09,South Wales Police,South Wales Police,-3.950461,51.621453,On or near Carlton Terrace,W01000745,Swansea 025B,Violence and sexual offences,Unable to prosecute suspect,
3bd0a949676e6f5285d68e4fa83ab04869057c09f96dc8da26f997c597121b83,2024-09,South Wales Police,South Wales Police,-3.953130,51.618010,On or near B4290,W01000745,Swansea 025B,Violence and sexual offences,Under investigation,
a1629bf6c37c74c40d7edb9c4f69cfb07116a22172037d660e103f8f13d3c06f,2024-09,South Wales Police,South Wales Police,-3.946194,51.622684,On or near Mount Pleasant Drive,W01000745,Swansea 025B,Violence and sexual offences,Awaiting court outcome,
d614990d5e93cad712c23b80a4caecf9c211bc0144255439c2b2d0bfe58dcf56,2024-09,South Wales Police,South Wales Police,-3.946194,51.622684,On or near Mount Pleasant Drive,W01000745,Swansea 025B,Violence and sexual offences,Unable to prosecute suspect,
8d29b01dbe42618bfe3926646cbd4a204d33b887f24683f915c0ad0537047fe9,2024-09,South Wales Police,South Wales Police,-3.948664,51.619631,On or near Picton Lane,W01000745,Swansea 025B,Violence and sexual offences,Investigation complete; no suspect identified,
4924e7fd04e3faf35b7f68caf49a68c234ccf497e207fa6328225273a2da93c4,2024-09,South Wales Police,South Wales Police,-3.951425,51.619675,On or near Page Street,W01000745,Swansea 025B,Violence and sexual offences,Unable to prosecute suspect,
0275bd1efe7ef61ddf930e1188abf92522e075560f46721a2bb5db730c56a36a,2024-09,South Wales Police,South Wales Police,-3.946194,51.622684,On or near Mount Pleasant Drive,W01000745,Swansea 025B,Violence and sexual offences,Unable to prosecute suspect,
b7a8ca8f5c5602c686d083c2d9f800fcad2caaffd38da9a205b1045d036f062f,2024-09,South Wales Police,South Wales Police,-3.947503,51.622222,On or near Willows Place,W01000745,Swansea 025B,Violence and sexual offences,Unable to prosecute suspect,
e6542b26cb8b0561a5d5ac5294c7db34702f5f0a69056f7054aaffcc8ae04d95,2024-09,South Wales Police,South Wales Police,-3.950658,51.618303,On or near Stryd Rhydychen,W01000745,Swansea 025B,Violence and sexual offences,Under investigation,
7786757adfd2b4319c05c506b533dd3f13eff271d4100ffc500b256c3dab79a9,2024-09,South Wales Police,South Wales Police,-3.946194,51.622684,On or near Mount Pleasant Drive,W01000745,Swansea 025B,Violence and sexual offences,Unable to prosecute suspect,
6d890e623062f925fd8e3bdc96cca4ae7dde6f732b988903c1526425d0256d39,2024-09,South Wales Police,South Wales Police,-3.946194,51.622684,On or near Mount Pleasant Drive,W01000745,Swansea 025B,Violence and sexual offences,Unable to prosecute suspect,
7dfebd9e5683fa7c484603171456f9d7c5b4cf1c6226da4cee75182231dac10d,2024-09,South Wales Police,South Wales Police,-3.946194,51.622684,On or near Mount Pleasant Drive,W01000745,Swansea 025B,Violence and sexual offences,Unable to prosecute suspect,
2ddab90a44c80d0cd74cce0580a160b50f6eb22f16f4da6791f6704e6ce01663,2024-09,South Wales Police,South Wales Police,-3.953130,51.618010,On or near B4290,W01000745,Swansea 025B,Violence and sexual offences,Under investigation,
535cb7cade142877cad11480e92ca7ac8fb3c63f4ce3a781a86c655253fdbad5,2024-09,South Wales Police,South Wales Police,-3.947461,51.621224,On or near Cradock Street,W01000745,Swansea 025B,Violence and sexual offences,Unable to prosecute suspect,
4c5bcbeb8431eb929a6c4d8200a9f0d4c978efa6c7a1cae2583b09a7d8b2ede1,2024-09,South Wales Police,South Wales Police,-3.948073,51.620774,On or near Nightclub,W01000745,Swansea 025B,Violence and sexual offences,Unable to prosecute suspect,
1cafc5a9654545303783854539bde3c6893d16faca341d7622ec72c4959de17c,2024-09,South Wales Police,South Wales Police,-3.948073,51.620774,On or near Nightclub,W01000745,Swansea 025B,Violence and sexual offences,Investigation complete; no suspect identified,
36a2d970212c54abd1754feee7dc42e4de7fe57b63fad28192a03e763c3bd5d2,2024-09,South Wales Police,South Wales Police,-3.946194,51.622684,On or near Mount Pleasant Drive,W01000745,Swansea 025B,Violence and sexual offences,Under investigation,
90f1b8d586a31a9e94d17fee27b3ca21883a49eb988324179cd63ecb8ee9efdb,2024-09,South Wales Police,South Wales Police,-3.950658,51.618303,On or near Stryd Rhydychen,W01000745,Swansea 025B,Violence and sexual offences,Unable to prosecute suspect,
4725e6080925ad38f124d46384442cc1c0083831c3dadfea39cf1a608b11935d,2024-09,South Wales Police,South Wales Police,-3.945500,51.620313,On or near Park Street,W01000745,Swansea 025B,Violence and sexual offences,Under investigation,
5ed936d3a8263bb817f83ae3768101df4b7941fbf0413839cbd08e475e256afc,2024-09,South Wales Police,South Wales Police,-3.946194,51.622684,On or near Mount Pleasant Drive,W01000745,Swansea 025B,Violence and sexual offences,Awaiting court outcome,
edb14f9d0ddd20d38012d3a8749dd39894c9e76816c17a66921cce70e0d33ef9,2024-09,South Wales Police,South Wales Police,-3.946194,51.622684,On or near Mount Pleasant Drive,W01000745,Swansea 025B,Other crime,Awaiting court outcome,
fbe4e34b7a57700637282454f9dd2fc22f3c28f38db6bc59029d241fa38a6915,2024-09,South Wales Police,South Wales Police,-3.949942,51.618800,On or near Nightclub,W01000745,Swansea 025B,Other crime,Unable to prosecute suspect,
e6249e9ea06771f1a05035a796173b89a8889a2cd077eb13edc98e75c7a29b22,2024-09,South Wales Police,South Wales Police,-3.946194,51.622684,On or near Mount Pleasant Drive,W01000745,Swansea 025B,Other crime,Awaiting court outcome,
fa07ebc71a1494a6dd6d1273bce70b9f81e87d5e0f55514fb5521f22820416be,2024-09,South Wales Police,South Wales Police,-3.950658,51.618303,On or near Stryd Rhydychen,W01000745,Swansea 025B,Other crime,Unable to prosecute suspect,
0ecce5ad6dda7b423faab7f6f8eb28a30f146ea792383f5f4c99c8cd347cc99b,2024-09,South Wales Police,South Wales Police,-3.949443,51.624672,On or near Further/Higher Educational Building,W01000746,Swansea 025C,Burglary,Further investigation is not in the public interest,
b3896c562870375f7dc5c9495c0d70c8d262716835300346dba4bc238012e153,2024-09,South Wales Police,South Wales Police,-3.945536,51.623504,On or near Clifton Hill,W01000746,Swansea 025C,Criminal damage and arson,Under investigation,
89dadfbfdb41efd05aacc6e1247878a22d5be5b563124079249031f033663e6d,2024-09,South Wales Police,South Wales Police,-3.952447,51.626339,On or near Nicander Place,W01000746,Swansea 025C,Public order,Under investigation,
73f4bb94923a9712b36bd34f9c2a875908a758d7340590b64474b028b3ff76cd,2024-09,South Wales Police,South Wales Police,-3.945536,51.623504,On or near Clifton Hill,W01000746,Swansea 025C,Public order,Investigation complete; no suspect identified,
b413a49fccbc5a535abc66410b425d71f94a0d00d4a1121215e465e3d2f92fff,2024-09,South Wales Police,South Wales Police,-3.945927,51.625224,On or near Short Street,W01000746,Swansea 025C,Vehicle crime,Awaiting court outcome,
b1a031142fe2665cfbd723fd12ef5420de70071afa7590c7e0c4d7726ea1db90,2024-09,South Wales Police,South Wales Police,-3.949443,51.624672,On or near Further/Higher Educational Building,W01000746,Swansea 025C,Vehicle crime,Unable to prosecute suspect,
782967e7ca0f76c6197273c2ad08e3b3e7371f55211b0a0df12afd3ef6294e31,2024-09,South Wales Police,South Wales Police,-3.951769,51.627699,On or near Creidiol Road,W01000746,Swansea 025C,Violence and sexual offences,Under investigation,
1a75d3b54da70823389b7aae4b34ac15884ea4beadcac0e956b92af381da0673,2024-09,South Wales Police,South Wales Police,-3.950520,51.625526,On or near Brynsifi Way,W01000746,Swansea 025C,Violence and sexual offences,Unable to prosecute suspect,
,2024-09,South Wales Police,South Wales Police,-3.942445,51.619806,On or near Caer Street,W01001955,Swansea 025F,Anti-social behaviour,,
,2024-09,South Wales Police,South Wales Police,-3.940360,51.618347,On or near York Street,W01001955,Swansea 025F,Anti-social behaviour,,
,2024-09,South Wales Police,South Wales Police,-3.944575,51.621983,On or near Belle Vue Way,W01001955,Swansea 025F,Anti-social behaviour,,
,2024-09,South Wales Police,South Wales Police,-3.943265,51.625466,On or near New Orchard Street,W01001955,Swansea 025F,Anti-social behaviour,,
,2024-09,South Wales Police,South Wales Police,-3.942426,51.627153,On or near Matthew Street,W01001955,Swansea 025F,Anti-social behaviour,,
,2024-09,South Wales Police,South Wales Police,-3.941031,51.627626,On or near Bethesda Street,W01001955,Swansea 025F,Anti-social behaviour,,
,2024-09,South Wales Police,South Wales Police,-3.941252,51.619942,On or near Castle Square,W01001955,Swansea 025F,Anti-social behaviour,,
,2024-09,South Wales Police,South Wales Police,-3.941399,51.623051,On or near Kings Lane,W01001955,Swansea 025F,Anti-social behaviour,,
,2024-09,South Wales Police,South Wales Police,-3.941252,51.619942,On or near Castle Square,W01001955,Swansea 025F,Anti-social behaviour,,
,2024-09,South Wales Police,South Wales Police,-3.940796,51.619770,On or near Nightclub,W01001955,Swansea 025F,Anti-social behaviour,,
,2024-09,South Wales Police,South Wales Police,-3.941761,51.628827,On or near Greenhill Street,W01001955,Swansea 025F,Anti-social behaviour,,
,2024-09,South Wales Police,South Wales Police,-3.940752,51.623125,On or near Strand,W01001955,Swansea 025F,Anti-social behaviour,,
,2024-09,South Wales Police,South Wales Police,-3.941360,51.625534,On or near Stryd Fawr,W01001955,Swansea 025F,Anti-social behaviour,,
,2024-09,South Wales Police,South Wales Police,-3.944575,51.621983,On or near Belle Vue Way,W01001955,Swansea 025F,Anti-social behaviour,,
,2024-09,South Wales Police,South Wales Police,-3.940360,51.618347,On or near York Street,W01001955,Swansea 025F,Anti-social behaviour,,
,2024-09,South Wales Police,South Wales Police,-3.947915,51.618015,On or near Theatre/Concert Hall,W01001955,Swansea 025F,Anti-social behaviour,,
,2024-09,South Wales Police,South Wales Police,-3.942127,51.619137,On or near Princess Way,W01001955,Swansea 025F,Anti-social behaviour,,
,2024-09,South Wales Police,South Wales Police,-3.942814,51.618649,On or near St Mary'S Square,W01001955,Swansea 025F,Anti-social behaviour,,
,2024-09,South Wales Police,South Wales Police,-3.948166,51.618461,On or near Shopping Area,W01001955,Swansea 025F,Anti-social behaviour,,
,2024-09,South Wales Police,South Wales Police,-3.941788,51.621678,On or near Welcome Lane,W01001955,Swansea 025F,Anti-social behaviour,,
,2024-09,South Wales Police,South Wales Police,-3.941761,51.628827,On or near Greenhill Street,W01001955,Swansea 025F,Anti-social behaviour,,
,2024-09,South Wales Police,South Wales Police,-3.944575,51.621983,On or near Belle Vue Way,W01001955,Swansea 025F,Anti-social behaviour,,
,2024-09,South Wales Police,South Wales Police,-3.942445,51.619806,On or near Caer Street,W01001955,Swansea 025F,Anti-social behaviour,,
,2024-09,South Wales Police,South Wales Police,-3.943069,51.621567,On or near College Street,W01001955,Swansea 025F,Anti-social behaviour,,
,2024-09,South Wales Police,South Wales Police,-3.937707,51.621853,On or near Shopping Area,W01001955,Swansea 025F,Anti-social behaviour,,
,2024-09,South Wales Police,South Wales Police,-3.943216,51.622985,On or near Orchard Street,W01001955,Swansea 025F,Anti-social behaviour,,
,2024-09,South Wales Police,South Wales Police,-3.943069,51.621567,On or near College Street,W01001955,Swansea 025F,Anti-social behaviour,,
25d71f6c657a5cbbbd6943860a61ff1030cfaa49ccf49cd71f2bec1b7ac3228f,2024-09,South Wales Police,South Wales Police,-3.936293,51.621553,On or near A4067,W01001955,Swansea 025F,Bicycle theft,Investigation complete; no suspect identified,
98ac82e628eb8ed2f40e9052a8fedc06d1f6aa0b5c7790cb6feddc48a325c735,2024-09,South Wales Police,South Wales Police,-3.938108,51.623456,On or near Parking Area,W01001955,Swansea 025F,Bicycle theft,Investigation complete; no suspect identified,
ada99b63e943c52a996448a369f206eb64d2029f101723a402a08d1e95f33f5f,2024-09,South Wales Police,South Wales Police,-3.940878,51.622026,On or near Strand Row,W01001955,Swansea 025F,Bicycle theft,Investigation complete; no suspect identified,
b02e78cae732be48cee80d08e3fdb47a154cf6b283e671e76aec1975bcbb77c4,2024-09,South Wales Police,South Wales Police,-3.946165,51.620994,On or near Horton Street,W01001955,Swansea 025F,Bicycle theft,Investigation complete; no suspect identified,
961fab9b60fd473330ad8e1695f41f6e95b4a2b265925b81146027311a61c19e,2024-09,South Wales Police,South Wales Police,-3.941788,51.621678,On or near Welcome Lane,W01001955,Swansea 025F,Burglary,Awaiting court outcome,
2aab590b721e892704aebc99830c65b5ba874e03611bb0cd4c81121c8911f134,2024-09,South Wales Police,South Wales Police,-3.940916,51.626638,On or near Powell Street,W01001955,Swansea 025F,Burglary,Under investigation,
415b8711483d9cb45e3efa0bf6da8e78c0c5d5c91522cb9a782cc1c85cec6033,2024-09,South Wales Police,South Wales Police,-3.941377,51.624904,On or near Ivey Place,W01001955,Swansea 025F,Criminal damage and arson,Unable to prosecute suspect,
000c5ee3d8f9a408258741d6648c65c2d08bba4949da86174fc293174ccea1fc,2024-09,South Wales Police,South Wales Police,-3.941377,51.624904,On or near Ivey Place,W01001955,Swansea 025F,Criminal damage and arson,Awaiting court outcome,
ab0a58a70e2f9d9bd0496eb821a2a6ea5c54f66725914bccd1978264d6dab7e6,2024-09,South Wales Police,South Wales Police,-3.941486,51.621377,On or near Parking Area,W01001955,Swansea 025F,Criminal damage and arson,Investigation complete; no suspect identified,
bfcabbeb82f05c609399132be59dd24060576f81d78b293e4c1f3694506526b7,2024-09,South Wales Police,South Wales Police,-3.943069,51.621567,On or near College Street,W01001955,Swansea 025F,Criminal damage and arson,Awaiting court outcome,
a4d6626dca3ce0e9f8cab22458af1dda601c40fd1cc395e205783e3eaa055ed8,2024-09,South Wales Police,South Wales Police,-3.942752,51.628352,On or near Croft Street,W01001955,Swansea 025F,Criminal damage and arson,Under investigation,
d955802eb63a8d4e7d1c0b8e812f4a3abd716543b9026b051cf2012fbf503f98,2024-09,South Wales Police,South Wales Police,-3.942544,51.622124,On or near Shopping Area,W01001955,Swansea 025F,Criminal damage and arson,Awaiting court outcome,
70c848b578cd9a5a8b5a410a6e12796c203cc39b169b3ac1b15ae83595d93d44,2024-09,South Wales Police,South Wales Police,-3.942670,51.625072,On or near Parking Area,W01001955,Swansea 025F,Criminal damage and arson,Unable to prosecute suspect,
871c0b7342b21925f028259b29dc6544dec7148d8706186d6c6d04ed8a8e625f,2024-09,South Wales Police,South Wales Police,-3.941545,51.618013,On or near St David'S Place,W01001955,Swansea 025F,Criminal damage and arson,Awaiting court outcome,
86edd437d553882ba0fd7d36830e636fc56342f6c92a7c4f193f77a0ae4074a6,2024-09,South Wales Police,South Wales Police,-3.942670,51.625072,On or near Parking Area,W01001955,Swansea 025F,Criminal damage and arson,Awaiting court outcome,
eafa3bfbf579ac8c2648524607b95f75893965605d895097801250632c691016,2024-09,South Wales Police,South Wales Police,-3.940103,51.619773,On or near Green Dragon Lane,W01001955,Swansea 025F,Criminal damage and arson,Under investigation,
15365f8e5bd80da0d8bc4fa048e783f1afcfdae51b321199d13217030aadf1a9,2024-09,South Wales Police,South Wales Police,-3.942426,51.627153,On or near Matthew Street,W01001955,Swansea 025F,Criminal damage and arson,Investigation complete; no suspect identified,
636c08c9853b625ebf132a3247d9ae1a8c890a25c5b947018765544449b2bea6,2024-09,South Wales Police,South Wales Police,-3.945225,51.620299,On or near Portland Street,W01001955,Swansea 025F,Criminal damage and arson,Unable to prosecute suspect,
dbcbf9f1b2d3d299a0a326bbec584af8ccf4229a34afab5e6e5cf411dbdcb5be,2024-09,South Wales Police,South Wales Police,-3.942445,51.619806,On or near Caer Street,W01001955,Swansea 025F,Criminal damage and arson,Awaiting court outcome,
80f5220a578f20325296a26f0b121d1c9abd92bd95adad9c3e881726f97f5c41,2024-09,South Wales Police,South Wales Police,-3.948359,51.618260,On or near Singleton Street,W01001955,Swansea 025F,Criminal damage and arson,Awaiting court outcome,
ac654d375cc5683e746fdd95fa108e87c2a834813dd70f4a9a5702cffd5565ee,2024-09,South Wales Police,South Wales Police,-3.942814,51.618649,On or near St Mary'S Square,W01001955,Swansea 025F,Criminal damage and arson,Under investigation,
425f38658dfd1be37f36d1ea6d6862b0c17f8054a9850d6540dc17b62e6fe223,2024-09,South Wales Police,South Wales Police,-3.942426,51.627153,On or near Matthew Street,W01001955,Swansea 025F,Drugs,Awaiting court outcome,
7e2e91118e7a550f41b1d02495d71acd9b0afae3524fe43bb182be2e311b1724,2024-09,South Wales Police,South Wales Police,-3.942544,51.622124,On or near Shopping Area,W01001955,Swansea 025F,Drugs,Under investigation,
01148378bb72514d272e3d6835f1be80cb2c854167acc98f27ff0f185180d463,2024-09,South Wales Police,South Wales Police,-3.941788,51.621678,On or near Welcome Lane,W01001955,Swansea 025F,Drugs,Under investigation,
763f4e04e685b97353f3dae9af84cd8052f41badc2b6ea155283d71e0245520f,2024-09,South Wales Police,South Wales Police,-3.942814,51.618649,On or near St Mary'S Square,W01001955,Swansea 025F,Drugs,Under investigation,
2f02be9beffc564c01d24fd51bc42ef40ef83d9ce73a34e43ba41e8216f4bc83,2024-09,South Wales Police,South Wales Police,-3.941252,51.619942,On or near Castle Square,W01001955,Swansea 025F,Drugs,Unable to prosecute suspect,
0ae311a18646cd92406cb627a5c9edd4a39dd8e1475c1bf3f1e860e7c50f9acf,2024-09,South Wales Police,South Wales Police,-3.943942,51.622379,On or near Parking Area,W01001955,Swansea 025F,Drugs,Under investigation,
74540e54de86f674e3cb87fefd64b528e536497f9254933b55c18f1540d4bd1d,2024-09,South Wales Police,South Wales Police,-3.941252,51.619942,On or near Castle Square,W01001955,Swansea 025F,Drugs,Under investigation,
9fecf4f7b76a00b119693bc4c88ba1f16556d4d912fec962ccd448fb74fa52df,2024-09,South Wales Police,South Wales Police,-3.944932,51.617489,On or near Parking Area,W01001955,Swansea 025F,Drugs,Awaiting court outcome,
1bedee636fa2c45f74c075f9b9e21c670380a7c757d3a1a15b344895e6ddf083,2024-09,South Wales Police,South Wales Police,-3.941968,51.626900,On or near Swan Street,W01001955,Swansea 025F,Drugs,Under investigation,
9365835041169f7f2f6ce28111448bc67b6f599df8069b76402ab66a3f190d60,2024-09,South Wales Police,South Wales Police,-3.944932,51.617489,On or near Parking Area,W01001955,Swansea 025F,Drugs,Awaiting court outcome,
95c12871e35f84699f86597a94b16465339fba86d9b4776cc4a193825846357a,2024-09,South Wales Police,South Wales Police,-3.941031,51.627626,On or near Bethesda Street,W01001955,Swansea 025F,Other theft,Investigation complete; no suspect identified,
a0b25688187c641bcacfd7c70e9d86ae2161cca42520450e65b2135bc9364a9c,2024-09,South Wales Police,South Wales Police,-3.940103,51.619773,On or near Green Dragon Lane,W01001955,Swansea 025F,Other theft,Unable to prosecute suspect,
b653122ffb7678fc9fb9c4a21f880170eb2c3fd4d07153f0d89ec616e133c76d,2024-09,South Wales Police,South Wales Police,-3.942445,51.619806,On or near Caer Street,W01001955,Swansea 025F,Other theft,Investigation complete; no suspect identified,
9c0d7ec080f77d2dcb2218396add29877d7602e63f82f13023f2dfd2c67dbad2,2024-09,South Wales Police,South Wales Police,-3.943108,51.617079,On or near Albert Row,W01001955,Swansea 025F,Other theft,Investigation complete; no suspect identified,
8bbed70c924a8e2150db1f6ec7365a4f22421b6e244d903dac38955292192116,2024-09,South Wales Police,South Wales Police,-3.940103,51.619773,On or near Green Dragon Lane,W01001955,Swansea 025F,Other theft,Investigation complete; no suspect identified,
4c844c2c15d4f2d2b65842ca5c508f1b80982b7a6b16b22312f064eacdc00794,2024-09,South Wales Police,South Wales Police,-3.941399,51.623051,On or near Kings Lane,W01001955,Swansea 025F,Other theft,Investigation complete; no suspect identified,
a059d451ac9a1185e8a2f27b4f2c810ff73b7c9d9cc60b7d3de24f58fe47d463,2024-09,South Wales Police,South Wales Police,-3.942017,51.620955,On or near Castle Street,W01001955,Swansea 025F,Other theft,Investigation complete; no suspect identified,
efd1ae730c4cfd6daf7309415b6352b167372b1cba4d9d30bd6c7ada9f1ff99d,2024-09,South Wales Police,South Wales Police,-3.947915,51.618015,On or near Theatre/Concert Hall,W01001955,Swansea 025F,Other theft,Under investigation,
49c8208b51aaea4a1b3e5f09e4406516af24590e1526b48787de1ba722048663,2024-09,South Wales Police,South Wales Police,-3.942426,51.627153,On or near Matthew Street,W01001955,Swansea 025F,Other theft,Investigation complete; no suspect identified,
4a9cddb4c2bf9e4e86490027abcb6e5eb70bf6c7bddfa3fc7f541f7a29962da6,2024-09,South Wales Police,South Wales Police,-3.942017,51.620955,On or near Castle Street,W01001955,Swansea 025F,Other theft,Investigation complete; no suspect identified,
b1535addb877017661dc93ef769118f012ce40e486f8c4962cf290c6e55b9746,2024-09,South Wales Police,South Wales Police,-3.942445,51.619806,On or near Caer Street,W01001955,Swansea 025F,Other theft,Investigation complete; no suspect identified,
d3913cfd7c4f68dc6771cc949f40fb19a8e9225eddca7da22a1b14a38ff4cea1,2024-09,South Wales Police,South Wales Police,-3.940796,51.619770,On or near Nightclub,W01001955,Swansea 025F,Other theft,Investigation complete; no suspect identified,
c0d0da7a31a34fdb8dd03b9c5edcfa191aadf4999f262833926d5b5aaa94f856,2024-09,South Wales Police,South Wales Police,-3.941252,51.619942,On or near Castle Square,W01001955,Swansea 025F,Other theft,Investigation complete; no suspect identified,
94f365f3e7abafca58e5077ce7f06bfbb9a241471368a0ac73cd8f0875e7378f,2024-09,South Wales Police,South Wales Police,-3.941031,51.627626,On or near Bethesda Street,W01001955,Swansea 025F,Other theft,Unable to prosecute suspect,
1b3b6c34fee03850d15206e3e5f0468baba0438f9b3d96b23f3ee78530a080ef,2024-09,South Wales Police,South Wales Police,-3.940796,51.619770,On or near Nightclub,W01001955,Swansea 025F,Other theft,Investigation complete; no suspect identified,
45dbadc1608acec5a4a5243be11f4f7d9535ca62438f3fb5d77f9aec5e71a9a6,2024-09,South Wales Police,South Wales Police,-3.942544,51.622124,On or near Shopping Area,W01001955,Swansea 025F,Possession of weapons,Unable to prosecute suspect,
a0b99a250a1b6182cd1b1d33c9475de09d516c3cb51fa82d7330019c73dea20e,2024-09,South Wales Police,South Wales Police,-3.941399,51.623051,On or near Kings Lane,W01001955,Swansea 025F,Possession of weapons,Under investigation,
1b4626cbda42b6066adba1345411c79cc11bb26c460f229c58be7be825a2a5e7,2024-09,South Wales Police,South Wales Police,-3.937100,51.620497,On or near Quay Parade,W01001955,Swansea 025F,Possession of weapons,Investigation complete; no suspect identified,
f1dc53cd229cdb29685ac7613aebce41b42850ac6b102ba789f72f5408a1c3f5,2024-09,South Wales Police,South Wales Police,-3.941399,51.623051,On or near Kings Lane,W01001955,Swansea 025F,Possession of weapons,Unable to prosecute suspect,
6e51077c87130f52c4e3e5ba547691a589dbe0f02009f833bf5431d2b7dd4383,2024-09,South Wales Police,South Wales Police,-3.937100,51.620497,On or near Quay Parade,W01001955,Swansea 025F,Public order,Investigation complete; no suspect identified,
93e80f801daeb2696f8329fe63279a7c3384aa8552f404b0cb2afc877953d165,2024-09,South Wales Police,South Wales Police,-3.941545,51.618013,On or near St David'S Place,W01001955,Swansea 025F,Public order,Unable to prosecute suspect,
75e6adcc25044cf5b7f12a128ff931c8da6c02f9b0c2b6411e63a222178f5127,2024-09,South Wales Police,South Wales Police,-3.941399,51.623051,On or near Kings Lane,W01001955,Swansea 025F,Public order,Unable to prosecute suspect,
e4d18ff04a8b5a7bdbe1506ffcb5fce21e2a656f2448ff8d196af8d92ef627b6,2024-09,South Wales Police,South Wales Police,-3.944128,51.617961,On or near Garden Street,W01001955,Swansea 025F,Public order,Investigation complete; no suspect identified,
ffc08d125627b7f7853934e0fbee4ee04673e800fe75321454d1938db6979207,2024-09,South Wales Police,South Wales Police,-3.941137,51.628415,On or near Thomas Row,W01001955,Swansea 025F,Public order,Unable to prosecute suspect,
f8d6bd39d5333290eb34647c09f5e54bab720728d60a12abbc3359adf1a78199,2024-09,South Wales Police,South Wales Police,-3.944932,51.617489,On or near Parking Area,W01001955,Swansea 025F,Public order,Unable to prosecute suspect,
4fe4a57072a6b93bc2a24b0bece2d6fcc726aff05eb769934da1e61b6117f540,2024-09,South Wales Police,South Wales Police,-3.944128,51.617961,On or near Garden Street,W01001955,Swansea 025F,Public order,Unable to prosecute suspect,
f19f2e1872284a008c7de3d4a148c75b369f391c4eff912bbabd2d8f14847ae3,2024-09,South Wales Police,South Wales Police,-3.941399,51.623051,On or near Kings Lane,W01001955,Swansea 025F,Public order,Unable to prosecute suspect,
37de8d8d1ef2c0e0185f99224258d797418032ed7cf186a3e37720235609843a,2024-09,South Wales Police,South Wales Police,-3.942127,51.619137,On or near Princess Way,W01001955,Swansea 025F,Public order,Investigation complete; no suspect identified,
25fda63339ad78557b02284bdf4dbaa01bd7726e8d5a1633e9474a51f23ba028,2024-09,South Wales Police,South Wales Police,-3.941252,51.619942,On or near Castle Square,W01001955,Swansea 025F,Public order,Under investigation,
d9eb622cc610f4927ac358d729ea0c469a1f117391e5654baa6781cecec55d0e,2024-09,South Wales Police,South Wales Police,-3.940796,51.619770,On or near Nightclub,W01001955,Swansea 025F,Public order,Investigation complete; no suspect identified,
2a1e174976f8c608f20fb1b3eecccf765dff2d3ab577c43d7122ef570f774c26,2024-09,South Wales Police,South Wales Police,-3.940796,51.619770,On or near Nightclub,W01001955,Swansea 025F,Public order,Investigation complete; no suspect identified,
69232c9309e9ef998233c2fdbaae98b043aeaeb5bd877e05c0b6bfc30ed173f2,2024-09,South Wales Police,South Wales Police,-3.941252,51.619942,On or near Castle Square,W01001955,Swansea 025F,Public order,Unable to prosecute suspect,
8f6d479890667ed0efd2591b0ad45fa474a45a53a21a5972383135eeeb2bcd1c,2024-09,South Wales Police,South Wales Police,-3.943069,51.621567,On or near College Street,W01001955,Swansea 025F,Public order,Unable to prosecute suspect,
1e59174a6bc2a523511f99372a34ba4eefe98dd0eb95e8bc30fa2b27de428451,2024-09,South Wales Police,South Wales Police,-3.941252,51.619942,On or near Castle Square,W01001955,Swansea 025F,Public order,Under investigation,
4c5b354fa441697449f0f3df0457c5aa978dc787296a81647dd93112c0ff2710,2024-09,South Wales Police,South Wales Police,-3.944932,51.617489,On or near Parking Area,W01001955,Swansea 025F,Public order,Unable to prosecute suspect,
6251a843ff698065c54e231e7e44182ebb530063eb217027ceb46d4589d67f76,2024-09,South Wales Police,South Wales Police,-3.938747,51.626252,On or near New Cut Road,W01001955,Swansea 025F,Public order,Unable to prosecute suspect,
7c78172b17af1ad2dbe72fa4931d9af83af9cfa9b974c5a06d3c8f2c48464131,2024-09,South Wales Police,South Wales Police,-3.941377,51.624904,On or near Ivey Place,W01001955,Swansea 025F,Robbery,Under investigation,
002f2ba0b1f0389c7c2205bd1503f9e5d6f649b8ddf344f0be0cc3c72e9a1dde,2024-09,South Wales Police,South Wales Police,-3.940604,51.618649,On or near Salubrious Place,W01001955,Swansea 025F,Robbery,Awaiting court outcome,
310a7dc96aabf189c50b70f558de17da77f17c862e3f2b4845bb8a478c2f537f,2024-09,South Wales Police,South Wales Police,-3.943108,51.617079,On or near Albert Row,W01001955,Swansea 025F,Shoplifting,Investigation complete; no suspect identified,
2d4279cc7e74d7a86dda14b1aa7aa8da5dadc39aa910bd2df878b14258a8c659,2024-09,South Wales Police,South Wales Police,-3.938826,51.624029,On or near Supermarket,W01001955,Swansea 025F,Shoplifting,Unable to prosecute suspect,
523c4eb16db0c74e5b3f6fb943ed30f503d44996fc0d5b401b0922c50ecf5b5a,2024-09,South Wales Police,South Wales Police,-3.944932,51.617489,On or near Parking Area,W01001955,Swansea 025F,Shoplifting,Awaiting court outcome,
5c5f5720232b989e84d53722bf04a17fae7ff11a0577571a249e243832f81fc4,2024-09,South Wales Police,South Wales Police,-3.944932,51.617489,On or near Parking Area,W01001955,Swansea 025F,Shoplifting,Awaiting court outcome,
b9175c67ccfdb429c36713c90f890992669bf68c31966e95fc666be56f6c2b3a,2024-09,South Wales Police,South Wales Police,-3.943108,51.617079,On or near Albert Row,W01001955,Swansea 025F,Shoplifting,Awaiting court outcome,
ba3f9ded078228a0633f238593bf8bc30d73cd1f5cd04b47e91ed4a3aeada5b0,2024-09,South Wales Police,South Wales Police,-3.947915,51.618015,On or near Theatre/Concert Hall,W01001955,Swansea 025F,Shoplifting,Awaiting court outcome,
50a734f3c720584cd8af758ea449f5700f9110cc83f7d4b5490519ceadfac76d,2024-09,South Wales Police,South Wales Police,-3.943108,51.617079,On or near Albert Row,W01001955,Swansea 025F,Shoplifting,Investigation complete; no suspect identified,
294d62f986b4f6bd6656e69415e1932ada824f6928619b8718ec22bd32e43801,2024-09,South Wales Police,South Wales Police,-3.947915,51.618015,On or near Theatre/Concert Hall,W01001955,Swansea 025F,Shoplifting,Awaiting court outcome,
0ddc4584924e1e2983fffeb631bdeb04b6cdf58ca153af8ef2e47c7cb53a3dc2,2024-09,South Wales Police,South Wales Police,-3.944128,51.617961,On or near Garden Street,W01001955,Swansea 025F,Shoplifting,Awaiting court outcome,
302841535cedd986a161ecc1754e8a4d568d2a59065b9f4947af9b74eaee4219,2024-09,South Wales Police,South Wales Police,-3.942445,51.619806,On or near Caer Street,W01001955,Swansea 025F,Shoplifting,Awaiting court outcome,
a2b19a73c5ef9b9b45fa57de641c3508a7a2b728ee263072fcc1dbfdd54b85a4,2024-09,South Wales Police,South Wales Police,-3.942445,51.619806,On or near Caer Street,W01001955,Swansea 025F,Shoplifting,Unable to prosecute suspect,
80fcd181a87d889915a267eca30135f223066d9703bae3ded885cd84fdb8804a,2024-09,South Wales Police,South Wales Police,-3.938108,51.623456,On or near Parking Area,W01001955,Swansea 025F,Shoplifting,Awaiting court outcome,
72e29e83d50eb665ab1c1b873bfa120420612c1a1f3de64e87ec5bd4af8f5da8,2024-09,South Wales Police,South Wales Police,-3.942544,51.622124,On or near Shopping Area,W01001955,Swansea 025F,Shoplifting,Investigation complete; no suspect identified,
517cae2d42e1c485171d9d1323c3de0854d340d926e78315846334b3a577fd6a,2024-09,South Wales Police,South Wales Police,-3.944932,51.617489,On or near Parking Area,W01001955,Swansea 025F,Shoplifting,Investigation complete; no suspect identified,
c7be9da62d74078b578b3cf430ca47bfb1c353f95a8cc633d7db0b2b5e117380,2024-09,South Wales Police,South Wales Police,-3.938108,51.623456,On or near Parking Area,W01001955,Swansea 025F,Shoplifting,Awaiting court outcome,
ba2fc76da0787eb551982244143dcbff85ec74f22f01d9458468a6d08a31beaa,2024-09,South Wales Police,South Wales Police,-3.940103,51.619773,On or near Green Dragon Lane,W01001955,Swansea 025F,Shoplifting,Investigation complete; no suspect identified,
7acbcd51414e53fb97e0b4cf46215f4d65a275fc3f95dddd34a9d0fbe232c496,2024-09,South Wales Police,South Wales Police,-3.947915,51.618015,On or near Theatre/Concert Hall,W01001955,Swansea 025F,Shoplifting,Awaiting court outcome,
f93ff58829e78ff2a1e750e4d652da9f68d6bc8cff9d65ba4a08f8cbe18c42b1,2024-09,South Wales Police,South Wales Police,-3.937100,51.620497,On or near Quay Parade,W01001955,Swansea 025F,Shoplifting,Investigation complete; no suspect identified,
9938ca2bed3ac33ce4f1488e3b01925e6505a7697b4ea05a0353ff17b6f2f999,2024-09,South Wales Police,South Wales Police,-3.938680,51.622656,On or near Parking Area,W01001955,Swansea 025F,Shoplifting,Investigation complete; no suspect identified,
b9d4e7b26534878f4c699043d164b7093cce3a71426a801fbbb79706fab01436,2024-09,South Wales Police,South Wales Police,-3.947915,51.618015,On or near Theatre/Concert Hall,W01001955,Swansea 025F,Shoplifting,Investigation complete; no suspect identified,
c9a018d8e220aae23da70c7b0b937916e8f22a41e7cbc3ec7f2a39a8f98a4967,2024-09,South Wales Police,South Wales Police,-3.941399,51.623051,On or near Kings Lane,W01001955,Swansea 025F,Shoplifting,Investigation complete; no suspect identified,
c9f07307216d94e4255e1a5bd1d3a1965fe58b506a29b31c8de7a2eb6b8808db,2024-09,South Wales Police,South Wales Police,-3.938680,51.622656,On or near Parking Area,W01001955,Swansea 025F,Shoplifting,Awaiting court outcome,
48a6679afb1168b1fdf8a65f381a47d7f61c782b5c87bcd050ebdeaa17bed02e,2024-09,South Wales Police,South Wales Police,-3.947915,51.618015,On or near Theatre/Concert Hall,W01001955,Swansea 025F,Shoplifting,Investigation complete; no suspect identified,
2dd3600c3735d21b4af14082824decf75a5e4cfb4ceef69b190beeb856150f98,2024-09,South Wales Police,South Wales Police,-3.942814,51.618649,On or near St Mary'S Square,W01001955,Swansea 025F,Shoplifting,Investigation complete; no suspect identified,
b9185e07816a132f2bb6b0046b1e759d22aa8e83b5bb10c109b0780c710f2d8d,2024-09,South Wales Police,South Wales Police,-3.943108,51.617079,On or near Albert Row,W01001955,Swansea 025F,Shoplifting,Local resolution,
aa432f016534f32f903ad9c9745f0c6beacf1c9a65ea7e3c00c0ddb72d38aac9,2024-09,South Wales Police,South Wales Police,-3.938108,51.623456,On or near Parking Area,W01001955,Swansea 025F,Shoplifting,Investigation complete; no suspect identified,
173e4edbd7b8cc5da584109055d1e79fd3118866704bfe75606012f24a8a586b,2024-09,South Wales Police,South Wales Police,-3.941137,51.628415,On or near Thomas Row,W01001955,Swansea 025F,Shoplifting,Investigation complete; no suspect identified,
c09ee6da14a73ec6790860affe9c1e63b369021fde82c13299fd2bb59fd3d752,2024-09,South Wales Police,South Wales Police,-3.947915,51.618015,On or near Theatre/Concert Hall,W01001955,Swansea 025F,Shoplifting,Investigation complete; no suspect identified,
c687b6496dcca363d02bc8ef2d758078a8919acad1e6448acdc7f9fc6c242745,2024-09,South Wales Police,South Wales Police,-3.942445,51.619806,On or near Caer Street,W01001955,Swansea 025F,Shoplifting,Unable to prosecute suspect,
eb0988d8422613bfb96b35a43e875e891f76a8b7252bf77925f854bfdba6a55c,2024-09,South Wales Police,South Wales Police,-3.944532,51.620652,On or near Parking Area,W01001955,Swansea 025F,Shoplifting,Awaiting court outcome,
dbd90978f1256586f175c56eb3a88a1562154b546fb006d3a0f0b00c573e2eb4,2024-09,South Wales Police,South Wales Police,-3.942017,51.620955,On or near Castle Street,W01001955,Swansea 025F,Shoplifting,Awaiting court outcome,
a5738f29119170a1fb36b6519961a7f07db2feccf8c81abd94d67d9ad66d13ad,2024-09,South Wales Police,South Wales Police,-3.945320,51.621503,On or near Dynevor Place,W01001955,Swansea 025F,Shoplifting,Investigation complete; no suspect identified,
eef89bac0536bb1dca092620e7fb874475a432f08fc77671d0252ce18185c0e9,2024-09,South Wales Police,South Wales Police,-3.943108,51.617079,On or near Albert Row,W01001955,Swansea 025F,Shoplifting,Investigation complete; no suspect identified,
4ee9a614c2b283cf42a6c4ae6fe0493f21053e6095db020617ffdcaefae44f20,2024-09,South Wales Police,South Wales Police,-3.944932,51.617489,On or near Parking Area,W01001955,Swansea 025F,Shoplifting,Awaiting court outcome,
7960541736ac12e4d7d0b51e9921bfe5fc84d34446bfd7a90d8e867b3bac90a0,2024-09,South Wales Police,South Wales Police,-3.943108,51.617079,On or near Albert Row,W01001955,Swansea 025F,Shoplifting,Unable to prosecute suspect,
11477a106c03b2d46e87a8c8febf6ab8ca875f8307574b69b2812fe3ae1a1985,2024-09,South Wales Police,South Wales Police,-3.937707,51.621853,On or near Shopping Area,W01001955,Swansea 025F,Shoplifting,Investigation complete; no suspect identified,
031f8c4fdf7e9174248c6e86cc06917c6b1eae7ac8c10fabdf10cb09cbe3c220,2024-09,South Wales Police,South Wales Police,-3.938680,51.622656,On or near Parking Area,W01001955,Swansea 025F,Shoplifting,Investigation complete; no suspect identified,
4b9ce425fe4478053a63b3d431842b48f4ff6bab47730892f24216289fcc00fe,2024-09,South Wales Police,South Wales Police,-3.943108,51.617079,On or near Albert Row,W01001955,Swansea 025F,Shoplifting,Investigation complete; no suspect identified,
4008548316a603c51f0dda70db8fc1bcaf1ed4b31132876573e56375243a0d20,2024-09,South Wales Police,South Wales Police,-3.937707,51.621853,On or near Shopping Area,W01001955,Swansea 025F,Shoplifting,Awaiting court outcome,
22e1b4e665b2245911c3dda36443e69a0bee02bbdd6b1857daccdcd1c24a58c2,2024-09,South Wales Police,South Wales Police,-3.947915,51.618015,On or near Theatre/Concert Hall,W01001955,Swansea 025F,Shoplifting,Investigation complete; no suspect identified,
0332d53d3adefd4a6a7fadf09a5e2d368d958895771d36a5a47197e794a0e419,2024-09,South Wales Police,South Wales Police,-3.938680,51.622656,On or near Parking Area,W01001955,Swansea 025F,Shoplifting,Investigation complete; no suspect identified,
88b409db6d3bf1965e2e1ccfeded72f8169f3138b26b09b11df9c7b5960e474e,2024-09,South Wales Police,South Wales Police,-3.947915,51.618015,On or near Theatre/Concert Hall,W01001955,Swansea 025F,Shoplifting,Investigation complete; no suspect identified,
39868c33c46de3022dadb5053c1ad7a40b6ee17624d5ab3e7fecbcfde778c108,2024-09,South Wales Police,South Wales Police,-3.944128,51.617961,On or near Garden Street,W01001955,Swansea 025F,Shoplifting,Investigation complete; no suspect identified,
f398a2c6af6c6f925f9dae47bdfe87195ca6f12d0f9758952509ea4fb51fd33b,2024-09,South Wales Police,South Wales Police,-3.943108,51.617079,On or near Albert Row,W01001955,Swansea 025F,Shoplifting,Awaiting court outcome,
0671eb8be148610b10b35e6a4861f57b581f5182bcc9fa44ad2b464f8c11397c,2024-09,South Wales Police,South Wales Police,-3.942017,51.620955,On or near Castle Street,W01001955,Swansea 025F,Shoplifting,Awaiting court outcome,
0c595738e31f7911f39cba5fb2c5fed937cdb8f056b8301c084b6fa259cf6e4f,2024-09,South Wales Police,South Wales Police,-3.947915,51.618015,On or near Theatre/Concert Hall,W01001955,Swansea 025F,Shoplifting,Awaiting court outcome,
cad6bc560a126db46f7cfd72ce7bc126581f51c43f43eb3e6d5aeb53c144ccd2,2024-09,South Wales Police,South Wales Police,-3.938108,51.623456,On or near Parking Area,W01001955,Swansea 025F,Shoplifting,Unable to prosecute suspect,
a90a8522f2c42abeb202f222b83f736770f727e7dd6b7a23c1019fc914a3f319,2024-09,South Wales Police,South Wales Police,-3.938108,51.623456,On or near Parking Area,W01001955,Swansea 025F,Shoplifting,Investigation complete; no suspect identified,
c3b5d16e1fd05559007ec5ad0a149b0d71fa096bfad013c80eadcdd6d6999db0,2024-09,South Wales Police,South Wales Police,-3.947915,51.618015,On or near Theatre/Concert Hall,W01001955,Swansea 025F,Shoplifting,Awaiting court outcome,
a30ffd49cd7cc2fea642d31d1409f64e55455b0fc102da986fc9a8eafac1fbc5,2024-09,South Wales Police,South Wales Police,-3.938680,51.622656,On or near Parking Area,W01001955,Swansea 025F,Shoplifting,Investigation complete; no suspect identified,
ae5d53d95c10ddc09c08709b6bf589d46a2993ebd1186362b5dbe4d2d435e254,2024-09,South Wales Police,South Wales Police,-3.944932,51.617489,On or near Parking Area,W01001955,Swansea 025F,Shoplifting,Under investigation,
513565469a402c391487601bac5403c03f83d1572b98831a6d2ddd8a230682f0,2024-09,South Wales Police,South Wales Police,-3.944932,51.617489,On or near Parking Area,W01001955,Swansea 025F,Shoplifting,Investigation complete; no suspect identified,
a3523d0bcfedb5c7f5ab8b7e86b631a0732c1b8419edeefde6d5400e0ef09cdb,2024-09,South Wales Police,South Wales Police,-3.944932,51.617489,On or near Parking Area,W01001955,Swansea 025F,Shoplifting,Awaiting court outcome,
1f336f27972ff241041704eb63ee7d8c53f3c4c704caf84812c477d12e7c34fe,2024-09,South Wales Police,South Wales Police,-3.943108,51.617079,On or near Albert Row,W01001955,Swansea 025F,Shoplifting,Investigation complete; no suspect identified,
519a7c721e81ff7fe2166f1c8d3c3cab92d009ff92a134db87dcc08e0acbc52c,2024-09,South Wales Police,South Wales Police,-3.943108,51.617079,On or near Albert Row,W01001955,Swansea 025F,Shoplifting,Investigation complete; no suspect identified,
d80185b8e148216a17ee5ba39ba2753e72ed3c059a597f190d08644e4ba7e8cd,2024-09,South Wales Police,South Wales Police,-3.947915,51.618015,On or near Theatre/Concert Hall,W01001955,Swansea 025F,Shoplifting,Under investigation,
7a2e82d5ad8e1c3e624cf83982cd197ab46befff5f0153ccb8edae96d138a93f,2024-09,South Wales Police,South Wales Police,-3.944128,51.617961,On or near Garden Street,W01001955,Swansea 025F,Shoplifting,Awaiting court outcome,
fa17758522aaf08261ea422d8581863aaad08c605aa8be2ab9932f391465e773,2024-09,South Wales Police,South Wales Police,-3.938108,51.623456,On or near Parking Area,W01001955,Swansea 025F,Shoplifting,Investigation complete; no suspect identified,
374972a740699c0efdcf23693118d97c34ea40ee2e4ddce85b2cd9496c1a8e6b,2024-09,South Wales Police,South Wales Police,-3.944128,51.617961,On or near Garden Street,W01001955,Swansea 025F,Shoplifting,Investigation complete; no suspect identified,
531619e24f83df3b6ebd8b10c59fe0f0607dd3d619a463f5ed619537f2f250b5,2024-09,South Wales Police,South Wales Police,-3.943108,51.617079,On or near Albert Row,W01001955,Swansea 025F,Shoplifting,Investigation complete; no suspect identified,
1617a6ee9fd8a18514255c14e597742b13b0f50480890d801d3504a1d4a348a2,2024-09,South Wales Police,South Wales Police,-3.943108,51.617079,On or near Albert Row,W01001955,Swansea 025F,Shoplifting,Investigation complete; no suspect identified,
ab8bbfc7b74b6b9b07602f761e4923d087b741e79c312ce75962c65955f4fcae,2024-09,South Wales Police,South Wales Police,-3.940796,51.619770,On or near Nightclub,W01001955,Swansea 025F,Theft from the person,Investigation complete; no suspect identified,
9475069fc8881bd9248ebeb99ac86900df9075e0213600866b329b3e8a1acf3c,2024-09,South Wales Police,South Wales Police,-3.940103,51.619773,On or near Green Dragon Lane,W01001955,Swansea 025F,Theft from the person,Investigation complete; no suspect identified,
ad53032b8c883b1a3343dc2daf2ec359554d0f204bff2ab058c2a03339aa0c10,2024-09,South Wales Police,South Wales Police,-3.943942,51.622379,On or near Parking Area,W01001955,Swansea 025F,Vehicle crime,Investigation complete; no suspect identified,
1e0260ded52fbfab99a0fc73028e79995bf06d34556bc8e3f47f10509e51ccd0,2024-09,South Wales Police,South Wales Police,-3.942127,51.619137,On or near Princess Way,W01001955,Swansea 025F,Vehicle crime,Investigation complete; no suspect identified,
5b84159605ef90245538965f8bc1d7ac2e22055867e0fba5ced1c0faf89c896f,2024-09,South Wales Police,South Wales Police,-3.941031,51.627626,On or near Bethesda Street,W01001955,Swansea 025F,Vehicle crime,Investigation complete; no suspect identified,
10129d9f5ad59701ab78fcba8c22e8434303a256776429b6458848d672e29eee,2024-09,South Wales Police,South Wales Police,-3.941252,51.619942,On or near Castle Square,W01001955,Swansea 025F,Violence and sexual offences,Unable to prosecute suspect,
a317c31d7618e17b79924b2156c1e594817f1cb75f868b2369b66268fa9719c9,2024-09,South Wales Police,South Wales Police,-3.941968,51.626900,On or near Swan Street,W01001955,Swansea 025F,Violence and sexual offences,Investigation complete; no suspect identified,
23e85901f1823c03fc512ae3e8754919634d4a445897511f3da02bfdd7c40265,2024-09,South Wales Police,South Wales Police,-3.941788,51.621678,On or near Welcome Lane,W01001955,Swansea 025F,Violence and sexual offences,Unable to prosecute suspect,
504d77e24031f7692e139413f8fd1a254fdaa02c93ba4dd984b61d87f641b591,2024-09,South Wales Police,South Wales Police,-3.941252,51.619942,On or near Castle Square,W01001955,Swansea 025F,Violence and sexual offences,Under investigation,
bce51f00c0925824cc9be0236d956497e910d5024671dce131a785df022aed64,2024-09,South Wales Police,South Wales Police,-3.941788,51.621678,On or near Welcome Lane,W01001955,Swansea 025F,Violence and sexual offences,Awaiting court outcome,
e5cc2c0698191294d8d2e210ba0da571f44a4d8ad36ddc7270336c278c7a4e4b,2024-09,South Wales Police,South Wales Police,-3.940796,51.619770,On or near Nightclub,W01001955,Swansea 025F,Violence and sexual offences,Investigation complete; no suspect identified,
30fb81e098a13f6173ffa8ad4b54b33a393d68e444a7cdb2d0d500668d8917ab,2024-09,South Wales Police,South Wales Police,-3.938747,51.626252,On or near New Cut Road,W01001955,Swansea 025F,Violence and sexual offences,Investigation complete; no suspect identified,
acdd254784b992d0fab52ea7d42e730d20b5eb7dac03d58d25f80c2d72eb490f,2024-09,South Wales Police,South Wales Police,-3.941968,51.626900,On or near Swan Street,W01001955,Swansea 025F,Violence and sexual offences,Unable to prosecute suspect,
50f27e47ac584ba77d118029a34ae14a8de3c20a59ac9f6797b9d78b72068fc7,2024-09,South Wales Police,South Wales Police,-3.944932,51.617489,On or near Parking Area,W01001955,Swansea 025F,Violence and sexual offences,Investigation complete; no suspect identified,
dbab3424b87544ba3290ccf8fd88b67cb5d4bdee0dc6337c328454695c2b63d2,2024-09,South Wales Police,South Wales Police,-3.941399,51.623051,On or near Kings Lane,W01001955,Swansea 025F,Violence and sexual offences,Investigation complete; no suspect identified,
fe9c8ed8165ed7dbf49d282bdc0f622bd1564e8e0f46095041857ccd9bfd1627,2024-09,South Wales Police,South Wales Police,-3.945225,51.620299,On or near Portland Street,W01001955,Swansea 025F,Violence and sexual offences,Under investigation,
04780927bb2a5f79565456cc6d5c6d44520761e07900764962478cbd32957391,2024-09,South Wales Police,South Wales Police,-3.942017,51.620955,On or near Castle Street,W01001955,Swansea 025F,Violence and sexual offences,Awaiting court outcome,
bece8f02b4928dc24c62e3fe216776286fed36d6a9fe5b03851726884994f866,2024-09,South Wales Police,South Wales Police,-3.938108,51.623456,On or near Parking Area,W01001955,Swansea 025F,Violence and sexual offences,Investigation complete; no suspect identified,
9100b623c47cfac3a24328bd9f7d655f22b4859a19fb7f9c914a60c958e4c128,2024-09,South Wales Police,South Wales Police,-3.942445,51.619806,On or near Caer Street,W01001955,Swansea 025F,Violence and sexual offences,Under investigation,
33c6927814530fbab319ec6f7490ae5fb2b52cfdfa98e474637b83c1299c07a2,2024-09,South Wales Police,South Wales Police,-3.946165,51.620994,On or near Horton Street,W01001955,Swansea 025F,Violence and sexual offences,Unable to prosecute suspect,
7cf95c1f17de6d3eab8ca5a19b865cd1fe84bda50345ea09d007a766cba5a854,2024-09,South Wales Police,South Wales Police,-3.940796,51.619770,On or near Nightclub,W01001955,Swansea 025F,Violence and sexual offences,Investigation complete; no suspect identified,
e996dcc3f3fb3f6b6d398bf5e457fb35c1f7f53f990fd30c3ed902b0015b64a2,2024-09,South Wales Police,South Wales Police,-3.941252,51.619942,On or near Castle Square,W01001955,Swansea 025F,Violence and sexual offences,Investigation complete; no suspect identified,
1bbe01e5a40addc29fec6144ed2ab315cbe68bab558f9507a65339061e9718e0,2024-09,South Wales Police,South Wales Police,-3.942017,51.620955,On or near Castle Street,W01001955,Swansea 025F,Violence and sexual offences,Under investigation,
23c5d8194a86075b0ae97bde94d200bc2c910071478db1b5e79bca2eff80f8db,2024-09,South Wales Police,South Wales Police,-3.944932,51.617489,On or near Parking Area,W01001955,Swansea 025F,Violence and sexual offences,Investigation complete; no suspect identified,
d82037691eb1b04757b339227abc74fb12aed861e99d6e6c78bffb776dd71c4b,2024-09,South Wales Police,South Wales Police,-3.944575,51.621983,On or near Belle Vue Way,W01001955,Swansea 025F,Violence and sexual offences,Unable to prosecute suspect,
ade6b3bf23bd564c630f1b44880918f4ac01856a722639a298b4f33d2df8532b,2024-09,South Wales Police,South Wales Police,-3.941788,51.621678,On or near Welcome Lane,W01001955,Swansea 025F,Violence and sexual offences,Under investigation,
73bf5d1f0aae8be8c9f58881cd929b072047b070cdd4e5743154b99b17de0c96,2024-09,South Wales Police,South Wales Police,-3.941031,51.627626,On or near Bethesda Street,W01001955,Swansea 025F,Violence and sexual offences,Investigation complete; no suspect identified,
6820f8cc814b25c47946974593be99ac4982b025318968335b91dd80a11599e1,2024-09,South Wales Police,South Wales Police,-3.941252,51.619942,On or near Castle Square,W01001955,Swansea 025F,Violence and sexual offences,Unable to prosecute suspect,
b335eb22b1981516f255ca29d0f943dd0c57d36d050afd3797991bfd0f82ddc3,2024-09,South Wales Police,South Wales Police,-3.941252,51.619942,On or near Castle Square,W01001955,Swansea 025F,Violence and sexual offences,Investigation complete; no suspect identified,
4bdebebf4e47fc8a271e8cff7a2d2555817d4d55c09ff83b82b2859f8edd8052,2024-09,South Wales Police,South Wales Police,-3.943942,51.622379,On or near Parking Area,W01001955,Swansea 025F,Violence and sexual offences,Investigation complete; no suspect identified,
eecfb0d155bd399e5e244e08a7c0f13a4dc80c15ebb05c0fcf9e3b831dbdfa21,2024-09,South Wales Police,South Wales Police,-3.941788,51.621678,On or near Welcome Lane,W01001955,Swansea 025F,Violence and sexual offences,Investigation complete; no suspect identified,
9f979a04c699d2033ebfb72b7bb33ec63488fc4aac3d7ff484e40850fad988fe,2024-09,South Wales Police,South Wales Police,-3.941252,51.619942,On or near Castle Square,W01001955,Swansea 025F,Violence and sexual offences,Unable to prosecute suspect,
f7bdc958652fb19b3f15c580834612c26fd81f4674f167a40a59d2aa13260832,2024-09,South Wales Police,South Wales Police,-3.941252,51.619942,On or near Castle Square,W01001955,Swansea 025F,Violence and sexual offences,Awaiting court outcome,
fb5ffc363880cd9c1977ef193eddfda2a277179e756913ad2f8667830ec893f7,2024-09,South Wales Police,South Wales Police,-3.942445,51.619806,On or near Caer Street,W01001955,Swansea 025F,Violence and sexual offences,Investigation complete; no suspect identified,
11bcfce66feea78ef6aef98fe63e7f4c69bf2459c3538204c4f0beb0b728df23,2024-09,South Wales Police,South Wales Police,-3.944932,51.617489,On or near Parking Area,W01001955,Swansea 025F,Violence and sexual offences,Investigation complete; no suspect identified,
7b1478c1558c399def267f0afa111d9da3327ced30a1ef86b51292e4c60227b4,2024-09,South Wales Police,South Wales Police,-3.948359,51.618260,On or near Singleton Street,W01001955,Swansea 025F,Violence and sexual offences,Awaiting court outcome,
0f565ed35db4005b06086abf7d1667fb2b85ef2f7d75c6015c61db7f1eff0233,2024-09,South Wales Police,South Wales Police,-3.940796,51.619770,On or near Nightclub,W01001955,Swansea 025F,Violence and sexual offences,Unable to prosecute suspect,
460ba00d07e82346c54ec7464b6d85a6552316c7b8dd5856a4d2f02fd8e3b637,2024-09,South Wales Police,South Wales Police,-3.944575,51.621983,On or near Belle Vue Way,W01001955,Swansea 025F,Violence and sexual offences,Investigation complete; no suspect identified,
cb4aaebbe4794d8165874027b618265d5e6b7e860c330861c27764527457061b,2024-09,South Wales Police,South Wales Police,-3.943995,51.624312,On or near Quarry Street,W01001955,Swansea 025F,Violence and sexual offences,Unable to prosecute suspect,
1eabe2a113d83fbae1d7620d247407eb6e831aaa55a704c5008e8a1acff28ce2,2024-09,South Wales Police,South Wales Police,-3.943069,51.621567,On or near College Street,W01001955,Swansea 025F,Violence and sexual offences,Unable to prosecute suspect,
23e81dd4a60018f94f4a448b94d7bce666e530b9eecc41fb17d6867df47bd4e1,2024-09,South Wales Police,South Wales Police,-3.938747,51.626252,On or near New Cut Road,W01001955,Swansea 025F,Violence and sexual offences,Awaiting court outcome,
5a097d627f0ab775fb4dd777941afb47170d60263fdcb28615960a385a52de8b,2024-09,South Wales Police,South Wales Police,-3.941252,51.619942,On or near Castle Square,W01001955,Swansea 025F,Violence and sexual offences,Unable to prosecute suspect,
aebb45f701db567317aa112cd31160549fd5519f7ce48eb84d0aa7c98c166a3e,2024-09,South Wales Police,South Wales Police,-3.945320,51.621503,On or near Dynevor Place,W01001955,Swansea 025F,Violence and sexual offences,Unable to prosecute suspect,
45df7b791ae8c56d3968647b9cff9572aaf1a1486f511ca4f9d0eb7d991ec682,2024-09,South Wales Police,South Wales Police,-3.942127,51.619137,On or near Princess Way,W01001955,Swansea 025F,Violence and sexual offences,Unable to prosecute suspect,
e231946aef5e407cec5045393a79cd8f05c62873351239986c7559e5a5510d58,2024-09,South Wales Police,South Wales Police,-3.941252,51.619942,On or near Castle Square,W01001955,Swansea 025F,Violence and sexual offences,Investigation complete; no suspect identified,
22245fa45cf9cfe19baa7975a02fc9ee363ae6d1a729e80eb9aef8b30081701e,2024-09,South Wales Police,South Wales Police,-3.942445,51.619806,On or near Caer Street,W01001955,Swansea 025F,Violence and sexual offences,Unable to prosecute suspect,
d91d1f08936118d20c1baec4434634167fb150b898a028dd3493d030f061e522,2024-09,South Wales Police,South Wales Police,-3.941252,51.619942,On or near Castle Square,W01001955,Swansea 025F,Violence and sexual offences,Unable to prosecute suspect,
93c4f1726c3d36c68e4c1058492353d28277228adf888039a35fae519cf63fe0,2024-09,South Wales Police,South Wales Police,-3.941252,51.619942,On or near Castle Square,W01001955,Swansea 025F,Violence and sexual offences,Investigation complete; no suspect identified,
834af40d52704e1dc511ae3d86c0c5429782e6189c608503458b9ede41377fd7,2024-09,South Wales Police,South Wales Police,-3.940878,51.622026,On or near Strand Row,W01001955,Swansea 025F,Violence and sexual offences,Investigation complete; no suspect identified,
8d2fd814b55b2809b5b281e18336cd3e6a3ec37b0ef5b01c1a15517bddfb757c,2024-09,South Wales Police,South Wales Police,-3.938747,51.626252,On or near New Cut Road,W01001955,Swansea 025F,Violence and sexual offences,Unable to prosecute suspect,
b62525008c756ec947c458cb2533ca3cf1564cae76f402c7c3e4fc9d01344beb,2024-09,South Wales Police,South Wales Police,-3.941031,51.627626,On or near Bethesda Street,W01001955,Swansea 025F,Violence and sexual offences,Unable to prosecute suspect,
2b352c1b5456dfbadfdf211fa2b86f9c629e660b9833391816607cc61504c983,2024-09,South Wales Police,South Wales Police,-3.944575,51.621983,On or near Belle Vue Way,W01001955,Swansea 025F,Violence and sexual offences,Unable to prosecute suspect,
c42e3dce6882fdd93126c5a0278b32ddbb57724841d354827b45bacc22fdaaa1,2024-09,South Wales Police,South Wales Police,-3.942017,51.620955,On or near Castle Street,W01001955,Swansea 025F,Violence and sexual offences,Investigation complete; no suspect identified,
f18bb7a5b1ce5f5c8ec76bd76f3ae2a6fcefdb625149180a35b0c1d816b1ed20,2024-09,South Wales Police,South Wales Police,-3.942017,51.620955,On or near Castle Street,W01001955,Swansea 025F,Violence and sexual offences,Unable to prosecute suspect,
e07f714bc1a92f7859207a15da447606d7191cfa0b246179b7ae9eaec50bf605,2024-09,South Wales Police,South Wales Police,-3.938747,51.626252,On or near New Cut Road,W01001955,Swansea 025F,Violence and sexual offences,Awaiting court outcome,
3592eaad80566d3e97efc54f549f5ba622c4b67c02b5af9302dbdc8832dcecba,2024-09,South Wales Police,South Wales Police,-3.941377,51.624904,On or near Ivey Place,W01001955,Swansea 025F,Violence and sexual offences,Awaiting court outcome,
0e6c7871a8fdf710343e94a5b7845bf5d75a3d73078d868fb363f1f1e9c95b57,2024-09,South Wales Police,South Wales Police,-3.941031,51.627626,On or near Bethesda Street,W01001955,Swansea 025F,Violence and sexual offences,Investigation complete; no suspect identified,
78a9ffe22158dbded2cd117a8f48d938a668683ceef5f976a4230a09e3042e67,2024-09,South Wales Police,South Wales Police,-3.942017,51.620955,On or near Castle Street,W01001955,Swansea 025F,Violence and sexual offences,Awaiting court outcome,
b7ed3238b0bf8fdcdb59f9604ed847726a0df189a4161481cff556bd6ca5ce7c,2024-09,South Wales Police,South Wales Police,-3.942426,51.627153,On or near Matthew Street,W01001955,Swansea 025F,Violence and sexual offences,Unable to prosecute suspect,
a316a6f2c7e2bad62f2d093d0b4f471c86dab9a21207ddf2de12554cc0273eb6,2024-09,South Wales Police,South Wales Police,-3.940103,51.619773,On or near Green Dragon Lane,W01001955,Swansea 025F,Violence and sexual offences,Unable to prosecute suspect,
f03c8bac568307eeaa429d24708f5bd1355c8aff22c2e70596ca10c382bbaa66,2024-09,South Wales Police,South Wales Police,-3.937100,51.620497,On or near Quay Parade,W01001955,Swansea 025F,Violence and sexual offences,Investigation complete; no suspect identified,
22f6c88a8e9193ffd62e7cdb01312af1af7ad6596e4aa0c216a2c8e18a63bc5c,2024-09,South Wales Police,South Wales Police,-3.941788,51.621678,On or near Welcome Lane,W01001955,Swansea 025F,Violence and sexual offences,Unable to prosecute suspect,
4a65b4947d3ba8169236c07f1335b6485be1349d9592a0f46497d7753ac3d162,2024-09,South Wales Police,South Wales Police,-3.943069,51.621567,On or near College Street,W01001955,Swansea 025F,Violence and sexual offences,Unable to prosecute suspect,
e0df155b41ae05e14e4152010d234d0887f985851ec6e16553f9e114af266ff1,2024-09,South Wales Police,South Wales Police,-3.944932,51.617489,On or near Parking Area,W01001955,Swansea 025F,Violence and sexual offences,Under investigation,
d22dc185db41a53b94942abdebf54857ecd62fd029ed07e05b2498bddd2b401e,2024-09,South Wales Police,South Wales Police,-3.940103,51.619773,On or near Green Dragon Lane,W01001955,Swansea 025F,Violence and sexual offences,Local resolution,
cfdad768e881bbefffeefa6b1fee237bca987b1872a8e7ad8d76db3b3d3f14a8,2024-09,South Wales Police,South Wales Police,-3.948166,51.618461,On or near Shopping Area,W01001955,Swansea 025F,Violence and sexual offences,Investigation complete; no suspect identified,
4e374b8e953df138c454ebb3600c448697bab35b2b3c23253ae7c2121312a070,2024-09,South Wales Police,South Wales Police,-3.941252,51.619942,On or near Castle Square,W01001955,Swansea 025F,Violence and sexual offences,Investigation complete; no suspect identified,
0ae98f229cac60f2b55d57f94f1b3435050f5e805e92516227dde9d140eddc3f,2024-09,South Wales Police,South Wales Police,-3.942445,51.619806,On or near Caer Street,W01001955,Swansea 025F,Violence and sexual offences,Local resolution,
2cd10526f27eca6feef6da8bc5aa3f49e9df3798ce6931263df091c7883b3c9d,2024-09,South Wales Police,South Wales Police,-3.941788,51.621678,On or near Welcome Lane,W01001955,Swansea 025F,Violence and sexual offences,Investigation complete; no suspect identified,
2c4f5bd9fa82f093075cde117bf5785e3314eaeb2dc5cbfe7921069e125956f0,2024-09,South Wales Police,South Wales Police,-3.943069,51.621567,On or near College Street,W01001955,Swansea 025F,Violence and sexual offences,Investigation complete; no suspect identified,
22e4853174a0405b20bf0647dbe217b1d860e8af8a7e337dec1ad8abd0cdd4c8,2024-09,South Wales Police,South Wales Police,-3.944932,51.617489,On or near Parking Area,W01001955,Swansea 025F,Violence and sexual offences,Awaiting court outcome,
73c5b79861b93a5567f63fd132c7fd8324f29f213634e96e7e5a2488863bd93f,2024-09,South Wales Police,South Wales Police,-3.942426,51.627153,On or near Matthew Street,W01001955,Swansea 025F,Violence and sexual offences,Unable to prosecute suspect,
4b7c349c3a173bc960fafd9216346ffd3ffaae178dba1d3ccc436d87332bca6e,2024-09,South Wales Police,South Wales Police,-3.944932,51.617489,On or near Parking Area,W01001955,Swansea 025F,Violence and sexual offences,Unable to prosecute suspect,
cd5a3c8f401061182ca10434702dc7dcee4bf0229597477c0ff205ca0d8405c1,2024-09,South Wales Police,South Wales Police,-3.943108,51.617079,On or near Albert Row,W01001955,Swansea 025F,Violence and sexual offences,Investigation complete; no suspect identified,
24266a2a15b5d01a15c0cb8916eae6ec6c165477b76f62ff928dc5a9152bffff,2024-09,South Wales Police,South Wales Police,-3.943108,51.617079,On or near Albert Row,W01001955,Swansea 025F,Violence and sexual offences,Unable to prosecute suspect,
1a45673c4b313054f71bf0fde95ea086b6e0c140c204f1f1f41da60e846c8b6d,2024-09,South Wales Police,South Wales Police,-3.942544,51.622124,On or near Shopping Area,W01001955,Swansea 025F,Other crime,Investigation complete; no suspect identified,
ceb3755f9c952dcad434ed8d6db8995f36af5db668313f9c7a43d3e309724eb5,2024-09,South Wales Police,South Wales Police,-3.942814,51.618649,On or near St Mary'S Square,W01001955,Swansea 025F,Other crime,Awaiting court outcome,
c5dd3175d4c44d6ba6ff8f6d792323c087ed0d0fb2995f3c918930551a19cbf5,2024-09,South Wales Police,South Wales Police,-3.943942,51.622379,On or near Parking Area,W01001955,Swansea 025F,Other crime,Under investigation,
d21e76794b33b9d6da1c028041abafefdab438c7ff609f099240b643e1c50e87,2024-09,South Wales Police,South Wales Police,-3.934851,51.618232,On or near East Burrows Road,W01001958,Swansea 025H,Criminal damage and arson,Unable to prosecute suspect,
53c46c3d5143f8139ba99a1b112c25398de018a0f7e298a0770190a6bc20d530,2024-09,South Wales Police,South Wales Police,-3.936874,51.617227,On or near Gloucester Place,W01001958,Swansea 025H,Other theft,Under investigation,
4a71062accaf4c0555a34ddb256754616e91ab671053214ae0e7ae4d8d22899b,2024-09,South Wales Police,South Wales Police,-3.936874,51.620266,On or near Petrol Station,W01001958,Swansea 025H,Other theft,Under investigation,
b7822056b1b13a5dec6064994a7dd37e8044fc380341f1c150d3bbdc812e6916,2024-09,South Wales Police,South Wales Police,-3.936874,51.620266,On or near Petrol Station,W01001958,Swansea 025H,Public order,Investigation complete; no suspect identified,
d71e9d292bca435401ebce8f91058d7c5ea29c11a7788d173bef4853fae53791,2024-09,South Wales Police,South Wales Police,-3.936493,51.616748,On or near Parking Area,W01001958,Swansea 025H,Public order,Unable to prosecute suspect,
61c0bf54ef030f63c700f5bfa53b1332955ae16ce9a92b7f5688f399e36453df,2024-09,South Wales Police,South Wales Police,-3.936874,51.620266,On or near Petrol Station,W01001958,Swansea 025H,Public order,Unable to prosecute suspect,
552be3d177d25fbd131c2bec81239b429a91e6c2a112bb84af21ab230c18a950,2024-09,South Wales Police,South Wales Police,-3.930488,51.614473,On or near Parking Area,W01001958,Swansea 025H,Public order,Investigation complete; no suspect identified,
9e2e31be4abdd3e058e06581232600504671d87b944bcd5604f7be15086b3c96,2024-09,South Wales Police,South Wales Police,-3.936499,51.619275,On or near Ferry Side,W01001958,Swansea 025H,Public order,Investigation complete; no suspect identified,
1ed598b57ee0754478d2d74b148dc0684c1227c22f252231b5d571f4a6fd7a26,2024-09,South Wales Police,South Wales Police,-3.936874,51.620266,On or near Petrol Station,W01001958,Swansea 025H,Shoplifting,Awaiting court outcome,
d7b97f55bfa19f3691ffa6786e0d0aeaf97621028bb16e163336d6872ff6f36a,2024-09,South Wales Police,South Wales Police,-3.936874,51.620266,On or near Petrol Station,W01001958,Swansea 025H,Shoplifting,Unable to prosecute suspect,
bf995485c9cd84202466736698d2f688c1d15506ac5b29764f41f72a94a8088e,2024-09,South Wales Police,South Wales Police,-3.936874,51.620266,On or near Petrol Station,W01001958,Swansea 025H,Shoplifting,Investigation complete; no suspect identified,
e79caec0a46cbaa697dd75b31aae807070e6e7bf0a3b0619b824c476e02d7b97,2024-09,South Wales Police,South Wales Police,-3.936874,51.620266,On or near Petrol Station,W01001958,Swansea 025H,Shoplifting,Awaiting court outcome,
101214531be79a94f4536aaab94009f2c0041fa1a99d643b221b83a791e952d8,2024-09,South Wales Police,South Wales Police,-3.936874,51.620266,On or near Petrol Station,W01001958,Swansea 025H,Shoplifting,Investigation complete; no suspect identified,
b576a058bf51e45d4011ccee1c01099eecb90a78b80e616c8937a2f091e82095,2024-09,South Wales Police,South Wales Police,-3.936874,51.620266,On or near Petrol Station,W01001958,Swansea 025H,Shoplifting,Awaiting court outcome,
b992284a5735256476333d96aeb05e85b4477f24d0887373435a27ee9167f974,2024-09,South Wales Police,South Wales Police,-3.936874,51.620266,On or near Petrol Station,W01001958,Swansea 025H,Shoplifting,Investigation complete; no suspect identified,
b1608504fd67bbafe2cf06e9bf54a5eb9924a00343114bfe36861efd37745486,2024-09,South Wales Police,South Wales Police,-3.936874,51.620266,On or near Petrol Station,W01001958,Swansea 025H,Shoplifting,Awaiting court outcome,
6e402a0db6b33fb969b66ec9ee36303afd0baf47055ee4cdc973a4d11cb53327,2024-09,South Wales Police,South Wales Police,-3.936874,51.620266,On or near Petrol Station,W01001958,Swansea 025H,Shoplifting,Awaiting court outcome,
586e6557ad659626a62ec77c6b4945e9a361734a9025982c3401997b3ae5ca65,2024-09,South Wales Police,South Wales Police,-3.936874,51.620266,On or near Petrol Station,W01001958,Swansea 025H,Shoplifting,Unable to prosecute suspect,
37b442551f5f97e32759e58b657855fbd29d3f88135cd7e2acf1e9d4ea1436ba,2024-09,South Wales Police,South Wales Police,-3.936874,51.620266,On or near Petrol Station,W01001958,Swansea 025H,Shoplifting,Investigation complete; no suspect identified,
553a6ef69122887e021dd8093c179526cc253b8360b42533b631deb616f69a57,2024-09,South Wales Police,South Wales Police,-3.936874,51.620266,On or near Petrol Station,W01001958,Swansea 025H,Shoplifting,Awaiting court outcome,
fc8f31d377247a0caaf8c0af70061c1e45035f4ff1fc878d9065d5927596f73f,2024-09,South Wales Police,South Wales Police,-3.936874,51.620266,On or near Petrol Station,W01001958,Swansea 025H,Shoplifting,Awaiting court outcome,
122e6cd46251c1c43f6e398cc458941a01379da0eeaa791844f65a411e4282a7,2024-09,South Wales Police,South Wales Police,-3.936874,51.620266,On or near Petrol Station,W01001958,Swansea 025H,Shoplifting,Awaiting court outcome,
979999ec84a720ad65c9ab5caeac1f5d067978650a4a69ac0a55b622d9c062b1,2024-09,South Wales Police,South Wales Police,-3.936874,51.620266,On or near Petrol Station,W01001958,Swansea 025H,Shoplifting,Awaiting court outcome,
15ee9a3bac402b729012074336c1d957c2dda85e3b8f0a4c81c248bb474a4e6b,2024-09,South Wales Police,South Wales Police,-3.936874,51.620266,On or near Petrol Station,W01001958,Swansea 025H,Shoplifting,Investigation complete; no suspect identified,
f41de20d2cad5ddadbccb82f2b87cf0077a7838e73b36c5db5782374ae4ae05d,2024-09,South Wales Police,South Wales Police,-3.936874,51.620266,On or near Petrol Station,W01001958,Swansea 025H,Shoplifting,Under investigation,
6e6ddcd80846a7668bc8b5fed9e07d7cd39ac1f581ae153ee7d2e4efb7075274,2024-09,South Wales Police,South Wales Police,-3.936874,51.620266,On or near Petrol Station,W01001958,Swansea 025H,Shoplifting,Investigation complete; no suspect identified,
c53233e222f996806e71ed6ab4585301747e70abacd383aae9fb4f8a27f223ec,2024-09,South Wales Police,South Wales Police,-3.936874,51.620266,On or near Petrol Station,W01001958,Swansea 025H,Shoplifting,Investigation complete; no suspect identified,
f823ce7e347a8aec83ff362a69177df63576d79879527b4dc38bb1c5edd262f2,2024-09,South Wales Police,South Wales Police,-3.929261,51.614826,On or near Port Of Swansea,W01001958,Swansea 025H,Vehicle crime,Investigation complete; no suspect identified,
0ccd9ef05690a33239f14c27e6753361e8d1c807cafe2a844d9e3fa0004c333a,2024-09,South Wales Police,South Wales Police,-3.936499,51.619275,On or near Ferry Side,W01001958,Swansea 025H,Vehicle crime,Investigation complete; no suspect identified,
86fd44d9f9f409cffe9b11f73d92dee7c3d677a7334f2066249dbf989bccb65f,2024-09,South Wales Police,South Wales Police,-3.934088,51.615232,On or near St. Catherine'S Court,W01001958,Swansea 025H,Vehicle crime,Investigation complete; no suspect identified,
9c92af99239870397001562748be70adeb525c237c01762ee6c95b71fc351f68,2024-09,South Wales Police,South Wales Police,-3.934851,51.618232,On or near East Burrows Road,W01001958,Swansea 025H,Violence and sexual offences,Unable to prosecute suspect,
38fba09b3dccb606eb6406d18c4fc16c2925ccd164a2250f62e808490b67bec5,2024-09,South Wales Police,South Wales Police,-3.936874,51.620266,On or near Petrol Station,W01001958,Swansea 025H,Violence and sexual offences,Local resolution,
e9aac4b322d52c7c63e6c567deea87eb1f97e697fdbeb65add1961290a818dd5,2024-09,South Wales Police,South Wales Police,-3.936874,51.620266,On or near Petrol Station,W01001958,Swansea 025H,Violence and sexual offences,Unable to prosecute suspect,
,2024-09,South Wales Police,South Wales Police,-3.938546,51.618476,On or near Nightclub,W01001997,Swansea 025I,Anti-social behaviour,,
,2024-09,South Wales Police,South Wales Police,-3.950560,51.614339,On or near Oystermouth Road,W01001997,Swansea 025I,Anti-social behaviour,,
,2024-09,South Wales Police,South Wales Police,-3.950560,51.614339,On or near Oystermouth Road,W01001997,Swansea 025I,Anti-social behaviour,,
,2024-09,South Wales Police,South Wales Police,-3.936279,51.617830,On or near Cambrian Place,W01001997,Swansea 025I,Anti-social behaviour,,
,2024-09,South Wales Police,South Wales Police,-3.947828,51.615643,On or near Paxton Street,W01001997,Swansea 025I,Anti-social behaviour,,
,2024-09,South Wales Police,South Wales Police,-3.936279,51.617830,On or near Cambrian Place,W01001997,Swansea 025I,Anti-social behaviour,,
,2024-09,South Wales Police,South Wales Police,-3.950560,51.614339,On or near Oystermouth Road,W01001997,Swansea 025I,Anti-social behaviour,,
,2024-09,South Wales Police,South Wales Police,-3.948842,51.616040,On or near Parking Area,W01001997,Swansea 025I,Anti-social behaviour,,
,2024-09,South Wales Police,South Wales Police,-3.938857,51.618678,On or near Parking Area,W01001997,Swansea 025I,Anti-social behaviour,,
,2024-09,South Wales Police,South Wales Police,-3.950560,51.614339,On or near Oystermouth Road,W01001997,Swansea 025I,Anti-social behaviour,,
,2024-09,South Wales Police,South Wales Police,-3.936279,51.617830,On or near Cambrian Place,W01001997,Swansea 025I,Anti-social behaviour,,
,2024-09,South Wales Police,South Wales Police,-3.941942,51.614182,On or near Supermarket,W01001997,Swansea 025I,Anti-social behaviour,,
3af17686435058b3c072ef56d4185893288fce2cca55b6f64e94f4ef5c6fe9f5,2024-09,South Wales Police,South Wales Police,-3.938857,51.618678,On or near Parking Area,W01001997,Swansea 025I,Burglary,Awaiting court outcome,
0e40220346e6f07d9a91e5790c25a7129a0828355adc08d434f34c9855af4a7b,2024-09,South Wales Police,South Wales Police,-3.938857,51.618678,On or near Parking Area,W01001997,Swansea 025I,Criminal damage and arson,Awaiting court outcome,
696b3c5cffad8ef5e8ef4c6332ec7345d3b3440b13a06ea1af5ca3757a0d69b5,2024-09,South Wales Police,South Wales Police,-3.946334,51.613465,On or near Parking Area,W01001997,Swansea 025I,Other theft,Unable to prosecute suspect,
56b77056e418319044dc1a2a91de661897bfb32a114b9935d1b1c747b398457b,2024-09,South Wales Police,South Wales Police,-3.946334,51.613465,On or near Parking Area,W01001997,Swansea 025I,Other theft,Unable to prosecute suspect,
c78c4e0f3cc2a797033fe89adebc3635282ed7344fbc2f9e17ab29aa91af0f4e,2024-09,South Wales Police,South Wales Police,-3.938857,51.618678,On or near Parking Area,W01001997,Swansea 025I,Other theft,Investigation complete; no suspect identified,
fa97cae385a721832287e5e30aa402e1ec1f6a59619f85b14899011d83cef906,2024-09,South Wales Police,South Wales Police,-3.938857,51.618678,On or near Parking Area,W01001997,Swansea 025I,Other theft,Under investigation,
8824e749fc97fd300cf74fc087a50e2c34198cb7511493cde223cf2d84cd16d1,2024-09,South Wales Police,South Wales Police,-3.952946,51.615072,On or near Burrows Road,W01001997,Swansea 025I,Possession of weapons,Awaiting court outcome,
e341959985206e7dfd26512054c7fdc6c4904f3465f4fd9d368a0c64756f1821,2024-09,South Wales Police,South Wales Police,-3.952946,51.615072,On or near Burrows Road,W01001997,Swansea 025I,Public order,Unable to prosecute suspect,
81a5fc872590d15319a2b8e7950641e506aa8065bc1cf7d92c381e17cb9334bc,2024-09,South Wales Police,South Wales Police,-3.941942,51.614182,On or near Supermarket,W01001997,Swansea 025I,Public order,Under investigation,
bd6f319b5bb05df67691898143ab140cbbd1ba455eaf6ed1b2fcb8ff20b5f197,2024-09,South Wales Police,South Wales Police,-3.938607,51.618556,On or near Nightclub,W01001997,Swansea 025I,Public order,Awaiting court outcome,
02fa77802847fc8f17781290691dcda890c94c4818831ef1a6090f247a0d1d01,2024-09,South Wales Police,South Wales Police,-3.941942,51.614182,On or near Supermarket,W01001997,Swansea 025I,Shoplifting,Awaiting court outcome,
d22ac21d501242d18a04188d05cf5b009517254eb49b9fa425ce26552c8310de,2024-09,South Wales Police,South Wales Police,-3.941942,51.614182,On or near Supermarket,W01001997,Swansea 025I,Shoplifting,Awaiting court outcome,
d004744d0a59c5878c8d3fce66537ff86617212b477bf980b41a225102aaf3c5,2024-09,South Wales Police,South Wales Police,-3.941942,51.614182,On or near Supermarket,W01001997,Swansea 025I,Shoplifting,Investigation complete; no suspect identified,
5b01b7cc0d987454a029d10f4265a650a637496c17882e980156c3dd6d6ede72,2024-09,South Wales Police,South Wales Police,-3.941942,51.614182,On or near Supermarket,W01001997,Swansea 025I,Shoplifting,Investigation complete; no suspect identified,
5cbd98814b2893bced5203ae4b4717e8e3b07d8dd025f488c6af82189e9a6109,2024-09,South Wales Police,South Wales Police,-3.941942,51.614182,On or near Supermarket,W01001997,Swansea 025I,Shoplifting,Awaiting court outcome,
85180326a5129092fc45e24e837294fa40711bcc5bc5ef34203439b1dbaf8899,2024-09,South Wales Police,South Wales Police,-3.941942,51.614182,On or near Supermarket,W01001997,Swansea 025I,Shoplifting,Investigation complete; no suspect identified,
1b27fecbf642ca9511793d0ab22dd18e6606a14dac80209b3b5aafefaf2d856b,2024-09,South Wales Police,South Wales Police,-3.941942,51.614182,On or near Supermarket,W01001997,Swansea 025I,Shoplifting,Awaiting court outcome,
451867497be70b126d8a673f7d35284a83786c6e8aa63633cbbcd0387afb2a72,2024-09,South Wales Police,South Wales Police,-3.941942,51.614182,On or near Supermarket,W01001997,Swansea 025I,Shoplifting,Under investigation,
6de6f3a040b73bdcf80b04feaf5ff594b688aa429d449d243ff63681d96ad536,2024-09,South Wales Police,South Wales Police,-3.941942,51.614182,On or near Supermarket,W01001997,Swansea 025I,Shoplifting,Investigation complete; no suspect identified,
9d33a3ffca35a1c8100a28a3a2c57263541beb77b9de2ad63a98c7996a8d155a,2024-09,South Wales Police,South Wales Police,-3.941942,51.614182,On or near Supermarket,W01001997,Swansea 025I,Shoplifting,Investigation complete; no suspect identified,
d0820c99e29ffcf1e2346e1322bd770c80bb028d1c3c89667f871c45501ca79d,2024-09,South Wales Police,South Wales Police,-3.941942,51.614182,On or near Supermarket,W01001997,Swansea 025I,Shoplifting,Investigation complete; no suspect identified,
9382c4d5479ed25239d24a3807584d84d84b0f842670979dd6acc1fbbbd85599,2024-09,South Wales Police,South Wales Police,-3.936976,51.614869,On or near Parking Area,W01001997,Swansea 025I,Shoplifting,Investigation complete; no suspect identified,
4834e0d7f09e0255a556484db441c64081543223be4c7e6f20e97bb1b4511629,2024-09,South Wales Police,South Wales Police,-3.938857,51.618678,On or near Parking Area,W01001997,Swansea 025I,Violence and sexual offences,Unable to prosecute suspect,
7d839ae8e7c7ce74f782ee59d0d81883a759fe7ca7d2600af3e9871a4e82a2d3,2024-09,South Wales Police,South Wales Police,-3.941942,51.614182,On or near Supermarket,W01001997,Swansea 025I,Violence and sexual offences,Under investigation,
1e173a5ef65cfa8775f63c709f7fb275de39189eb5fdc3b8fe0b84453bca271e,2024-09,South Wales Police,South Wales Police,-3.941942,51.614182,On or near Supermarket,W01001997,Swansea 025I,Violence and sexual offences,Unable to prosecute suspect,
117cfb05b5f2a61a04e4a944f201d4239ce7166815bf10d9363c7e8b1a40f8a1,2024-09,South Wales Police,South Wales Police,-3.938857,51.618678,On or near Parking Area,W01001997,Swansea 025I,Violence and sexual offences,Offender given a caution,
7a6b3ff233ca4a9f469ddcc365232af3bac6ccce13c890ae7a44906866d95790,2024-09,South Wales Police,South Wales Police,-3.938857,51.618678,On or near Parking Area,W01001997,Swansea 025I,Violence and sexual offences,Unable to prosecute suspect,
dee24b2cea231977cfa16a02be83a95bdf241ca049d0d662b411865b4286a9a4,2024-09,South Wales Police,South Wales Police,-3.936279,51.617830,On or near Cambrian Place,W01001997,Swansea 025I,Violence and sexual offences,Unable to prosecute suspect,
55d3235591ba83e73d5d4fb52680e2b9b190c231b7f90f853ed67b6a1dd63bd9,2024-09,South Wales Police,South Wales Police,-3.938857,51.618678,On or near Parking Area,W01001997,Swansea 025I,Violence and sexual offences,Unable to prosecute suspect,
bbaf4ea528270e4c2d9049c4fb41341b19c47e72b0c2f25fee69288acbadc4d0,2024-09,South Wales Police,South Wales Police,-3.940542,51.616852,On or near Sports/Recreation Area,W01001997,Swansea 025I,Violence and sexual offences,Unable to prosecute suspect,
34f1b5bb26abd3067ca37dc9fd6303bb32a198af5619c2a2a9447650365bee1b,2024-09,South Wales Police,South Wales Police,-3.938857,51.618678,On or near Parking Area,W01001997,Swansea 025I,Violence and sexual offences,Awaiting court outcome,
e7a296415cbffe864f101aeafb5894b8145440166794f004dc5303fa438211d2,2024-09,South Wales Police,South Wales Police,-3.936279,51.617830,On or near Cambrian Place,W01001997,Swansea 025I,Violence and sexual offences,Unable to prosecute suspect,
2a13e4082b2d32dddb4cf420012bbf23ac87c711c8fb11f95e490b0e832038bf,2024-09,South Wales Police,South Wales Police,-3.941942,51.614182,On or near Supermarket,W01001997,Swansea 025I,Violence and sexual offences,Awaiting court outcome,
06f44b47db0c57d2a481098722142e933d75b019e3057b89c20b4e03efdd9b01,2024-09,South Wales Police,South Wales Police,-3.938857,51.618678,On or near Parking Area,W01001997,Swansea 025I,Violence and sexual offences,Awaiting court outcome,
9088b1fbd6cd6526ba6232cd9894cd62bb8c2fb48456c9db70bdc7b5d2773ef5,2024-09,South Wales Police,South Wales Police,-3.947828,51.615643,On or near Paxton Street,W01001997,Swansea 025I,Violence and sexual offences,Unable to prosecute suspect,
6cf75879810564fe077e7334b6b0dd1ce9d00a0a9228c0ea57092822ae68bf44,2024-09,South Wales Police,South Wales Police,-3.938857,51.618678,On or near Parking Area,W01001997,Swansea 025I,Violence and sexual offences,Unable to prosecute suspect,
42e00a64134cff7696b1bb7201012e81556b193940da5c1d10d6d93038a92805,2024-09,South Wales Police,South Wales Police,-3.950934,51.616985,On or near Madoc Street,W01001997,Swansea 025I,Violence and sexual offences,Unable to prosecute suspect,
d62c977f5a602b0211d6f3070539fddc54912628e1e60b521716b66ccd781685,2024-09,South Wales Police,South Wales Police,-3.948886,51.615383,On or near Prison,W01001997,Swansea 025I,Other crime,Awaiting court outcome,
,2024-09,South Wales Police,South Wales Police,-3.960686,51.612668,On or near Parking Area,W01000749,Swansea 026A,Anti-social behaviour,,
,2024-09,South Wales Police,South Wales Police,-3.960686,51.612668,On or near Parking Area,W01000749,Swansea 026A,Anti-social behaviour,,
,2024-09,South Wales Police,South Wales Police,-3.956271,51.615475,On or near Clews Mews,W01000749,Swansea 026A,Anti-social behaviour,,
47f0e7d51cac471c8dc156d945bba5ab9665329b6d8356678b77412235efffbc,2024-09,South Wales Police,South Wales Police,-3.955752,51.616851,On or near St Helen'S Road,W01000749,Swansea 026A,Bicycle theft,Investigation complete; no suspect identified,
4838a3754cac304794b9d8fada0f0fe2963c23db99e20dd0ec5e0991cf6da97e,2024-09,South Wales Police,South Wales Police,-3.956303,51.614207,On or near Bond Street,W01000749,Swansea 026A,Criminal damage and arson,Investigation complete; no suspect identified,
c9263f891cd6c6b24b0f848fca564dd7af314af37c1ba6c3ab583bbc188ee7f7,2024-09,South Wales Police,South Wales Police,-3.960686,51.612668,On or near Parking Area,W01000749,Swansea 026A,Criminal damage and arson,Investigation complete; no suspect identified,
10b0e607046ce438f8ed4e344571366360cf94f8dfd890ba44add538ba22204e,2024-09,South Wales Police,South Wales Police,-3.959206,51.613178,On or near Victoria Avenue,W01000749,Swansea 026A,Criminal damage and arson,Awaiting court outcome,
7afe36bf50561f021239d136c7d01118d700ae9b7951217754c57bc49c8e9ec5,2024-09,South Wales Police,South Wales Police,-3.954435,51.614094,On or near Rodney Street,W01000749,Swansea 026A,Criminal damage and arson,Unable to prosecute suspect,
28dfaf0786c3ec3e536586ef93f01b19bf47cff53c725100d449027ff6d4cbe7,2024-09,South Wales Police,South Wales Police,-3.959206,51.613178,On or near Victoria Avenue,W01000749,Swansea 026A,Drugs,Further investigation is not in the public interest,
351bd467db06e07dbf92c12c42848e740580f9237595d81bb08924f44ff64c28,2024-09,South Wales Police,South Wales Police,-3.955752,51.616851,On or near St Helen'S Road,W01000749,Swansea 026A,Drugs,Local resolution,
f2219486a143940c16fac6ab61e8699a0770f61e15780079b1de8cabb62ab203,2024-09,South Wales Police,South Wales Police,-3.955752,51.616851,On or near St Helen'S Road,W01000749,Swansea 026A,Drugs,Unable to prosecute suspect,
411c7aa82020390f495cf11fac0c64957f0e9b1bb67d1bb54b61e3ba89902ec7,2024-09,South Wales Police,South Wales Police,-3.960686,51.612668,On or near Parking Area,W01000749,Swansea 026A,Public order,Investigation complete; no suspect identified,
8e01de070a05189992162b2c58a78f9b80d3493352206a6e8d87608f3f5acc3c,2024-09,South Wales Police,South Wales Police,-3.959206,51.613178,On or near Victoria Avenue,W01000749,Swansea 026A,Public order,Unable to prosecute suspect,
3a3fc1c1d3e3ef528cfea58a59e4a7f9cba4a86223b4e8459bef52dca47cfa69,2024-09,South Wales Police,South Wales Police,-3.960418,51.613149,On or near Guildhall Road South,W01000749,Swansea 026A,Public order,Investigation complete; no suspect identified,
6f6e3e3a51f6277a0f1041c621e1fea87d6ae809e437f64b0f26f1b8e53342c7,2024-09,South Wales Police,South Wales Police,-3.955752,51.616851,On or near St Helen'S Road,W01000749,Swansea 026A,Public order,Unable to prosecute suspect,
24927080220ad78b43249b691605c8a977b27e95b21ec3e40b3b716b3043a2e7,2024-09,South Wales Police,South Wales Police,-3.960418,51.613149,On or near Guildhall Road South,W01000749,Swansea 026A,Public order,Investigation complete; no suspect identified,
bc38de666f6a759dada8ce0ba719da508cd29d0108166551e3b931a19b248f0f,2024-09,South Wales Police,South Wales Police,-3.954435,51.614094,On or near Rodney Street,W01000749,Swansea 026A,Public order,Under investigation,
bf4c67b75a6183ac7b70c7b9269fcf96ad9e5f373d4ace6eafba8be6ba635d78,2024-09,South Wales Police,South Wales Police,-3.959206,51.613178,On or near Victoria Avenue,W01000749,Swansea 026A,Shoplifting,Unable to prosecute suspect,
49021dc7be3b034cc1c583e9394d85240c64a85713298f9758acef69dce2b7cf,2024-09,South Wales Police,South Wales Police,-3.956271,51.615475,On or near Clews Mews,W01000749,Swansea 026A,Theft from the person,Investigation complete; no suspect identified,
edbb42618484b25ac517f1b4ddd1f569fd4b6681e6dfebbba066e7573fa05220,2024-09,South Wales Police,South Wales Police,-3.959206,51.613178,On or near Victoria Avenue,W01000749,Swansea 026A,Theft from the person,Investigation complete; no suspect identified,
d12c3d8016b3dfad1e30737f06275afef90230ed8040a00f618daaf5e98b3e81,2024-09,South Wales Police,South Wales Police,-3.956271,51.615475,On or near Clews Mews,W01000749,Swansea 026A,Theft from the person,Unable to prosecute suspect,
88cc853adf87c570f50c771637cb8759480d36df237a85fafc598eaef01f3d07,2024-09,South Wales Police,South Wales Police,-3.959206,51.613178,On or near Victoria Avenue,W01000749,Swansea 026A,Vehicle crime,Investigation complete; no suspect identified,
50c5a2b462937d24bb6ed33e5ab86d5edd6b88aa86492c90b793b2a3aaea5cd7,2024-09,South Wales Police,South Wales Police,-3.959206,51.613178,On or near Victoria Avenue,W01000749,Swansea 026A,Violence and sexual offences,Investigation complete; no suspect identified,
f9a28d6f3714bc9998d23a363c6edd83e3e3af6701b7c1fe9c01a3f4065b9e30,2024-09,South Wales Police,South Wales Police,-3.954435,51.614094,On or near Rodney Street,W01000749,Swansea 026A,Violence and sexual offences,Under investigation,
7f63314e78288c45b17015068328a1f568eef8bac4e68808f29c794af94e6306,2024-09,South Wales Police,South Wales Police,-3.959206,51.613178,On or near Victoria Avenue,W01000749,Swansea 026A,Violence and sexual offences,Unable to prosecute suspect,
2e06ab6d01aaf88e88f476e1981e5f09ffd37684d02296b94514cceff610cd14,2024-09,South Wales Police,South Wales Police,-3.956303,51.614207,On or near Bond Street,W01000749,Swansea 026A,Violence and sexual offences,Unable to prosecute suspect,
e616f379ac71c6b8f2126c802902a0ce7b3a4958ce0292109fe95c6b74852fb6,2024-09,South Wales Police,South Wales Police,-3.955752,51.616851,On or near St Helen'S Road,W01000749,Swansea 026A,Violence and sexual offences,Unable to prosecute suspect,
e68218dc3baba4edac079a6ac2f72b8806b331ff21b43670c8d624cdfb0c0fbc,2024-09,South Wales Police,South Wales Police,-3.954435,51.614094,On or near Rodney Street,W01000749,Swansea 026A,Violence and sexual offences,Unable to prosecute suspect,
22e7e439ab41fc262a3d7bfe5431fae217bdff8e6186cf1c3955f61969aa1c29,2024-09,South Wales Police,South Wales Police,-3.959206,51.613178,On or near Victoria Avenue,W01000749,Swansea 026A,Violence and sexual offences,Unable to prosecute suspect,
0e689afe26c45b746ceed19f29c54ce8815bd34055caf0180cda36b83ba2b625,2024-09,South Wales Police,South Wales Police,-3.959206,51.613178,On or near Victoria Avenue,W01000749,Swansea 026A,Violence and sexual offences,Unable to prosecute suspect,
f8df18cd561e7f42065a679aa016e1b30c86c6c0fbb9720152bab2d9f640aee0,2024-09,South Wales Police,South Wales Police,-3.954435,51.614094,On or near Rodney Street,W01000749,Swansea 026A,Violence and sexual offences,Under investigation,
295f773e8a9217edf7cca3efa5e66246107eb743becad128b35dfad41c79ebb6,2024-09,South Wales Police,South Wales Police,-3.954435,51.614094,On or near Rodney Street,W01000749,Swansea 026A,Violence and sexual offences,Awaiting court outcome,
ad748a43042491f6a2873b7b4521e275c930f0e883f6ea63616ac320db6a16e9,2024-09,South Wales Police,South Wales Police,-3.960686,51.612668,On or near Parking Area,W01000749,Swansea 026A,Violence and sexual offences,Under investigation,
646dee6b69d0500049e2fe25e1df22156ddadb0fb14c8a2f460642f5193073b8,2024-09,South Wales Police,South Wales Police,-3.959206,51.613178,On or near Victoria Avenue,W01000749,Swansea 026A,Violence and sexual offences,Unable to prosecute suspect,
3ef8b2094fe75ab1505074bc66dbc169208bd3e1a91576a42f113965a79e1f52,2024-09,South Wales Police,South Wales Police,-3.956271,51.615475,On or near Clews Mews,W01000749,Swansea 026A,Violence and sexual offences,Unable to prosecute suspect,
3d5f5c2dc7a3c6b4d2206a11748124204d84da4679b515d35d2965c117bc4bf2,2024-09,South Wales Police,South Wales Police,-3.954435,51.614094,On or near Rodney Street,W01000749,Swansea 026A,Violence and sexual offences,Unable to prosecute suspect,
e72f4ce877445abbff336d64161952781495b8f0572479957a7dae0f3e24b301,2024-09,South Wales Police,South Wales Police,-3.956271,51.615475,On or near Clews Mews,W01000749,Swansea 026A,Violence and sexual offences,Under investigation,
4b78ccb46fcf9347fded7fd584b4c7a8e56f4cdbf2df95f6f0affe1d63f2dd27,2024-09,South Wales Police,South Wales Police,-3.959206,51.613178,On or near Victoria Avenue,W01000749,Swansea 026A,Violence and sexual offences,Unable to prosecute suspect,
7608c19fe43d772e8f4030a917bf61f1ebec2900635b67deddd573c9b7b4fadf,2024-09,South Wales Police,South Wales Police,-3.959206,51.613178,On or near Victoria Avenue,W01000749,Swansea 026A,Violence and sexual offences,Investigation complete; no suspect identified,
921ee70f1da7586a3e700bbf6259c272c8fd1fab526997909f5bf4e761ca6b9c,2024-09,South Wales Police,South Wales Police,-3.956303,51.614207,On or near Bond Street,W01000749,Swansea 026A,Other crime,Under investigation,
,2024-09,South Wales Police,South Wales Police,-3.957135,51.620776,On or near Woodlands Terrace,W01000871,Swansea 026B,Anti-social behaviour,,
0112a08fc2294846eed3d58c5675172f1bad36a10747bf65522530bc19a648e9,2024-09,South Wales Police,South Wales Police,-3.958528,51.616904,On or near Catherine Street,W01000871,Swansea 026B,Criminal damage and arson,Investigation complete; no suspect identified,
8f011f8a69a65e0e5c9ed4f3487d60d4f346608cd6336b5ecebd39c83f0ef034,2024-09,South Wales Police,South Wales Police,-3.958528,51.616904,On or near Catherine Street,W01000871,Swansea 026B,Criminal damage and arson,Awaiting court outcome,
b308bffa9ce1c3c4b3d52e0fcb3b0820f539376b5158f40020a2f425a47bfbec,2024-09,South Wales Police,South Wales Police,-3.959590,51.619754,On or near Bullin'S Lane,W01000871,Swansea 026B,Other theft,Investigation complete; no suspect identified,
e52a39333dd1e48593e031d586f4854a13c457ee5e0bced7302638f6e43fc00c,2024-09,South Wales Police,South Wales Police,-3.959590,51.619754,On or near Bullin'S Lane,W01000871,Swansea 026B,Other theft,Unable to prosecute suspect,
058323d2d63081b8c6a387f120fb7762c566e21972ed6d3649dc3cc601e85200,2024-09,South Wales Police,South Wales Police,-3.958741,51.621837,On or near Rosehill Terrace,W01000871,Swansea 026B,Vehicle crime,Investigation complete; no suspect identified,
6208dba7e5e1c70c40621b42a88232e23cd5b5e740e95f82caa7ee803d5f0b1e,2024-09,South Wales Police,South Wales Police,-3.955715,51.622031,On or near Constitution Hill,W01000871,Swansea 026B,Violence and sexual offences,Under investigation,
bf1fccd27465ccc8ede9ef134df32a8d1303d2cea814ba39d077ae9623de8cb8,2024-09,South Wales Police,South Wales Police,-3.956995,51.618863,On or near Caswell Street,W01000871,Swansea 026B,Violence and sexual offences,Investigation complete; no suspect identified,
,2024-09,South Wales Police,South Wales Police,-3.969505,51.612529,On or near Osborne Terrace,W01000873,Swansea 026C,Anti-social behaviour,,
,2024-09,South Wales Police,South Wales Police,-3.965188,51.616927,On or near Eaton Crescent,W01000873,Swansea 026C,Anti-social behaviour,,
cfdd0d961be0e7dd24b9d9045d9fade21637a19e21490cd18db5b3499082f5ff,2024-09,South Wales Police,South Wales Police,-3.965188,51.616927,On or near Eaton Crescent,W01000873,Swansea 026C,Criminal damage and arson,Under investigation,
d3be5f61a20685ea2d6be88c8634c1c27db6c2f811fe161960e26a2a6584debd,2024-09,South Wales Police,South Wales Police,-3.965188,51.616927,On or near Eaton Crescent,W01000873,Swansea 026C,Criminal damage and arson,Under investigation,
4ee02e9b3aa0964d391b29835eb8640159b6bacdb477f415cd5cda338d5fafb5,2024-09,South Wales Police,South Wales Police,-3.972991,51.610331,On or near Supermarket,W01000873,Swansea 026C,Shoplifting,Under investigation,
4475780924f8e6d65209e55869036d1408bd37dca2f02ade3809213c3cddfce8,2024-09,South Wales Police,South Wales Police,-3.966653,51.614061,On or near Finsbury Terrace,W01000873,Swansea 026C,Shoplifting,Awaiting court outcome,
055efaa82f9093907557d658bb1a125c90aa1c05130aeab448ae12d60ce31bdc,2024-09,South Wales Police,South Wales Police,-3.972991,51.610331,On or near Supermarket,W01000873,Swansea 026C,Shoplifting,Awaiting court outcome,
fa2059f0e154bcdd081e915d7c1cbbafb802a80334d2677cfdad8707803c814d,2024-09,South Wales Police,South Wales Police,-3.972991,51.610331,On or near Supermarket,W01000873,Swansea 026C,Shoplifting,Awaiting court outcome,
08b2967f7e700339974ad1af2b87e4e1f8d66e6cd0d83e8ec33d76e1723203dc,2024-09,South Wales Police,South Wales Police,-3.972991,51.610331,On or near Supermarket,W01000873,Swansea 026C,Shoplifting,Under investigation,
eb8500c849113b2954d859149f34f3da35d496f8868e997c7aedbc9bb0560e69,2024-09,South Wales Police,South Wales Police,-3.965188,51.616927,On or near Eaton Crescent,W01000873,Swansea 026C,Violence and sexual offences,Unable to prosecute suspect,
4ceff10c5e3a5513d528f12f115b36ee5c55c3b0bbbe12957779458aec35e5cd,2024-09,South Wales Police,South Wales Police,-3.969505,51.612529,On or near Osborne Terrace,W01000873,Swansea 026C,Violence and sexual offences,Unable to prosecute suspect,
5e68ac5f2527837bda0e8c297c7d3053d69c58523b09a6c701b4626cf614f421,2024-09,South Wales Police,South Wales Police,-3.969505,51.612529,On or near Osborne Terrace,W01000873,Swansea 026C,Violence and sexual offences,Investigation complete; no suspect identified,
73e4f1438a9ad67efed0aebb6af4acef143efdb8e4664187193e24a2765d5b1d,2024-09,South Wales Police,South Wales Police,-3.961395,51.617063,On or near Bonville Terrace,W01000873,Swansea 026C,Violence and sexual offences,Unable to prosecute suspect,
3f227311cfaea6125a9b0c0b9bd5fe7ef1312829ead4091e2dc389b1b78136c3,2024-09,South Wales Police,South Wales Police,-3.966653,51.614061,On or near Finsbury Terrace,W01000873,Swansea 026C,Violence and sexual offences,Awaiting court outcome,
4165854c0094001d827830a3cd9481e3a96244b7b7b0b03ff6d8ce6545d86f05,2024-09,South Wales Police,South Wales Police,-3.966653,51.614061,On or near Finsbury Terrace,W01000873,Swansea 026C,Violence and sexual offences,Awaiting court outcome,
fb3a111c73d944e989ae6aeae6d4340643cfe95dbf18a31d3d6a0d17e29c0705,2024-09,South Wales Police,South Wales Police,-3.969505,51.612529,On or near Osborne Terrace,W01000873,Swansea 026C,Violence and sexual offences,Investigation complete; no suspect identified,
bec0d5c0bf6871c1e9c15c599911158f707f86ab65f521b63913c38aef050ff7,2024-09,South Wales Police,South Wales Police,-3.971763,51.611970,On or near Malvern Terrace,W01000873,Swansea 026C,Violence and sexual offences,Under investigation,
5fd9ec2482fca2d7c010afd2872056e99faebc09cfc06c9ae45c301a92fe1ddd,2024-09,South Wales Police,South Wales Police,-3.969505,51.612529,On or near Osborne Terrace,W01000873,Swansea 026C,Violence and sexual offences,Unable to prosecute suspect,
598dd01807f4b2ae0d3ae6306349b3f7c1ce6ed893550f4204e0bf4df4c7155b,2024-09,South Wales Police,South Wales Police,-3.964883,51.614864,On or near Victoria Terrace,W01000875,Swansea 026D,Criminal damage and arson,Under investigation,
6b80e78af685e2f56bc9c919feb0dce8ffc81602e7398c670d6121d3fbf6cf14,2024-09,South Wales Police,South Wales Police,-3.962126,51.613912,On or near Francis Street,W01000875,Swansea 026D,Shoplifting,Investigation complete; no suspect identified,
05123edae92cd436a383a87e8d3944b509c13dcff4ccd1e1e8fc3d1f9b7a593b,2024-09,South Wales Police,South Wales Police,-3.962126,51.613912,On or near Francis Street,W01000875,Swansea 026D,Shoplifting,Investigation complete; no suspect identified,
1f210ce555e20be302d3adeff37afa2235834215451d6b03c3188bc3177aa12f,2024-09,South Wales Police,South Wales Police,-3.964301,51.612778,On or near Gorse Lane,W01000875,Swansea 026D,Violence and sexual offences,Unable to prosecute suspect,
26e248b8d00ea5a7d62bdcb39c9c380332fd4ca81095bd644dc0823c0dbedd39,2024-09,South Wales Police,South Wales Police,-3.959025,51.617705,On or near Westbury Street,W01000875,Swansea 026D,Violence and sexual offences,Under investigation,
9b41050546c83ccab8660bd39a65adf752c5ba8e3cae464b37ee1534c5a27586,2024-09,South Wales Police,South Wales Police,-3.962938,51.614995,On or near King Edward'S Road,W01000875,Swansea 026D,Violence and sexual offences,Under investigation,
ecf94518f93b3dacb25a8d281171022411d6cebf8d4f4fa323b28eb9f9338a47,2024-09,South Wales Police,South Wales Police,-3.958898,51.618453,On or near Westbury Lane,W01000875,Swansea 026D,Violence and sexual offences,Unable to prosecute suspect,
ae75a205f43e49ffb2a3716d0eb220477f93956bfc8b70bf20cb0148e3338a45,2024-09,South Wales Police,South Wales Police,-3.964993,51.615078,On or near Bay View Terrace,W01000875,Swansea 026D,Violence and sexual offences,Unable to prosecute suspect,
4078b6c9723c360e99f4d5581623cccef2ca9064fa1f56a9770c21c9a2d04fb4,2024-09,South Wales Police,South Wales Police,-3.972705,51.612386,On or near Penbryn Terrace,W01000876,Swansea 026E,Public order,Unable to prosecute suspect,
f2e79af640c585f5d58c1b5d7e490385800cb3cd98f25ea2c997120ea91c79d9,2024-09,South Wales Police,South Wales Police,-3.984148,51.620421,On or near Vivian Road,W01000858,Swansea 027A,Drugs,Awaiting court outcome,
7f11b6267d3a4d2eddc3b57700aa272bbf177219b682e446bce4fe50ce3fd543,2024-09,South Wales Police,South Wales Police,-3.985081,51.621268,On or near Lon Cae Banc,W01000858,Swansea 027A,Vehicle crime,Investigation complete; no suspect identified,
91786acd51741ded0b8debaebba7ee49e4acd48ffb18e19cd71d2adafbe3fc69,2024-09,South Wales Police,South Wales Police,-3.985775,51.619629,On or near Kimberley Close,W01000858,Swansea 027A,Violence and sexual offences,Investigation complete; no suspect identified,
63e3d5b10bbe7f54f8e5f979345a8a65f1e909111d8bcd76a601a694d205d4a2,2024-09,South Wales Police,South Wales Police,-4.003479,51.614229,On or near New Mill Road,W01000859,Swansea 027B,Violence and sexual offences,Unable to prosecute suspect,
a33855c583dac0d13d7a81e3994c22b1988696f6bdb59ab225f2b5f3fb796c82,2024-09,South Wales Police,South Wales Police,-3.998897,51.610872,On or near Coed Mor,W01000860,Swansea 027C,Violence and sexual offences,Investigation complete; no suspect identified,
44d930b55bcb6dda5bd1054202270824648f0c87013b34e6220425aa34b9b5b3,2024-09,South Wales Police,South Wales Police,-3.987504,51.607631,On or near Sports/Recreation Area,W01000861,Swansea 027D,Drugs,Awaiting court outcome,
c60bcf598962fb9ed73b0d56ab81ebd638e76fcba61bcd29442456986c6472ad,2024-09,South Wales Police,South Wales Police,-3.984680,51.618038,On or near Petrol Station,W01000861,Swansea 027D,Other theft,Under investigation,
241283cdc50346f8ec636e55d17604355c48fbc709c4c3432dc923f8bc891b09,2024-09,South Wales Police,South Wales Police,-3.988331,51.608030,On or near Parking Area,W01000861,Swansea 027D,Public order,Under investigation,
9ad4ba53e5ecbd98e9db1960fcd09d158426e34d2f62aad950937c760b86870b,2024-09,South Wales Police,South Wales Police,-3.984785,51.609034,On or near Hospital,W01000861,Swansea 027D,Public order,Unable to prosecute suspect,
3dae492ecfbc46019971f062b29d3908b72284302fd5ff7462094c04b58fc23d,2024-09,South Wales Police,South Wales Police,-3.984785,51.609034,On or near Hospital,W01000861,Swansea 027D,Vehicle crime,Investigation complete; no suspect identified,
f0f3f1249e8eb4e0a1efe0ef79dfb8f6520f9ddd49744f14384cb4031e9de1d2,2024-09,South Wales Police,South Wales Police,-3.990710,51.615544,On or near Raleigh Close,W01000861,Swansea 027D,Violence and sexual offences,Unable to prosecute suspect,
0e85be12f36c628c7dd09413b911a624ce64ab828f2bb826391c0da453725983,2024-09,South Wales Police,South Wales Police,-4.051751,51.580266,On or near St Teilo'S Court,W01000736,Swansea 028A,Bicycle theft,Investigation complete; no suspect identified,
a13f3051b04ff101ed73040edbd5cef8889292906a92b603d2acc80b4b314cbb,2024-09,South Wales Police,South Wales Police,-4.049939,51.578482,On or near Vensland,W01000736,Swansea 028A,Other theft,Unable to prosecute suspect,
253f3fe2e6dbe91e278a73dc7c29ee6e7d974a905e5bae617d17b2518a1a5830,2024-09,South Wales Police,South Wales Police,-4.050793,51.580787,On or near South Close,W01000736,Swansea 028A,Other theft,Investigation complete; no suspect identified,
e10174ebe816c7b03c8fa61d246d544f29c9457218d330924e0ef64f787933f2,2024-09,South Wales Police,South Wales Police,-4.049939,51.578482,On or near Vensland,W01000736,Swansea 028A,Other theft,Investigation complete; no suspect identified,
47350d2069d8db09f92dc56e9974c624c51c98fe1c2584b2b56e10e8339804b6,2024-09,South Wales Police,South Wales Police,-4.051880,51.582162,On or near Supermarket,W01000736,Swansea 028A,Shoplifting,Unable to prosecute suspect,
,2024-09,South Wales Police,South Wales Police,-4.042847,51.582544,On or near Tudor Way,W01000737,Swansea 028B,Anti-social behaviour,,
,2024-09,South Wales Police,South Wales Police,-4.047721,51.584995,On or near The Glebe,W01000737,Swansea 028B,Anti-social behaviour,,
ea3ef2fd6f792072d981dfccbadca9166e4c8762cef09b130a514d9f27c906d9,2024-09,South Wales Police,South Wales Police,-4.032775,51.579059,On or near Miles Lane,W01000737,Swansea 028B,Burglary,Investigation complete; no suspect identified,
3646a2456b814c848c6ee5d82857f69a36f806751292847971682e51381beb4d,2024-09,South Wales Police,South Wales Police,-4.032775,51.579059,On or near Miles Lane,W01000737,Swansea 028B,Violence and sexual offences,Local resolution,
ee4eb59c6f2a600d6a4423e45b2aa30d21640ee6fbcceb50e45ad48bdb04c49d,2024-09,South Wales Police,South Wales Police,-3.999706,51.592478,On or near Heneage Drive,W01000804,Swansea 028C,Criminal damage and arson,Investigation complete; no suspect identified,
a0c88836476df297c6882c3b89c3842fec8d295ab0140abcb88dfac4603fdc06,2024-09,South Wales Police,South Wales Police,-3.996772,51.597339,On or near Roman Court,W01000804,Swansea 028C,Criminal damage and arson,Investigation complete; no suspect identified,
f9c378332264c0d06b7d5c30ebc003978f4dd6320a8035a73bd5bd96086f9a54,2024-09,South Wales Police,South Wales Police,-4.009219,51.591470,On or near The Glade,W01000804,Swansea 028C,Criminal damage and arson,Investigation complete; no suspect identified,
87f50a651805acd2f3407e4ae92b4231dbd0f54d01c33919585eb7f2b753e402,2024-09,South Wales Police,South Wales Police,-3.996508,51.596588,On or near Parking Area,W01000804,Swansea 028C,Other theft,Under investigation,
5f5cce8b042cb41a51affd007e84e3d02ecfe7b3b587d5bd4150472a229c4292,2024-09,South Wales Police,South Wales Police,-4.015630,51.584643,On or near Walnut Close,W01000879,Swansea 029A,Criminal damage and arson,Unable to prosecute suspect,
f94c00136d867c9192b16d3e7141e07a334c9dfdab1bc3bc047635cdd77124ae,2024-09,South Wales Police,South Wales Police,-4.015630,51.584643,On or near Walnut Close,W01000879,Swansea 029A,Criminal damage and arson,Unable to prosecute suspect,
690ebd745692d555a9f8d3399569d0c23dfd5be7818b76d5ff9ad58a3d6b3b1c,2024-09,South Wales Police,South Wales Police,-4.015630,51.584643,On or near Walnut Close,W01000879,Swansea 029A,Criminal damage and arson,Unable to prosecute suspect,
5dafee199a006796f82f66a21c367df069b67e62c5f2f6747d337f1e4d65b764,2024-09,South Wales Police,South Wales Police,-4.015630,51.584643,On or near Walnut Close,W01000879,Swansea 029A,Criminal damage and arson,Unable to prosecute suspect,
2339f2da32bf12532a1700395a4c81ef7cd82da27f0602da7ca9e826b47010f7,2024-09,South Wales Police,South Wales Police,-4.015630,51.584643,On or near Walnut Close,W01000879,Swansea 029A,Criminal damage and arson,Investigation complete; no suspect identified,
5b3fce306610c06d614aa6640c5904a85aa8e3dc42d14f67c71619eba5b4dbc6,2024-09,South Wales Police,South Wales Police,-4.015077,51.583231,On or near Huntsmans Cove,W01000879,Swansea 029A,Criminal damage and arson,Investigation complete; no suspect identified,
05c3b4d596a39cd7164e559a36e6412ce6ad157ef133762e83d5a5909df0df2d,2024-09,South Wales Police,South Wales Police,-4.019902,51.580711,On or near Orchid Court,W01000879,Swansea 029A,Criminal damage and arson,Under investigation,
baa6bead153593ab85965c27edc86c1df5ffe83b70cebe96acd233fe248e42c5,2024-09,South Wales Police,South Wales Police,-4.019902,51.580711,On or near Orchid Court,W01000879,Swansea 029A,Criminal damage and arson,Under investigation,
e81f3a2ff39c215b2eb62462ff3bb8f62766bc471a9012d5e668866f541606df,2024-09,South Wales Police,South Wales Police,-4.017239,51.584795,On or near Larkspur Drive,W01000879,Swansea 029A,Criminal damage and arson,Investigation complete; no suspect identified,
42c30baf249b1fe525cc8b5950b09455b60961b434d3a6a7f37111135e8f1db9,2024-09,South Wales Police,South Wales Police,-4.016814,51.582698,On or near Fulmar Close,W01000879,Swansea 029A,Violence and sexual offences,Investigation complete; no suspect identified,
7e83fb408e576a1a4f0b27e7ac8dae1c6457943e0b4042b928da4cabeb35d012,2024-09,South Wales Police,South Wales Police,-4.003048,51.580820,On or near Norton Avenue,W01000880,Swansea 029B,Other theft,Investigation complete; no suspect identified,
179cc66ea2d4cef9c8e197f098dd1b684c1eb32f80012cc653d0f2feae6d7e9e,2024-09,South Wales Police,South Wales Police,-4.004141,51.580064,On or near Hanover Close,W01000880,Swansea 029B,Public order,Investigation complete; no suspect identified,
d267fde9f2be2dd849e3ce6dfbfb8cb74eca8a9998ac8ee18f0828960d8f04c0,2024-09,South Wales Police,South Wales Police,-4.008645,51.581075,On or near Glen Road,W01000880,Swansea 029B,Vehicle crime,Investigation complete; no suspect identified,
08893c5ad0e712d3691c3024a3749ef76769d02551b6b8436a3ea8fe01582776,2024-09,South Wales Police,South Wales Police,-3.998265,51.591549,On or near Mumbles Road,W01000880,Swansea 029B,Violence and sexual offences,Investigation complete; no suspect identified,
4ebd17709182d70e0b47da0e1b4da6a0255e4bfb5e0f0a405fda8cdc8e1bff56,2024-09,South Wales Police,South Wales Police,-4.003048,51.580820,On or near Norton Avenue,W01000880,Swansea 029B,Violence and sexual offences,Under investigation,
43b5397ae31cef8147dfecf2ff0e7461a1d3852354a328703fdf55e865ca1368,2024-09,South Wales Police,South Wales Police,-4.003048,51.580820,On or near Norton Avenue,W01000880,Swansea 029B,Violence and sexual offences,Under investigation,
,2024-09,South Wales Police,South Wales Police,-4.003686,51.589739,On or near Sweet Briar Lane,W01000881,Swansea 029C,Anti-social behaviour,,
,2024-09,South Wales Police,South Wales Police,-4.001951,51.588366,On or near Baywood Avenue,W01000881,Swansea 029C,Anti-social behaviour,,
,2024-09,South Wales Police,South Wales Police,-4.003779,51.586941,On or near Wimble Wood Close,W01000881,Swansea 029C,Anti-social behaviour,,
,2024-09,South Wales Police,South Wales Police,-4.002382,51.587010,On or near Ilston Way,W01000881,Swansea 029C,Anti-social behaviour,,
c2541db08fcb12132e7177c0bef4c0974aa9e1bcb80511ab290c35d6958f1d5b,2024-09,South Wales Police,South Wales Police,-4.005813,51.590179,On or near Fairwood Road,W01000881,Swansea 029C,Burglary,Unable to prosecute suspect,
fd974001733a6ea871077d95e8aa014d07919d4e794b3c781b65c308aa84e4b5,2024-09,South Wales Police,South Wales Police,-4.002382,51.587010,On or near Ilston Way,W01000881,Swansea 029C,Other theft,Investigation complete; no suspect identified,
674cdf22616b7c782e70f55d8ed9ed610ce621e4ff34a9bf02637ea418fcccc3,2024-09,South Wales Police,South Wales Police,-4.004484,51.587855,On or near Warwick Place,W01000881,Swansea 029C,Other theft,Investigation complete; no suspect identified,
0400e933d4c1ce52863431dc7439d9676b4691234027252b56ab5512adf84752,2024-09,South Wales Police,South Wales Police,-4.004484,51.587855,On or near Warwick Place,W01000881,Swansea 029C,Possession of weapons,Awaiting court outcome,
8c1e6845c69f1edd0d0d179dc886f70dc7c7a9a6a2ba2cadc7e53e63f6c7fc2a,2024-09,South Wales Police,South Wales Police,-4.004484,51.587855,On or near Warwick Place,W01000881,Swansea 029C,Public order,Unable to prosecute suspect,
f432c943f62af6c4828c277edebf5ce19af4f8de1bdfe0dc30fc1a97cb36ac8b,2024-09,South Wales Police,South Wales Police,-4.005813,51.590179,On or near Fairwood Road,W01000881,Swansea 029C,Shoplifting,Investigation complete; no suspect identified,
2d8db7754a41edb34a8dbd9595e9142b8582c831344d4df57f9dc4a1f83ef7f5,2024-09,South Wales Police,South Wales Police,-4.005813,51.590179,On or near Fairwood Road,W01000881,Swansea 029C,Shoplifting,Awaiting court outcome,
25ec95203f7a0efb7a42c4f575876eab350b0b837b5b422bdef9ca2754dc70c5,2024-09,South Wales Police,South Wales Police,-4.005813,51.590179,On or near Fairwood Road,W01000881,Swansea 029C,Shoplifting,Awaiting court outcome,
914aa7abcdafc498ce926d123357b85a0fa288a126fe6dbefdc69bb2d47c6bb9,2024-09,South Wales Police,South Wales Police,-4.005813,51.590179,On or near Fairwood Road,W01000881,Swansea 029C,Shoplifting,Investigation complete; no suspect identified,
7ab86b7125ff55682d16fded37b37137141423e1d82125b5476bb89632ad41a6,2024-09,South Wales Police,South Wales Police,-4.005813,51.590179,On or near Fairwood Road,W01000881,Swansea 029C,Shoplifting,Investigation complete; no suspect identified,
dda1626d72a74f36f48cfd9b13acc0da420878796836d3fe929b8c22d2e5beaa,2024-09,South Wales Police,South Wales Police,-4.005813,51.590179,On or near Fairwood Road,W01000881,Swansea 029C,Shoplifting,Investigation complete; no suspect identified,
2fdf0e7100251def14b0ec69dd47319728d4c1863c3a9cd9a711afec9c075092,2024-09,South Wales Police,South Wales Police,-4.005813,51.590179,On or near Fairwood Road,W01000881,Swansea 029C,Shoplifting,Investigation complete; no suspect identified,
a20d541e4c1329a77428be33b12ec4fdfd7876cce0f5d90d101cd1e81fca6e87,2024-09,South Wales Police,South Wales Police,-4.001951,51.588366,On or near Baywood Avenue,W01000881,Swansea 029C,Violence and sexual offences,Unable to prosecute suspect,
54c8e78b91ec38b2abf06e8a703b2994755f4bb4efc601520f40e1115faba1c6,2024-09,South Wales Police,South Wales Police,-4.003476,51.589239,On or near Kenilworth Place,W01000881,Swansea 029C,Violence and sexual offences,Under investigation,
124d3daabcc9f8015e85246294455941d687c9983bf2da9bd16f929996dc49bb,2024-09,South Wales Police,South Wales Police,-4.005813,51.590179,On or near Fairwood Road,W01000881,Swansea 029C,Violence and sexual offences,Unable to prosecute suspect,
1aa9d29788a73e15b6be9c9cade8b440a358cce5cec5860d66bedc8bd418a458,2024-09,South Wales Police,South Wales Police,-4.003476,51.589239,On or near Kenilworth Place,W01000881,Swansea 029C,Violence and sexual offences,Unable to prosecute suspect,
,2024-09,South Wales Police,South Wales Police,-4.010065,51.589693,On or near Olive Road,W01000882,Swansea 029D,Anti-social behaviour,,
,2024-09,South Wales Police,South Wales Police,-4.012454,51.589202,On or near Mulberry Avenue,W01000882,Swansea 029D,Anti-social behaviour,,
d57163820f4958aeefff8ad1d406a70ba86217b8379f2c5b66e33ec6eb126be9,2024-09,South Wales Police,South Wales Police,-4.015262,51.586115,On or near Alder Way,W01000882,Swansea 029D,Burglary,Investigation complete; no suspect identified,
860ea4e1e31544d63c298777bacde4739d4511af4f12481fe694fdc1a35e526b,2024-09,South Wales Police,South Wales Police,-4.010065,51.589693,On or near Olive Road,W01000882,Swansea 029D,Criminal damage and arson,Investigation complete; no suspect identified,
a837273729aee5661dd97ff3a870e86a3304e66004c3d0e8b9aa90ab40ef4440,2024-09,South Wales Police,South Wales Police,-4.010904,51.590704,On or near Lilac Close,W01000882,Swansea 029D,Criminal damage and arson,Investigation complete; no suspect identified,
c4e848e2e08306e73b79d247667103b3b803db1fef68e4ac5fca7d1ac8b6d2cf,2024-09,South Wales Police,South Wales Police,-4.015262,51.586115,On or near Alder Way,W01000882,Swansea 029D,Other theft,Investigation complete; no suspect identified,
a292271ec2c424c18b4d0e1fe2f3ade455697b3cf61b5c8dd201ca0dabca4eb0,2024-09,South Wales Police,South Wales Police,-4.012454,51.589202,On or near Mulberry Avenue,W01000882,Swansea 029D,Public order,Unable to prosecute suspect,
3e022655e144e83861ee286cb1e49e67957b205eb5ec4902d41c00e4e438987d,2024-09,South Wales Police,South Wales Police,-4.010065,51.589693,On or near Olive Road,W01000882,Swansea 029D,Public order,Unable to prosecute suspect,
e514779efff9aac66b85e1a9780ce9ba75580d08f585003570f3a0d8b25816ea,2024-09,South Wales Police,South Wales Police,-4.012454,51.589202,On or near Mulberry Avenue,W01000882,Swansea 029D,Public order,Under investigation,
85b587857c863381fa3b2debb6b94f6b238554500fcdfd91d7448fb6cd8a7350,2024-09,South Wales Police,South Wales Police,-4.012365,51.587504,On or near Birchfield Road,W01000882,Swansea 029D,Violence and sexual offences,Unable to prosecute suspect,
71466c0d92d694dd99eaf5504c2682b079269d44e9656c4393a9908d5ba249e0,2024-09,South Wales Police,South Wales Police,-4.015262,51.586115,On or near Alder Way,W01000882,Swansea 029D,Violence and sexual offences,Unable to prosecute suspect,
128eab1a8806bd8f62ddb9fb9cd9258685a8b934c84cd3c9810e7620af93feb5,2024-09,South Wales Police,South Wales Police,-4.015262,51.586115,On or near Alder Way,W01000882,Swansea 029D,Violence and sexual offences,Unable to prosecute suspect,
146ef7fbc0d801fdc208c045b6b517e9f802b59b0d8856a1d7011bb0d3188062,2024-09,South Wales Police,South Wales Police,-4.012454,51.589202,On or near Mulberry Avenue,W01000882,Swansea 029D,Violence and sexual offences,Unable to prosecute suspect,
c7db4eb301e442fc661452b33c729be33e5e350834c216cbb2d90579c29ce62a,2024-09,South Wales Police,South Wales Police,-4.202364,51.549433,On or near Underhill Lane,W01000775,Swansea 030A,Violence and sexual offences,Unable to prosecute suspect,
03b63b6c5e6f96eee949a732038c641298b91592c1541cd08831ac1cb7b6a23c,2024-09,South Wales Police,South Wales Police,-4.278541,51.600550,On or near Moor Lane,W01000775,Swansea 030A,Violence and sexual offences,Awaiting court outcome,
d4fc8268327322aa594f15eeeae5579c18688e036af01dac8df66078ebeb16ac,2024-09,South Wales Police,South Wales Police,-4.269010,51.600546,On or near Clos St Cenydd,W01000775,Swansea 030A,Violence and sexual offences,Unable to prosecute suspect,
,2024-09,South Wales Police,South Wales Police,-4.240455,51.607759,On or near Kyfts Lane,W01000776,Swansea 030B,Anti-social behaviour,,
c19ef73168fec5014f62ecb2b222c5a14c078e4887bba67c00b5c3f9ec5811c2,2024-09,South Wales Police,South Wales Police,-4.168772,51.606462,On or near Petrol Station,W01000776,Swansea 030B,Criminal damage and arson,Under investigation,
2edc4a3edcb3d28b2edb53dd7bdce70618b1629943fca37f2dc3df95f4274502,2024-09,South Wales Police,South Wales Police,-4.150308,51.575044,On or near Parking Area,W01000776,Swansea 030B,Theft from the person,Investigation complete; no suspect identified,
e51be93d336a5ae7d177d0945bb3f2c9a72238c1529886770dffd813b9a61c68,2024-09,South Wales Police,South Wales Police,-4.097052,51.587946,On or near Lunnon Close,W01000776,Swansea 030B,Vehicle crime,Under investigation,
bd24cc8bb47879493b09ebce17dbf3946af7c0237f3ebb8da30b5b1f6c1456a6,2024-09,South Wales Police,South Wales Police,-4.170899,51.610163,On or near Osborne Place,W01000776,Swansea 030B,Violence and sexual offences,Unable to prosecute suspect,
aab1ed9cbc6b6536984f93b1a1b546be536c8b7b217defeebfdf68ab72c6e0fe,2024-09,South Wales Police,South Wales Police,-4.157015,51.618795,On or near Sports/Recreation Area,W01000776,Swansea 030B,Violence and sexual offences,Under investigation,
a736b4d6e5a195a01c7f3fd72dfb624f1fb457c10323918138039c53c7436ae9,2024-09,South Wales Police,South Wales Police,-4.196017,51.590137,On or near Applegrove,W01000776,Swansea 030B,Violence and sexual offences,Under investigation,
bafdbf245e8291a7dd3ddf86fdedd5069794eaec5707f0702c397abfbf1188c1,2024-09,South Wales Police,South Wales Police,-4.087857,51.578847,On or near Pennard Drive,W01000840,Swansea 030D,Drugs,Unable to prosecute suspect,
6cc0a43dc9efacde9e251238c7fb7976f15d41ce6075e18a4675fcc7cc9ccca1,2024-09,South Wales Police,South Wales Police,-4.008956,51.571763,On or near Clifflands Close,W01000824,Swansea 031B,Vehicle crime,Investigation complete; no suspect identified,
b7fcd1fa46d5339b7787b08a34e0caa01cb8832a27062e1fbf45ffd916eab4e5,2024-09,South Wales Police,South Wales Police,-4.008956,51.571763,On or near Clifflands Close,W01000824,Swansea 031B,Violence and sexual offences,Unable to prosecute suspect,
14e347e3bbe20745ed22640fdc0668eb9e70cfd51e55161bb07344ce1a0c12aa,2024-09,South Wales Police,South Wales Police,-3.995170,51.573644,On or near Devon Place,W01000825,Swansea 031C,Public order,Investigation complete; no suspect identified,
ac1be0c9daed5a561b7383512c61d62956b7b73b48293129efcca5dd20956021,2024-09,South Wales Police,South Wales Police,-4.000395,51.575299,On or near Walters Crescent,W01000825,Swansea 031C,Shoplifting,Unable to prosecute suspect,
ec3730c0aae1c3cae411d6773b5f6d2adf01c904d7b6060bd3ce41e208435bb3,2024-09,South Wales Police,South Wales Police,-4.000395,51.575299,On or near Walters Crescent,W01000825,Swansea 031C,Shoplifting,Investigation complete; no suspect identified,
4cefabfa045c5674531853d503b07eef109e3bea4f4ae951b61db2773a1450e0,2024-09,South Wales Police,South Wales Police,-4.000395,51.575299,On or near Walters Crescent,W01000825,Swansea 031C,Shoplifting,Further investigation is not in the public interest,
541a414bc37422f21b991d804932691444a1cb3c687762e5f6ad2cf7e3e64bbb,2024-09,South Wales Police,South Wales Police,-3.996637,51.574509,On or near Parking Area,W01000825,Swansea 031C,Vehicle crime,Investigation complete; no suspect identified,
8d954b6c18e0bcfd8368985dfcb53f535148b64668bb6ffea70a1a6efad85a1d,2024-09,South Wales Police,South Wales Police,-4.000723,51.574547,On or near Gower Place,W01000825,Swansea 031C,Violence and sexual offences,Unable to prosecute suspect,
b0b7c859b95db83b6b1c366e7dcd141b092522aa4aa57f1d2b55449ca8487deb,2024-09,South Wales Police,South Wales Police,-4.000723,51.574547,On or near Gower Place,W01000825,Swansea 031C,Violence and sexual offences,Unable to prosecute suspect,
f8b0b9fa1a6577fed559b45cd7d1dd3772c3bb560f19137692c37468097a84f5,2024-09,South Wales Police,South Wales Police,-3.986032,51.566946,On or near Limeslade Drive,W01000826,Swansea 031D,Bicycle theft,Investigation complete; no suspect identified,
0b289c16fce197bda49ce03ed1cce5c60c9fbf7792af606f110bb1e6e0fa1958,2024-09,South Wales Police,South Wales Police,-3.986032,51.566946,On or near Limeslade Drive,W01000826,Swansea 031D,Criminal damage and arson,Investigation complete; no suspect identified,
e8596649857747830c0b13b3820c87b34e7bc5445da55e0a64e41eccfe15010e,2024-09,South Wales Police,South Wales Police,-3.988933,51.571600,On or near George Bank,W01000826,Swansea 031D,Violence and sexual offences,Unable to prosecute suspect,
a3b51a1de174e1d642a7c5386d56e735bfce85b462dbdaf00262090826a2d703,2024-09,South Wales Police,South Wales Police,-3.994961,51.570518,On or near Western Close,W01000826,Swansea 031D,Violence and sexual offences,Under investigation,
c892ce5af7b9d6a854219927d9783757299b4157aa608107b489948b6ea09c8d,2024-09,South Wales Police,South Wales Police,-4.008036,51.575447,On or near Coltshill Drive,W01000827,Swansea 031E,Criminal damage and arson,Investigation complete; no suspect identified,
9635b0a0c2358366d417c78bec6cfc59e1e3d2d1bebd9ebcaee2137c24867dbf,2024-09,South Wales Police,South Wales Police,-4.000065,51.575988,On or near Castle Crescent,W01000827,Swansea 031E,Criminal damage and arson,Investigation complete; no suspect identified,
add20f314da41e8c2960b780acfcb136455e0cd1c0c8f6d020a7c55697bdb16d,2024-09,South Wales Police,South Wales Police,-4.000065,51.575988,On or near Castle Crescent,W01000827,Swansea 031E,Other theft,Investigation complete; no suspect identified,
c84e212c1b390085c0af86dbc060b67381e3663fa6f64681c0471d99ad9d28fe,2024-09,South Wales Police,South Wales Police,-4.004744,51.578040,On or near Castle Road,W01000827,Swansea 031E,Public order,Unable to prosecute suspect,
854f4221a6f4046551e356f6e93af31a7f62337a70bada988c95fd5c61278b14,2024-09,South Wales Police,South Wales Police,-4.006799,51.572906,On or near Langland Close,W01000827,Swansea 031E,Vehicle crime,Investigation complete; no suspect identified,
e2f75a6ac86a20ac76a54d81fbee4f92b55adf45b820391c47128f3485332068,2024-09,South Wales Police,South Wales Police,-4.003750,51.574145,On or near Queen'S Road,W01000827,Swansea 031E,Vehicle crime,Under investigation,
dcb3f06eed9ef57345c27500bac65a9b7828c87ce7deee5e23a2d6d86e65d86e,2024-09,South Wales Police,South Wales Police,-4.008036,51.575447,On or near Coltshill Drive,W01000827,Swansea 031E,Violence and sexual offences,Unable to prosecute suspect,
48e573d4518ff19360bd1b314cf956b5715a6cb674b987005f9d397f2832326a,2024-09,South Wales Police,South Wales Police,-4.000065,51.575988,On or near Castle Crescent,W01000827,Swansea 031E,Violence and sexual offences,Investigation complete; no suspect identified,
6da87dfe45c17f74ce88292ede85049599b5d57f4245b42228925ad5e4879498,2024-09,South Wales Police,South Wales Police,-4.001618,51.574892,On or near Chapel Street,W01000827,Swansea 031E,Violence and sexual offences,Unable to prosecute suspect,
46fac013b6b57e92527a8bc989ba3f1f4afe5d2df17458235fde2e459bfab5de,2024-09,South Wales Police,South Wales Police,-4.043030,51.628115,On or near Cefn Celyn,W01000768,Swansea 032A,Burglary,Investigation complete; no suspect identified,
46b729120aad1af3cdd7810afe0e302a0f8afd0b2f3e8c69341b407e939db46c,2024-09,South Wales Police,South Wales Police,-4.033766,51.625471,On or near Dunvant Square,W01000768,Swansea 032A,Public order,Unable to prosecute suspect,
0d53824bb86c0619231138a741b7f3fd2c5ff400785df9cc1fae5e02ae1b09bf,2024-09,South Wales Police,South Wales Police,-4.005483,51.625283,On or near Hendre-Foilan Road,W01001956,Swansea 032C,Criminal damage and arson,Investigation complete; no suspect identified,
82477dfafa13dfadd31d996862cda249aa2b7787afe6a203b75f462f046a0e11,2024-09,South Wales Police,South Wales Police,-4.024043,51.616394,On or near St Christopher Drive,W01001956,Swansea 032C,Public order,Unable to prosecute suspect,
81ca077b14f6df425646fc6517b54befb6247e1ac4b51a67fe333f1af35a2fc1,2024-09,South Wales Police,South Wales Police,-4.023986,51.613158,On or near Rowan Close,W01001956,Swansea 032C,Public order,Investigation complete; no suspect identified,
cb88b032accf899ade9cf0f33508168ad7fc704407142a5fc6bbc946b7c35157,2024-09,South Wales Police,South Wales Police,-4.018637,51.617935,On or near Supermarket,W01001956,Swansea 032C,Shoplifting,Unable to prosecute suspect,
77065b43144350466c107dfca427f08724d58b8e9a2d528756f367c729feddaa,2024-09,South Wales Police,South Wales Police,-4.023986,51.613158,On or near Rowan Close,W01001956,Swansea 032C,Vehicle crime,Investigation complete; no suspect identified,
a4e50e92087f57f115e6590f93ab555f268d49145735aca709c38faceb0693b5,2024-09,South Wales Police,South Wales Police,-4.024043,51.616394,On or near St Christopher Drive,W01001956,Swansea 032C,Violence and sexual offences,Unable to prosecute suspect,
582af9f18a6b10ab018bd5a93500dd1c298c3b3c284be14eb05a00ac19922861,2024-09,South Wales Police,South Wales Police,-4.025534,51.615820,On or near St Aiden Drive,W01001956,Swansea 032C,Violence and sexual offences,Unable to prosecute suspect,
5ed3cdc15e471c3a3493c9a4505f0ae51d57b5e68fa114b12ae6c890750c4d1d,2024-09,South Wales Police,South Wales Police,-4.020805,51.625110,On or near Penallt,W01000770,Swansea 032D,Public order,Investigation complete; no suspect identified,
dc6a45f70513ef174474a5f106e101db42f7dd91675986fad2b45c96a307e8d3,2024-09,South Wales Police,South Wales Police,-4.020805,51.625110,On or near Penallt,W01000770,Swansea 032D,Violence and sexual offences,Under investigation,
b781d1be53ae5041c3dbcc61ea96b286480691bb477f881950fbed662c7a9f5a,2024-09,South Wales Police,South Wales Police,-4.025144,51.620998,On or near B4296,W01000770,Swansea 032D,Violence and sexual offences,Unable to prosecute suspect,
fe0153c3ccc00afb1a0c994df5e849e4a799db2d9be86184f15409b9091226a4,2024-09,South Wales Police,South Wales Police,-4.024499,51.619165,On or near Goetre Fawr Road,W01000782,Swansea 032F,Vehicle crime,Investigation complete; no suspect identified,
876deccaaa05a95d55c5c12d6eb7ed1cd21859da6ba584cad322b7039be9d6db,2024-09,South Wales Police,South Wales Police,-4.025818,51.617335,On or near Ridgeway,W01000782,Swansea 032F,Violence and sexual offences,Unable to prosecute suspect,
a1166132dbbd342bf7eb1c5d8de69f678495d2e6e66ade8368161eec882db347,2024-09,South Wales Police,South Wales Police,-4.039703,51.612886,On or near Edgemoor Close,W01000771,Swansea 032G,Other crime,Under investigation,
b844a8303a27a34683784311a9529e55d686a494c3b71e62b2029af4a856977a,2024-09,South Wales Police,South Wales Police,-1.691491,52.630779,On or near Ankerdrive,E01029838,Tamworth 005C,Violence and sexual offences,Under investigation,
c75b25adbaa315f0bc6c54a1f1641d3ec57c87fcbb3f4915208989cc195a1fa9,2024-09,South Wales Police,South Wales Police,-3.080292,51.777613,On or near Llanfoist Crescent,W01001488,Torfaen 001B,Other theft,Under investigation,
4243ab924973cd8edc76a63d304788906b5055686da6821bf6e604d91ddf5e66,2024-09,South Wales Police,South Wales Police,-3.021532,51.678190,On or near Sherbourne Road,W01001517,Torfaen 006D,Violence and sexual offences,Under investigation,
,2024-09,South Wales Police,South Wales Police,-3.480030,51.511908,On or near Parking Area,W01001105,Vale of Glamorgan 001A,Anti-social behaviour,,
09de6cb18ab92e52cad9d1e0cde107fb79af40fc5f5a48d1b5d28f5dc9ead788,2024-09,South Wales Police,South Wales Police,-3.557261,51.484498,On or near Nantlais,W01001105,Vale of Glamorgan 001A,Burglary,Investigation complete; no suspect identified,
ab55b3f594e543a6b15eca8b87ca1c02626df1467d0e44bece6cca4b1e4d7b2c,2024-09,South Wales Police,South Wales Police,-3.479973,51.434963,On or near Orchard Close,W01001105,Vale of Glamorgan 001A,Criminal damage and arson,Investigation complete; no suspect identified,
9b0f5a099d8e695b408aede162d866a5b88c44fc38c76fdfba94b1bb02386a1d,2024-09,South Wales Police,South Wales Police,-3.498308,51.487442,On or near Twchwyn Garth,W01001105,Vale of Glamorgan 001A,Criminal damage and arson,Unable to prosecute suspect,
4f9116fe4eff85869e898a1693dbf1a2b3f28fb540245d36416abc0232efaab3,2024-09,South Wales Police,South Wales Police,-3.484804,51.491202,On or near Timbers Green,W01001105,Vale of Glamorgan 001A,Criminal damage and arson,Awaiting court outcome,
84e1e222d6300bb2b472b3e42b034d0b6a5c76c202185fc74b62eb62f539c9e9,2024-09,South Wales Police,South Wales Police,-3.493165,51.440227,On or near B4270,W01001105,Vale of Glamorgan 001A,Other theft,Investigation complete; no suspect identified,
eb51e0e7c944517b4def09cbb4ce7fe958ef442804bacc916c84ae900d077b86,2024-09,South Wales Police,South Wales Police,-3.493165,51.440227,On or near B4270,W01001105,Vale of Glamorgan 001A,Vehicle crime,Under investigation,
123e74156a6da2ead3152f9553ca2347810a7cb0fa13562e7cbdd5119f8b003f,2024-09,South Wales Police,South Wales Police,-3.562282,51.484746,On or near Corntown Road,W01001105,Vale of Glamorgan 001A,Violence and sexual offences,Under investigation,
b0915c3d74ce990fbc4182fbf74460286863b7de7ae4d22203be31e7d2198a1c,2024-09,South Wales Police,South Wales Police,-3.565107,51.434747,On or near Heol Las,W01001128,Vale of Glamorgan 001C,Public order,Investigation complete; no suspect identified,
dcca12ce60618b459407b20eb05637eb5f8273cfe325c204a04175bd1ac21a69,2024-09,South Wales Police,South Wales Police,-3.558389,51.460555,On or near Wick Road,W01001128,Vale of Glamorgan 001C,Violence and sexual offences,Investigation complete; no suspect identified,
ffe3e012793494d17df1f2e35941914aecab8e14e1eab2909cde5a8729a438db,2024-09,South Wales Police,South Wales Police,-3.550101,51.438148,On or near Church Street,W01001128,Vale of Glamorgan 001C,Violence and sexual offences,Investigation complete; no suspect identified,
6db8c7b5ffb599b95a89cc3efb59bd376c3214203b5cb23cfa40c608f96d9a07,2024-09,South Wales Police,South Wales Police,-3.550171,51.439775,On or near St Brides Road,W01001128,Vale of Glamorgan 001C,Other crime,Investigation complete; no suspect identified,
,2024-09,South Wales Police,South Wales Police,-3.448746,51.462006,On or near A4222,W01001082,Vale of Glamorgan 002A,Anti-social behaviour,,
049e397ece40e6d609e3a016c04e3d085d24dedc003412bfbe47a19f02d9ad50,2024-09,South Wales Police,South Wales Police,-3.450328,51.462841,On or near Coopers Lane,W01001082,Vale of Glamorgan 002A,Burglary,Under investigation,
940c43c0088ad045884405a46fdbbd9ed39fc2c5703329764c7ae6b06eb7e0bb,2024-09,South Wales Police,South Wales Police,-3.450328,51.462841,On or near Coopers Lane,W01001082,Vale of Glamorgan 002A,Criminal damage and arson,Investigation complete; no suspect identified,
dbf5e5ab1fa3863dd595ef71705241ff7044ee482fd260c9d7b71475567b75f6,2024-09,South Wales Police,South Wales Police,-3.456499,51.463601,On or near Hopyard Meadow,W01001082,Vale of Glamorgan 002A,Criminal damage and arson,Unable to prosecute suspect,
0a67a4a13149a8768972e68391e58ebc3215e93b86346a05518d1628ec83e459,2024-09,South Wales Police,South Wales Police,-3.450328,51.462841,On or near Coopers Lane,W01001082,Vale of Glamorgan 002A,Other theft,Investigation complete; no suspect identified,
06b743d91529d02b92dac2aef76f4442ef9e4647e4cc22237f4b88554ee88641,2024-09,South Wales Police,South Wales Police,-3.451310,51.462964,On or near Eagle Lane,W01001082,Vale of Glamorgan 002A,Public order,Investigation complete; no suspect identified,
8a819aa54367aec7143131c700cfe95afa11226bd237a20322135cb3892f1e35,2024-09,South Wales Police,South Wales Police,-3.448746,51.462006,On or near A4222,W01001082,Vale of Glamorgan 002A,Violence and sexual offences,Unable to prosecute suspect,
43a5676d3c41cdfc39da714d1ca807a0813d2de9432210229fe77117d6c4fe27,2024-09,South Wales Police,South Wales Police,-3.448746,51.462006,On or near A4222,W01001082,Vale of Glamorgan 002A,Violence and sexual offences,Under investigation,
72099bf84b616ef23a3d23340fdd50abfef93f1f4780562c6f49037aa841d183,2024-09,South Wales Police,South Wales Police,-3.459085,51.463443,On or near Tyla Rhosyr,W01001082,Vale of Glamorgan 002A,Violence and sexual offences,Unable to prosecute suspect,
6d50211c4d4059466c2fb19e0f80ee0b2a210d1b50a7e7db5de4bf125537593f,2024-09,South Wales Police,South Wales Police,-3.449912,51.461533,On or near Church Street,W01001082,Vale of Glamorgan 002A,Violence and sexual offences,Unable to prosecute suspect,
23dc8fd0846fdbb9d7c66ee092ab498cdc347c2661fab06fe748357f3e8c3433,2024-09,South Wales Police,South Wales Police,-3.443679,51.461089,On or near Melbourne Close,W01001082,Vale of Glamorgan 002A,Violence and sexual offences,Unable to prosecute suspect,
02387ae3282c36399045261cd249d73f9229b235ba05ea6779b5469a3abe9439,2024-09,South Wales Police,South Wales Police,-3.449912,51.461533,On or near Church Street,W01001082,Vale of Glamorgan 002A,Violence and sexual offences,Unable to prosecute suspect,
446c672e0ce89d66829aa6822c49a9c9af66d2d37715e27949c8fa4bafc111e4,2024-09,South Wales Police,South Wales Police,-3.446483,51.460065,On or near Borough Close,W01001082,Vale of Glamorgan 002A,Violence and sexual offences,Unable to prosecute suspect,
3f471bafd862a7c2315fc50975d66140b10c201b7e7f6cc15ff354a2951f277e,2024-09,South Wales Police,South Wales Police,-3.440022,51.436360,On or near St Athan Road,W01001083,Vale of Glamorgan 002B,Criminal damage and arson,Investigation complete; no suspect identified,
d05a5fb478714ea899f21b1105eca50b1d2fc910e22c16d62fd9b7ee8e844b96,2024-09,South Wales Police,South Wales Police,-3.466398,51.460744,On or near Eastfield Close,W01001083,Vale of Glamorgan 002B,Violence and sexual offences,Unable to prosecute suspect,
857ab5733ba8f17c9c50027c9ea531ad5dc17e52bda55b435adc40b67a44f2c3,2024-09,South Wales Police,South Wales Police,-3.466198,51.461259,On or near Dunraven Close,W01001083,Vale of Glamorgan 002B,Violence and sexual offences,Unable to prosecute suspect,
7e807ebf596c97a339d751cc680ef2fea0afd3285fda3eff934d394379ad3f71,2024-09,South Wales Police,South Wales Police,-3.415311,51.465409,On or near Park/Open Space,W01001084,Vale of Glamorgan 002C,Criminal damage and arson,Investigation complete; no suspect identified,
3b35c6f7b3b174fe1b16141c9d42be093391289b5dfa118456ab681559e1a3ab,2024-09,South Wales Police,South Wales Police,-3.413314,51.449229,On or near Llantrithyd Road,W01001084,Vale of Glamorgan 002C,Other theft,Investigation complete; no suspect identified,
109b9c4bf487c52b2899e58a495e0d8a36c7bd5a1f70d05432c671c1ee3f261d,2024-09,South Wales Police,South Wales Police,-3.415311,51.465409,On or near Park/Open Space,W01001084,Vale of Glamorgan 002C,Other theft,Investigation complete; no suspect identified,
b3925670ed2396aafa6b31a580c32de2cb86a6c89149f9edca76870d3877e72c,2024-09,South Wales Police,South Wales Police,-3.413314,51.449229,On or near Llantrithyd Road,W01001084,Vale of Glamorgan 002C,Violence and sexual offences,Unable to prosecute suspect,
a3f219a7a2db7038c4e17360ed2a082d59c605557c7e1c1e87e37d79dab70bed,2024-09,South Wales Police,South Wales Police,-3.442348,51.462256,On or near Millfield Drive,W01001084,Vale of Glamorgan 002C,Violence and sexual offences,Unable to prosecute suspect,
32647851e719162197550cbb36878780b682ba9fcda7f2cc4ba31c508236258a,2024-09,South Wales Police,South Wales Police,-3.415311,51.465409,On or near Park/Open Space,W01001084,Vale of Glamorgan 002C,Violence and sexual offences,Investigation complete; no suspect identified,
a7d3209f3234503b3ba22683457c31f95e10fcc4fffe607423842f409cda7910,2024-09,South Wales Police,South Wales Police,-3.413314,51.449229,On or near Llantrithyd Road,W01001084,Vale of Glamorgan 002C,Violence and sexual offences,Unable to prosecute suspect,
ea861a0f68b320f82d65aa95e0d0a69208dfdca1e01007cb4ed2a677fa5d410b,2024-09,South Wales Police,South Wales Police,-3.447303,51.461889,On or near Town Hall Square,W01001084,Vale of Glamorgan 002C,Other crime,Unable to prosecute suspect,
83588986bb3f9710d63ce842a12ffe705b8d74684fde7097acc08bfc6e13bd6e,2024-09,South Wales Police,South Wales Police,-3.420874,51.492003,On or near Petrol Station,W01001085,Vale of Glamorgan 002D,Other theft,Investigation complete; no suspect identified,
55cf3bda8671a8a555501b76e69cf1f2e83734d815f35ba1ae51a6a503d0dd1e,2024-09,South Wales Police,South Wales Police,-3.464751,51.465784,On or near Parking Area,W01001085,Vale of Glamorgan 002D,Violence and sexual offences,Under investigation,
,2024-09,South Wales Police,South Wales Police,-3.323992,51.478544,On or near Sports/Recreation Area,W01001113,Vale of Glamorgan 003A,Anti-social behaviour,,
a9b1bc282d037b032367f284c9ba903c2762c78541e46a7c0a88126a846e4761,2024-09,South Wales Police,South Wales Police,-3.282105,51.473686,On or near Drope Road,W01001113,Vale of Glamorgan 003A,Criminal damage and arson,Further investigation is not in the public interest,
27c4dedcc7a195ec36aad62a08e6ba34e806f4d1a6fb9c102ca453cf2b02c99a,2024-09,South Wales Police,South Wales Police,-3.426196,51.477938,On or near Maendy Road,W01001113,Vale of Glamorgan 003A,Public order,Unable to prosecute suspect,
dda879196bb3989ed5026c99b5ec213dee771a429fb3501c1a8979b8977547a1,2024-09,South Wales Police,South Wales Police,-3.274845,51.465825,On or near Culverhouse Cross,W01001113,Vale of Glamorgan 003A,Public order,Investigation complete; no suspect identified,
29cf5c348dc1a846bf9f593b201b18d616f6d410ccb6979654bc14d4aec9320f,2024-09,South Wales Police,South Wales Police,-3.274784,51.467144,On or near Supermarket,W01001113,Vale of Glamorgan 003A,Shoplifting,Investigation complete; no suspect identified,
45f84cd0fe439cb467467f71736930baf9c54531830aa2233f6ff99bca8fe4c6,2024-09,South Wales Police,South Wales Police,-3.274784,51.467144,On or near Supermarket,W01001113,Vale of Glamorgan 003A,Shoplifting,Unable to prosecute suspect,
2b93db96b60665d6d9c0c20761ffe1e71cc802cc0ea2ad0642f5c7c0d1915022,2024-09,South Wales Police,South Wales Police,-3.274784,51.467144,On or near Supermarket,W01001113,Vale of Glamorgan 003A,Shoplifting,Awaiting court outcome,
09e08001a19f26fbed1cc2807ab55feebd4585cbcf0f682a9efefb8f9508a095,2024-09,South Wales Police,South Wales Police,-3.274784,51.467144,On or near Supermarket,W01001113,Vale of Glamorgan 003A,Vehicle crime,Investigation complete; no suspect identified,
e10bd460e907811621e69a593a38ed593d7d56fffd9ddf66f2683b9ad91d555b,2024-09,South Wales Police,South Wales Police,-3.399812,51.475963,On or near Heol Mynydd,W01001113,Vale of Glamorgan 003A,Violence and sexual offences,Unable to prosecute suspect,
394e19c44b30a2a0bf8d149d6c1370b20635837be960430c19c9a7e99bfee342,2024-09,South Wales Police,South Wales Police,-3.318296,51.476944,On or near Little Avenue,W01001113,Vale of Glamorgan 003A,Violence and sexual offences,Investigation complete; no suspect identified,
17d8ff827651dd045d5a1d4e00220380be058cb556a94d05d5dc98ea3b375e84,2024-09,South Wales Police,South Wales Police,-3.274118,51.465572,On or near Petrol Station,W01001113,Vale of Glamorgan 003A,Other crime,Unable to prosecute suspect,
,2024-09,South Wales Police,South Wales Police,-3.338116,51.389991,On or near Murlande Way,W01001119,Vale of Glamorgan 003B,Anti-social behaviour,,
1b39c754fb6ba5b580457d8072df5e1f52e92046a5d98ed03c35dbe93a3508b2,2024-09,South Wales Police,South Wales Police,-3.362661,51.407782,On or near Kenson Hill,W01001119,Vale of Glamorgan 003B,Criminal damage and arson,Investigation complete; no suspect identified,
235c12fe4649655b10cc9ec624b5aeb871f2d70e599ab0ce2c626f027c596b84,2024-09,South Wales Police,South Wales Police,-3.342375,51.389681,On or near St Peters Crescent,W01001119,Vale of Glamorgan 003B,Violence and sexual offences,Under investigation,
088e30e9595d43f46b78a39931d8d9404f49f96c951d485323ce141a3b23df16,2024-09,South Wales Police,South Wales Police,-3.353866,51.457565,On or near Redway Road,W01001135,Vale of Glamorgan 003C,Burglary,Investigation complete; no suspect identified,
9db717e218d0883c602407df21f15f02e38bbb6ce3cf0ec303fd74c0729490fd,2024-09,South Wales Police,South Wales Police,-3.263538,51.446839,On or near Vennwood Close,W01001135,Vale of Glamorgan 003C,Other theft,Investigation complete; no suspect identified,
d9ac17c017cb0981375a4d0d9305a0b805c6f26072ecd545e09b76575645bd23,2024-09,South Wales Police,South Wales Police,-3.274700,51.455962,On or near Seaview Terrace,W01001135,Vale of Glamorgan 003C,Other theft,Investigation complete; no suspect identified,
ee76685fa311f8cd3bc0b4da3267a89dc73a372eb975160dbe01ce0273fd5204,2024-09,South Wales Police,South Wales Police,-3.353866,51.457565,On or near Redway Road,W01001135,Vale of Glamorgan 003C,Public order,Unable to prosecute suspect,
1cd1b960ef861bd1584d1e4ab1c8feea080f5e786a69ec2b8ac6cf541f54cf20,2024-09,South Wales Police,South Wales Police,-3.264598,51.445119,On or near Rectory Close,W01001135,Vale of Glamorgan 003C,Vehicle crime,Investigation complete; no suspect identified,
,2024-09,South Wales Police,South Wales Police,-3.273961,51.461986,On or near Picca Close,W01001136,Vale of Glamorgan 003D,Anti-social behaviour,,
,2024-09,South Wales Police,South Wales Police,-3.273910,51.463785,On or near Copthorne Way,W01001136,Vale of Glamorgan 003D,Anti-social behaviour,,
5a3bfcbe34295e2e129d76536a4261f110e5f161be887e6af77470a095df5cf2,2024-09,South Wales Police,South Wales Police,-3.265984,51.465058,On or near Heol Collen,W01001136,Vale of Glamorgan 003D,Burglary,Investigation complete; no suspect identified,
4868153d8488d669b5c7874cd74e8304f786b91c29ff05bcb00c0bb3c4eaf861,2024-09,South Wales Police,South Wales Police,-3.264362,51.448548,On or near Station Road West,W01001136,Vale of Glamorgan 003D,Criminal damage and arson,Investigation complete; no suspect identified,
06306fbe2c7183ce49e637cc9abf97a1947eec0c19a994d3a33f668a2579ec8d,2024-09,South Wales Police,South Wales Police,-3.264944,51.451401,On or near Grange Close,W01001136,Vale of Glamorgan 003D,Other theft,Unable to prosecute suspect,
66ec801cb75acac70e4cc087b392708885a4ef30f30eb8c79dcec3f492983291,2024-09,South Wales Police,South Wales Police,-3.265428,51.464191,On or near Queens Drive,W01001136,Vale of Glamorgan 003D,Other theft,Unable to prosecute suspect,
5efd73e3942649d67e333cd793709f9cafffb76e0025bd44de8f36e93ba7c06f,2024-09,South Wales Police,South Wales Police,-3.268009,51.451368,On or near Whitehall Close,W01001136,Vale of Glamorgan 003D,Other theft,Investigation complete; no suspect identified,
b8110b4f2322928786f244826fe903aaf8dd7e0b5371e257737e6fd29146b793,2024-09,South Wales Police,South Wales Police,-3.265442,51.463670,On or near Regent Avenue,W01001136,Vale of Glamorgan 003D,Other theft,Investigation complete; no suspect identified,
20def3e6da26021e5f7557d8e615d02287c3e1cdd6494afdb8eb544eae2c5d03,2024-09,South Wales Police,South Wales Police,-3.269059,51.464383,On or near Supermarket,W01001136,Vale of Glamorgan 003D,Public order,Unable to prosecute suspect,
896005e347a9bba9cdc66e8852f8af1e206feaf8efca9e6a48ff3fbff7d4bdc7,2024-09,South Wales Police,South Wales Police,-3.269059,51.464383,On or near Supermarket,W01001136,Vale of Glamorgan 003D,Public order,Investigation complete; no suspect identified,
610b27f6281dbc433e3ef466dc317b2207995b245dca71910417533aa6d27fb0,2024-09,South Wales Police,South Wales Police,-3.269059,51.464383,On or near Supermarket,W01001136,Vale of Glamorgan 003D,Shoplifting,Under investigation,
7c4011f43658461248a34c7a75d9550b0ac3e3f83e497bfebdaf6179d6ed9498,2024-09,South Wales Police,South Wales Police,-3.265984,51.465058,On or near Heol Collen,W01001136,Vale of Glamorgan 003D,Shoplifting,Unable to prosecute suspect,
64c0a78e7ecb170e3be39b3ada4c4c0ab139f7de31ffbe4820bf4ecf866f42ce,2024-09,South Wales Police,South Wales Police,-3.274591,51.463547,On or near Shopping Area,W01001136,Vale of Glamorgan 003D,Shoplifting,Investigation complete; no suspect identified,
d205454ee86f16e10abdc2e385b895c8e2800ee953a8d945ed3e335de5815440,2024-09,South Wales Police,South Wales Police,-3.269059,51.464383,On or near Supermarket,W01001136,Vale of Glamorgan 003D,Violence and sexual offences,Unable to prosecute suspect,
8fd46efae4640bfea9d286793f0bbee078f7e373cb0c18b49d8f177ee2b71450,2024-09,South Wales Police,South Wales Police,-3.270484,51.463786,On or near A4050,W01001136,Vale of Glamorgan 003D,Violence and sexual offences,Unable to prosecute suspect,
0e9e6ce54a883bd8d578e5aa5730cdf362f467ec80b504afd4f4ddecc39f0b89,2024-09,South Wales Police,South Wales Police,-3.269059,51.464383,On or near Supermarket,W01001136,Vale of Glamorgan 003D,Violence and sexual offences,Unable to prosecute suspect,
3b28192acdcdd3e8c4c088eb8824b1aa64b7c31e0d30a083c1e580852ecb5c72,2024-09,South Wales Police,South Wales Police,-3.269059,51.464383,On or near Supermarket,W01001136,Vale of Glamorgan 003D,Violence and sexual offences,Investigation complete; no suspect identified,
bf66d07c84bbc3a7137ba36c83d1dc038c8b6799aecf618dfc1fcd46d8123233,2024-09,South Wales Police,South Wales Police,-3.273910,51.463785,On or near Copthorne Way,W01001136,Vale of Glamorgan 003D,Violence and sexual offences,Unable to prosecute suspect,
c5c08cd58343b7baa609637394f0e43dd4d34c77b11cc3c1aef3b6e8b5a59ed9,2024-09,South Wales Police,South Wales Police,-3.265442,51.463670,On or near Regent Avenue,W01001136,Vale of Glamorgan 003D,Violence and sexual offences,Awaiting court outcome,
ef5cd1ac55d1aba45716abf665312f813a5ecf910023a7f0190be9b2d5e96ed5,2024-09,South Wales Police,South Wales Police,-3.270484,51.463786,On or near A4050,W01001136,Vale of Glamorgan 003D,Violence and sexual offences,Investigation complete; no suspect identified,
f535275dbed40b2f8fd3d9c7be44adce682e3e8a22fa12be6c858dc35d22bbd2,2024-09,South Wales Police,South Wales Police,-3.274591,51.463547,On or near Shopping Area,W01001136,Vale of Glamorgan 003D,Violence and sexual offences,Under investigation,
a8adfe048235a1d4a9cdb64d6392c7f0374da09fe268bd6097e0fa3cfdc92309,2024-09,South Wales Police,South Wales Police,-3.269059,51.464383,On or near Supermarket,W01001136,Vale of Glamorgan 003D,Violence and sexual offences,Unable to prosecute suspect,
bce9fff98eea32d32828cfa8d4ff947efd660da1b044e86fd8b250adba984df0,2024-09,South Wales Police,South Wales Police,-3.271552,51.461823,On or near Gwern Close,W01001136,Vale of Glamorgan 003D,Other crime,Unable to prosecute suspect,
883f6be033fc273590e93b9dbae2ea4416cb1bf544c622c693b38b75e3eded7a,2024-09,South Wales Police,South Wales Police,-3.184686,51.438752,On or near Byron Place,W01001075,Vale of Glamorgan 004A,Vehicle crime,Investigation complete; no suspect identified,
d6a407add44972599957a7cc4d1c0e3fac45d752e9ac1a02f4a54628cdb95c70,2024-09,South Wales Police,South Wales Police,-3.184688,51.439921,On or near Dryden Road,W01001075,Vale of Glamorgan 004A,Violence and sexual offences,Unable to prosecute suspect,
abe74d991d3945146b3d40560e213bac48a589cb07d44c1451c5ea80c5408cb2,2024-09,South Wales Police,South Wales Police,-3.184688,51.439921,On or near Dryden Road,W01001075,Vale of Glamorgan 004A,Violence and sexual offences,Unable to prosecute suspect,
,2024-09,South Wales Police,South Wales Police,-3.187168,51.442341,On or near Harriet Street,W01001076,Vale of Glamorgan 004B,Anti-social behaviour,,
,2024-09,South Wales Police,South Wales Police,-3.188817,51.446020,On or near Parking Area,W01001076,Vale of Glamorgan 004B,Anti-social behaviour,,
,2024-09,South Wales Police,South Wales Police,-3.188817,51.446020,On or near Parking Area,W01001076,Vale of Glamorgan 004B,Anti-social behaviour,,
,2024-09,South Wales Police,South Wales Police,-3.188425,51.442544,On or near Charlotte Street,W01001076,Vale of Glamorgan 004B,Anti-social behaviour,,
,2024-09,South Wales Police,South Wales Police,-3.187252,51.443950,On or near Dock Street,W01001076,Vale of Glamorgan 004B,Anti-social behaviour,,
,2024-09,South Wales Police,South Wales Police,-3.187693,51.444305,On or near Little Dock Street,W01001076,Vale of Glamorgan 004B,Anti-social behaviour,,
988cc88c6db2fef50014218b15064216331d0143dce9e2baf20ad4f731b1336a,2024-09,South Wales Police,South Wales Police,-3.190391,51.442363,On or near Cawnpore Street,W01001076,Vale of Glamorgan 004B,Criminal damage and arson,Unable to prosecute suspect,
f42a6beb754f340eab7824d4b2326e7456419e7886f39217d6c156a10a274b71,2024-09,South Wales Police,South Wales Police,-3.187693,51.444305,On or near Little Dock Street,W01001076,Vale of Glamorgan 004B,Other theft,Investigation complete; no suspect identified,
740e6d2cbd52d7c12519103249b806abe5bc71107b086625e9ab133f3aba4199,2024-09,South Wales Police,South Wales Police,-3.188817,51.446020,On or near Parking Area,W01001076,Vale of Glamorgan 004B,Possession of weapons,Under investigation,
4310fb6a6e791211e2ddfa33df7bae810d109ad2793fa3d92e0bdc66fa389ac9,2024-09,South Wales Police,South Wales Police,-3.187693,51.444305,On or near Little Dock Street,W01001076,Vale of Glamorgan 004B,Public order,Unable to prosecute suspect,
8da8dbb91db6c8fb3c2ca2659620655ed90ca5d90adc362016c714a40e2a72e5,2024-09,South Wales Police,South Wales Police,-3.187693,51.444305,On or near Little Dock Street,W01001076,Vale of Glamorgan 004B,Public order,Awaiting court outcome,
951e214fdd14dfb24c109b93f23efffd7e715961b5ea20894195e00658e4c955,2024-09,South Wales Police,South Wales Police,-3.187693,51.444305,On or near Little Dock Street,W01001076,Vale of Glamorgan 004B,Shoplifting,Unable to prosecute suspect,
64226e28d923be8b5ed0452ef64e49447501d651281894e1d36bda5a40ba9e5b,2024-09,South Wales Police,South Wales Police,-3.187693,51.444305,On or near Little Dock Street,W01001076,Vale of Glamorgan 004B,Shoplifting,Unable to prosecute suspect,
038e07f5a68eed034d3f0c827f11f4013831331926e7e64e5ebc8ebe2f34a952,2024-09,South Wales Police,South Wales Police,-3.187693,51.444305,On or near Little Dock Street,W01001076,Vale of Glamorgan 004B,Shoplifting,Awaiting court outcome,
d29baf00e9f6f1d12f86bcbdf9bb6be29411fd35fa1c51240dc2f51f49f36723,2024-09,South Wales Police,South Wales Police,-3.187693,51.444305,On or near Little Dock Street,W01001076,Vale of Glamorgan 004B,Shoplifting,Awaiting court outcome,
d3b4a785783c8012915f59bf2ffbee581af41d8df0f042e08d443990e2f16193,2024-09,South Wales Police,South Wales Police,-3.190087,51.447824,On or near A4055,W01001076,Vale of Glamorgan 004B,Vehicle crime,Investigation complete; no suspect identified,
b2a82d88df59b623275aa4fbdccbf951a650f8a6421fdbeffd502b5527f2a296,2024-09,South Wales Police,South Wales Police,-3.190992,51.446115,On or near Old Barry Road,W01001076,Vale of Glamorgan 004B,Violence and sexual offences,Under investigation,
85074d35cceff0e2fc518d8a2946065f448c22ebb581b8abc6a4a3dbbe0cb250,2024-09,South Wales Police,South Wales Police,-3.188425,51.442544,On or near Charlotte Street,W01001076,Vale of Glamorgan 004B,Violence and sexual offences,Unable to prosecute suspect,
fafdf86de62ed9fec190a560bc25ead5b1d70ff44021f47fc0932ef4c2359fc9,2024-09,South Wales Police,South Wales Police,-3.188910,51.444557,On or near Sports/Recreation Area,W01001076,Vale of Glamorgan 004B,Violence and sexual offences,Unable to prosecute suspect,
,2024-09,South Wales Police,South Wales Police,-3.194592,51.441798,On or near Barberry Rise,W01001077,Vale of Glamorgan 004C,Anti-social behaviour,,
cdca27cb061af21a00a912204d80e8535213545c36a7b2da98992988db6359ef,2024-09,South Wales Police,South Wales Police,-3.198042,51.436710,On or near Erw'R-Delyn Close,W01001077,Vale of Glamorgan 004C,Bicycle theft,Investigation complete; no suspect identified,
bf7190c722396a7cd19d3048c011d619cc72db5ebc8f2cef68b9c7652611949d,2024-09,South Wales Police,South Wales Police,-3.198909,51.444560,On or near Cardiff Road,W01001077,Vale of Glamorgan 004C,Public order,Investigation complete; no suspect identified,
e76bded76307905b72fde77f655240752748e00f2eba6368978ad3f720198943,2024-09,South Wales Police,South Wales Police,-3.194568,51.439775,On or near Redlands Avenue,W01001077,Vale of Glamorgan 004C,Violence and sexual offences,Under investigation,
1ab7b01967a9a94029fb3c6cd9cc185eb8ec60bf560f6e9329d893fcb4616ad9,2024-09,South Wales Police,South Wales Police,-3.198042,51.436710,On or near Erw'R-Delyn Close,W01001077,Vale of Glamorgan 004C,Violence and sexual offences,Investigation complete; no suspect identified,
87f2c1f398018d4ec0af342b041570b8fef72eacbc4edbd0f07755174fbbbcfa,2024-09,South Wales Police,South Wales Police,-3.192020,51.441375,On or near Cowslip Drive,W01001077,Vale of Glamorgan 004C,Violence and sexual offences,Unable to prosecute suspect,
27f6d549c962e9b98e7e2e8ba464b6526d428cea268990b2b0e759c01a6b89f2,2024-09,South Wales Police,South Wales Police,-3.198042,51.436710,On or near Erw'R-Delyn Close,W01001077,Vale of Glamorgan 004C,Violence and sexual offences,Investigation complete; no suspect identified,
d4f1c5c903f54a887bec1116262ee07ee6b63b07d21dd402157d9bdd093db960,2024-09,South Wales Police,South Wales Police,-3.198042,51.436710,On or near Erw'R-Delyn Close,W01001077,Vale of Glamorgan 004C,Other crime,Further investigation is not in the public interest,
c657579ee614f6215f729308c513000b0198bb895f8d769908e431fbb8a1d9e4,2024-09,South Wales Police,South Wales Police,-3.188358,51.439991,On or near Masefield Road,W01001078,Vale of Glamorgan 004D,Criminal damage and arson,Unable to prosecute suspect,
,2024-09,South Wales Police,South Wales Police,-3.201598,51.451069,On or near Lewis Road,W01001104,Vale of Glamorgan 004E,Anti-social behaviour,,
,2024-09,South Wales Police,South Wales Police,-3.196803,51.452063,On or near Willowmere,W01001104,Vale of Glamorgan 004E,Anti-social behaviour,,
,2024-09,South Wales Police,South Wales Police,-3.199064,51.452660,On or near Church View Close,W01001104,Vale of Glamorgan 004E,Anti-social behaviour,,
6a2e1c0c4d79faa5dd8d1a517fe60b06e01b9cd42645013ffa0d4561c44e09ea,2024-09,South Wales Police,South Wales Police,-3.201598,51.451069,On or near Lewis Road,W01001104,Vale of Glamorgan 004E,Criminal damage and arson,Investigation complete; no suspect identified,
9bef8f7f025403bb962cc95dc25ccfe7961d3a84bcb389a1b7bdffa01f6d4b33,2024-09,South Wales Police,South Wales Police,-3.199131,51.451913,On or near Parking Area,W01001104,Vale of Glamorgan 004E,Criminal damage and arson,Investigation complete; no suspect identified,
a56310f7a842ae4bac61c502f1ba1053f6f3c00f77425056069f8b95e4c5d661,2024-09,South Wales Police,South Wales Police,-3.199109,51.445574,On or near Corbett Road,W01001104,Vale of Glamorgan 004E,Criminal damage and arson,Unable to prosecute suspect,
f7fbed0fcf938f3181ae21c739fd2f9ad63bb846fb07a945a1d5ae8dcf3067ac,2024-09,South Wales Police,South Wales Police,-3.201598,51.451069,On or near Lewis Road,W01001104,Vale of Glamorgan 004E,Other theft,Investigation complete; no suspect identified,
cbc199ec6f91792e12de3edfb7bd995d542d268f40ed6d5942131dd46a7ef7fb,2024-09,South Wales Police,South Wales Police,-3.201598,51.451069,On or near Lewis Road,W01001104,Vale of Glamorgan 004E,Public order,Unable to prosecute suspect,
70145a95bc4fc437980f50e47cfe0cc6d479b571ca53bf1a7273643395a0992a,2024-09,South Wales Police,South Wales Police,-3.198519,51.451092,On or near Corinthian Close,W01001104,Vale of Glamorgan 004E,Public order,Unable to prosecute suspect,
401b3fe15e1c9d3013a7a68646130d3c66265d2311cd91ef3397c15404577368,2024-09,South Wales Police,South Wales Police,-3.201598,51.451069,On or near Lewis Road,W01001104,Vale of Glamorgan 004E,Public order,Under investigation,
4de575e0e060425ae11ea2c641eb370f4db8adb97b764cb8b287cb4c1b395493,2024-09,South Wales Police,South Wales Police,-3.201598,51.451069,On or near Lewis Road,W01001104,Vale of Glamorgan 004E,Public order,Unable to prosecute suspect,
e49648a3fe60e99b7a3d3d882650f2a99710447cc46e418f8e3619d03484f34e,2024-09,South Wales Police,South Wales Police,-3.201598,51.451069,On or near Lewis Road,W01001104,Vale of Glamorgan 004E,Public order,Unable to prosecute suspect,
ea5237d5f92726e4d11fed32b972cfff8d15974efad7f31624517ce87917fdd9,2024-09,South Wales Police,South Wales Police,-3.201598,51.451069,On or near Lewis Road,W01001104,Vale of Glamorgan 004E,Public order,Unable to prosecute suspect,
501a2f6b1b54dab41c865150aa23c961bf0a2d5c9a4cd13ffbaa04def97b6d61,2024-09,South Wales Police,South Wales Police,-3.202103,51.453303,On or near Leckwith Road,W01001104,Vale of Glamorgan 004E,Vehicle crime,Investigation complete; no suspect identified,
11d450dc93f7b29db1fa0110077177f37c696ba2ae3587b9aa586148dde5994a,2024-09,South Wales Police,South Wales Police,-3.201598,51.451069,On or near Lewis Road,W01001104,Vale of Glamorgan 004E,Violence and sexual offences,Unable to prosecute suspect,
3aa0efe969cb6e695e1ef1114f5ff65284ed07c17e171a4f6e58579224c7225f,2024-09,South Wales Police,South Wales Police,-3.201598,51.451069,On or near Lewis Road,W01001104,Vale of Glamorgan 004E,Violence and sexual offences,Unable to prosecute suspect,
b78cdde435accac955deda7315491942494fe7780387c5e17daceead4ee81ba9,2024-09,South Wales Police,South Wales Police,-3.201598,51.451069,On or near Lewis Road,W01001104,Vale of Glamorgan 004E,Violence and sexual offences,Unable to prosecute suspect,
88899e7961a7c110c24c4450f364d2940f5b93852c8feca0697b7a906d4201ee,2024-09,South Wales Police,South Wales Police,-3.197417,51.448037,On or near Summerland Close,W01001104,Vale of Glamorgan 004E,Violence and sexual offences,Under investigation,
bde69900722af3a601d851ed624543505906a946af337b155751e47de4aefc74,2024-09,South Wales Police,South Wales Police,-3.201598,51.451069,On or near Lewis Road,W01001104,Vale of Glamorgan 004E,Violence and sexual offences,Unable to prosecute suspect,
0d6eab48b2cb50149ee99274f2721fd69440f48a53a7675b90886ec89e549dff,2024-09,South Wales Police,South Wales Police,-3.201598,51.451069,On or near Lewis Road,W01001104,Vale of Glamorgan 004E,Violence and sexual offences,Unable to prosecute suspect,
c7accecce5c0e10d86398b4d26e0c3a90ea4feb3fcc0c436502156c26f4dc384,2024-09,South Wales Police,South Wales Police,-3.201598,51.451069,On or near Lewis Road,W01001104,Vale of Glamorgan 004E,Violence and sexual offences,Under investigation,
2c54407e9ecd7d92d7c40aa3764a7da7df95f2ae238fa8c95a89c067884c2dd4,2024-09,South Wales Police,South Wales Police,-3.201598,51.451069,On or near Lewis Road,W01001104,Vale of Glamorgan 004E,Violence and sexual offences,Under investigation,
b8335b728915d34fdb1dd21a242b2ebe1dad142c1c05697b8a6ef7c07da3ff1b,2024-09,South Wales Police,South Wales Police,-3.200683,51.451852,On or near Canon Walk,W01001104,Vale of Glamorgan 004E,Violence and sexual offences,Under investigation,
b67176746ea4816e3d06ce6be609e0c0827d9b1c61e88d7f2de3a279c5890de5,2024-09,South Wales Police,South Wales Police,-3.201598,51.451069,On or near Lewis Road,W01001104,Vale of Glamorgan 004E,Violence and sexual offences,Unable to prosecute suspect,
4b8c5a53e8afebc9afeea1e8cd130784de3dc0d50c3e5536450bdfc324f7c369,2024-09,South Wales Police,South Wales Police,-3.201598,51.451069,On or near Lewis Road,W01001104,Vale of Glamorgan 004E,Violence and sexual offences,Unable to prosecute suspect,
79026e3a683188ef0c37692093cb89d84d5585440dc896d737fb0271be5563cb,2024-09,South Wales Police,South Wales Police,-3.201598,51.451069,On or near Lewis Road,W01001104,Vale of Glamorgan 004E,Violence and sexual offences,Unable to prosecute suspect,
a4e31b22ae314ed76b7a8a49769dc9b92c791052e94f1f281322eda0a94abbc2,2024-09,South Wales Police,South Wales Police,-3.202103,51.453303,On or near Leckwith Road,W01001104,Vale of Glamorgan 004E,Violence and sexual offences,Offender given a caution,
878d2a1fd42bc884955dcc69c750a8283b3a8dacec104fc83ccb111ceb4cc8e9,2024-09,South Wales Police,South Wales Police,-3.201598,51.451069,On or near Lewis Road,W01001104,Vale of Glamorgan 004E,Violence and sexual offences,Unable to prosecute suspect,
563775ccf1d14b4dbd3fba231cfcc1b178d68c799a6151006fe4c37136b223b2,2024-09,South Wales Police,South Wales Police,-3.201598,51.451069,On or near Lewis Road,W01001104,Vale of Glamorgan 004E,Violence and sexual offences,Unable to prosecute suspect,
ec1810b3d3bcb2b8634f3769ccb718f15a2613156c383930c9ea5ab20d60961b,2024-09,South Wales Police,South Wales Police,-3.201598,51.451069,On or near Lewis Road,W01001104,Vale of Glamorgan 004E,Violence and sexual offences,Under investigation,
cb1d7633ff43c969f57df306200a43e1a3c4ca273fa4f129910461a3ce22878d,2024-09,South Wales Police,South Wales Police,-3.201598,51.451069,On or near Lewis Road,W01001104,Vale of Glamorgan 004E,Other crime,Unable to prosecute suspect,
,2024-09,South Wales Police,South Wales Police,-3.192350,51.435239,On or near Glyndwr Road,W01001129,Vale of Glamorgan 004F,Anti-social behaviour,,
926aa2a02f3a440d99c5aa70aea730145f64ff2b20608be4059135dea690bfc5,2024-09,South Wales Police,South Wales Police,-3.190459,51.433361,On or near Hawthorne Avenue,W01001129,Vale of Glamorgan 004F,Bicycle theft,Unable to prosecute suspect,
7c37b45c06cc853e9235d13815681f8dc3574cdac36269f759c1fbf5777333fa,2024-09,South Wales Police,South Wales Police,-3.194626,51.434263,On or near St David'S Crescent,W01001129,Vale of Glamorgan 004F,Criminal damage and arson,Unable to prosecute suspect,
37783d35b4c381423f0ede53f47c3a3339f3ff9569c821f4b8f698832c7320ef,2024-09,South Wales Police,South Wales Police,-3.194626,51.434263,On or near St David'S Crescent,W01001129,Vale of Glamorgan 004F,Public order,Unable to prosecute suspect,
f5ed017588b08e1b74c8be2f3838527b4de517fc1f79020a91fb4263d8acd51e,2024-09,South Wales Police,South Wales Police,-3.191302,51.435897,On or near Elfed Avenue,W01001129,Vale of Glamorgan 004F,Violence and sexual offences,Unable to prosecute suspect,
399a9e854ed8fc91d9318a2fa0708bef09f906c1ec072ab7edc3b1a8621f7536,2024-09,South Wales Police,South Wales Police,-3.189383,51.432338,On or near Willow Close,W01001129,Vale of Glamorgan 004F,Violence and sexual offences,Unable to prosecute suspect,
2adfd1abb88277988052391f754d5ae993cb0cff5ce09619da693bc9212ce640,2024-09,South Wales Police,South Wales Police,-3.189383,51.432338,On or near Willow Close,W01001129,Vale of Glamorgan 004F,Violence and sexual offences,Investigation complete; no suspect identified,
3dbc28d0a1c449fb9776974b90a679b632ab56ee4468b4b509fc422aa465fb54,2024-09,South Wales Police,South Wales Police,-3.196894,51.431326,On or near Rhodfa'R Morwydd,W01001129,Vale of Glamorgan 004F,Violence and sexual offences,Unable to prosecute suspect,
,2024-09,South Wales Police,South Wales Police,-3.174688,51.435426,On or near Parking Area,W01001116,Vale of Glamorgan 005A,Anti-social behaviour,,
,2024-09,South Wales Police,South Wales Police,-3.174974,51.435945,On or near Nightclub,W01001116,Vale of Glamorgan 005A,Anti-social behaviour,,
a9144c85298025311b11d220d9e1effae2da2bb830d92de38c17247ff88cbb60,2024-09,South Wales Police,South Wales Police,-3.174519,51.435005,On or near Penarth,W01001116,Vale of Glamorgan 005A,Other theft,Investigation complete; no suspect identified,
c6f573358dbf07894ae644cf3c890942aaedeb22241f0c1e547b99d14111ae7f,2024-09,South Wales Police,South Wales Police,-3.174974,51.435945,On or near Nightclub,W01001116,Vale of Glamorgan 005A,Vehicle crime,Investigation complete; no suspect identified,
,2024-09,South Wales Police,South Wales Police,-3.166378,51.441291,On or near Uppercliff Drive,W01001123,Vale of Glamorgan 005B,Anti-social behaviour,,
,2024-09,South Wales Police,South Wales Police,-3.168954,51.444116,On or near Mariner'S Heights,W01001123,Vale of Glamorgan 005B,Anti-social behaviour,,
78aa6b6e3e72232b693dfc9637cbeb2d745488d8e8177f6a24fbf8257d0bf26d,2024-09,South Wales Police,South Wales Police,-3.170203,51.440075,On or near Jubilee Lane,W01001123,Vale of Glamorgan 005B,Burglary,Investigation complete; no suspect identified,
455c777e19544faf5624d9b77376d439f778082e3b1f50c07415e05c562bf8fd,2024-09,South Wales Police,South Wales Police,-3.166951,51.443453,On or near Northcliffe,W01001123,Vale of Glamorgan 005B,Criminal damage and arson,Unable to prosecute suspect,
37d3e8a18aeab0182776c337bce7fda90cfdbc21c7d03c2af7111a797415172c,2024-09,South Wales Police,South Wales Police,-3.168888,51.435916,On or near The Glades,W01001123,Vale of Glamorgan 005B,Other theft,Investigation complete; no suspect identified,
d110af93dedd700ccfb72afa12930a4da017708daafae1eb43eb080f6cd54e69,2024-09,South Wales Police,South Wales Police,-3.166951,51.443453,On or near Northcliffe,W01001123,Vale of Glamorgan 005B,Public order,Unable to prosecute suspect,
527a53c81de097b79d0cdf7b758474daec162d7544413796ea7f9ab5963f5fed,2024-09,South Wales Police,South Wales Police,-3.168303,51.442873,On or near John Street,W01001123,Vale of Glamorgan 005B,Vehicle crime,Investigation complete; no suspect identified,
dd49614dd8916418cd6458a617d0ae8e31188b604b892e7acc1a508dc0bbf9a9,2024-09,South Wales Police,South Wales Police,-3.169975,51.443539,On or near Maughan Terrace,W01001123,Vale of Glamorgan 005B,Vehicle crime,Investigation complete; no suspect identified,
09b43b1373c9d2c4a7768a944be12ce62ecafc281a82a1de2b6e85219a709fdb,2024-09,South Wales Police,South Wales Police,-3.168954,51.444116,On or near Mariner'S Heights,W01001123,Vale of Glamorgan 005B,Violence and sexual offences,Unable to prosecute suspect,
8cf2d2ca592147d96834184115b05f5adcc89c3a9f11fdc826deedc407421cb3,2024-09,South Wales Police,South Wales Police,-3.168763,51.442302,On or near St Augustine'S Road,W01001123,Vale of Glamorgan 005B,Violence and sexual offences,Under investigation,
7cbe652c732ed67affbd5cbe45dc2e70b3989daeb589fff3915c60f03de721b7,2024-09,South Wales Police,South Wales Police,-3.168763,51.442302,On or near St Augustine'S Road,W01001123,Vale of Glamorgan 005B,Violence and sexual offences,Unable to prosecute suspect,
50c9b5c70f42c769c7032d20a4317914ee98cf8916ce9d8367844a4beca07fff,2024-09,South Wales Police,South Wales Police,-3.168763,51.442302,On or near St Augustine'S Road,W01001123,Vale of Glamorgan 005B,Other crime,Unable to prosecute suspect,
,2024-09,South Wales Police,South Wales Police,-3.175466,51.442208,On or near Chapel Lane,W01001124,Vale of Glamorgan 005C,Anti-social behaviour,,
,2024-09,South Wales Police,South Wales Police,-3.175466,51.442208,On or near Chapel Lane,W01001124,Vale of Glamorgan 005C,Anti-social behaviour,,
e072ba2ec835143c34fa3f239d94d58bc4e6ab4afe674a49b1a8c92b30c3427a,2024-09,South Wales Police,South Wales Police,-3.175400,51.439636,On or near Arcot Lane,W01001124,Vale of Glamorgan 005C,Other theft,Under investigation,
1ed7cd69d713bd5526702625854ff8bedd996ebc256593d619bd2952dc9d5804,2024-09,South Wales Police,South Wales Police,-3.172055,51.442727,On or near Cliff Street,W01001124,Vale of Glamorgan 005C,Public order,Unable to prosecute suspect,
fb0b17542afb60e6e98b5f1cfe3034ada6ca21e132bfcc4abc7007016dc247b7,2024-09,South Wales Police,South Wales Police,-3.175400,51.439636,On or near Arcot Lane,W01001124,Vale of Glamorgan 005C,Public order,Investigation complete; no suspect identified,
990d1aa824e48a9d9e21be25d0ecb2d6c357eadb9cb891fa4380c07376b52e2f,2024-09,South Wales Police,South Wales Police,-3.175400,51.439636,On or near Arcot Lane,W01001124,Vale of Glamorgan 005C,Shoplifting,Investigation complete; no suspect identified,
78b0140ea44c519c3c54164db2ae45b45c1c89d6f24b9cb1fc52f4bc96ecbfcc,2024-09,South Wales Police,South Wales Police,-3.175400,51.439636,On or near Arcot Lane,W01001124,Vale of Glamorgan 005C,Shoplifting,Investigation complete; no suspect identified,
a33d4f3a2ab246e1a68184677d76f72ab5a8dda9d6efbf2b28f72174f5e82d6f,2024-09,South Wales Police,South Wales Police,-3.175466,51.442208,On or near Chapel Lane,W01001124,Vale of Glamorgan 005C,Vehicle crime,Under investigation,
5b1212241d875e0d9fd892e4b276a877be953f8501f8990daded6caa20129582,2024-09,South Wales Police,South Wales Police,-3.173949,51.439546,On or near Shopping Area,W01001124,Vale of Glamorgan 005C,Violence and sexual offences,Unable to prosecute suspect,
dd7d666f5547c50ce7f75e643f5651af91304ef72b60778627d8b95fbb5b0444,2024-09,South Wales Police,South Wales Police,-3.175466,51.442208,On or near Chapel Lane,W01001124,Vale of Glamorgan 005C,Violence and sexual offences,Unable to prosecute suspect,
e4f1492f3121a35e08fd01e80d40ea9896523fa7c2a01289990edc04b15c1d7b,2024-09,South Wales Police,South Wales Police,-3.170451,51.441350,On or near Belle Vue Terrace,W01001124,Vale of Glamorgan 005C,Violence and sexual offences,Unable to prosecute suspect,
b615ab9acc850bef60df3b1b6c3a0da7340ad39a52ca8fe520acb4f79521de94,2024-09,South Wales Police,South Wales Police,-3.170876,51.442748,On or near Stanwell Crescent,W01001124,Vale of Glamorgan 005C,Violence and sexual offences,Investigation complete; no suspect identified,
c7b0f9c2b32a430ded2336d9c43ea77534de493f961f617f51321f93474e2c07,2024-09,South Wales Police,South Wales Police,-3.172055,51.442727,On or near Cliff Street,W01001124,Vale of Glamorgan 005C,Violence and sexual offences,Unable to prosecute suspect,
3a944dbcece1f598a2ee95829fc3767b0870f6b82e0d02fcc67ecbad8ea188ae,2024-09,South Wales Police,South Wales Police,-3.173949,51.439546,On or near Shopping Area,W01001124,Vale of Glamorgan 005C,Violence and sexual offences,Investigation complete; no suspect identified,
e34474170d07b3c25dc43dbb51ecb0ef765bd65cf197e74a465b88b436c5254c,2024-09,South Wales Police,South Wales Police,-3.170876,51.442748,On or near Stanwell Crescent,W01001124,Vale of Glamorgan 005C,Violence and sexual offences,Unable to prosecute suspect,
055b8fbd51aee0c23ddefffe29c510cab9461ee9b0087dafaa6ecdc4efef3aeb,2024-09,South Wales Police,South Wales Police,-3.170451,51.441350,On or near Belle Vue Terrace,W01001124,Vale of Glamorgan 005C,Violence and sexual offences,Unable to prosecute suspect,
34cac6ce5e7ba338e249ad1ca6e408ecf657bffd5344250f315b773e1ab6ff9c,2024-09,South Wales Police,South Wales Police,-3.173796,51.439365,On or near Ludlow Lane,W01001124,Vale of Glamorgan 005C,Other crime,Investigation complete; no suspect identified,
,2024-09,South Wales Police,South Wales Police,-3.174519,51.438386,On or near Bradenham Place,W01001125,Vale of Glamorgan 005D,Anti-social behaviour,,
,2024-09,South Wales Police,South Wales Police,-3.181951,51.441495,On or near Windsor Road,W01001125,Vale of Glamorgan 005D,Anti-social behaviour,,
,2024-09,South Wales Police,South Wales Police,-3.174519,51.438386,On or near Bradenham Place,W01001125,Vale of Glamorgan 005D,Anti-social behaviour,,
1dd5aa44fe012f7a5c69cd0c789eed71a4aedea7ac1abb0da19722ab91d43a59,2024-09,South Wales Police,South Wales Police,-3.179577,51.439810,On or near Dingle Road,W01001125,Vale of Glamorgan 005D,Criminal damage and arson,Unable to prosecute suspect,
cfe0524fe335c10e4a393445a4576f882a2e9943ff0ad95bc2bb77e3c738fdcc,2024-09,South Wales Police,South Wales Police,-3.173909,51.437601,On or near Herbert Terrace,W01001125,Vale of Glamorgan 005D,Other theft,Awaiting court outcome,
37370c2e8448a61d3708f6bbd71e305d17114386963e04dedcf5c6e065331a52,2024-09,South Wales Police,South Wales Police,-3.180837,51.442918,On or near Pearse Close,W01001125,Vale of Glamorgan 005D,Possession of weapons,Awaiting court outcome,
73d6aa94e9a0c39302f3ebf28ab8e03cfd230135c07b25b06cf2efc0ab6a390e,2024-09,South Wales Police,South Wales Police,-3.177112,51.437389,On or near Woodland Place,W01001125,Vale of Glamorgan 005D,Public order,Investigation complete; no suspect identified,
7cbdf4ef312d730d339a073607088c858b1a6836c4fb4fdc5df9077bb42b26c6,2024-09,South Wales Police,South Wales Police,-3.174519,51.438386,On or near Bradenham Place,W01001125,Vale of Glamorgan 005D,Shoplifting,Investigation complete; no suspect identified,
dc7f16baa07ada6a7a61145a3d53d029c0e6de308db2debc077d507a90f19d52,2024-09,South Wales Police,South Wales Police,-3.174519,51.438386,On or near Bradenham Place,W01001125,Vale of Glamorgan 005D,Vehicle crime,Investigation complete; no suspect identified,
d868f5f0bd79af9a314ad9db54521aefad30116566dd67f7df3721dc68455db2,2024-09,South Wales Police,South Wales Police,-3.180837,51.442918,On or near Pearse Close,W01001125,Vale of Glamorgan 005D,Vehicle crime,Investigation complete; no suspect identified,
e862c159eda5c5fd5f8a9f44d85d2f8495d9b94801dafdd2e02d3162fb3c967f,2024-09,South Wales Police,South Wales Police,-3.174519,51.438386,On or near Bradenham Place,W01001125,Vale of Glamorgan 005D,Vehicle crime,Investigation complete; no suspect identified,
65dfc14ce0a9a0651c39b4cdf39d50c45b4d45152666751516351b139f814ff4,2024-09,South Wales Police,South Wales Police,-3.180837,51.442918,On or near Pearse Close,W01001125,Vale of Glamorgan 005D,Vehicle crime,Investigation complete; no suspect identified,
2704ef80dfceaeca9c7f8e7221359a574fae0397dd568409062602a5040e0336,2024-09,South Wales Police,South Wales Police,-3.177883,51.441068,On or near Plassey Street,W01001125,Vale of Glamorgan 005D,Violence and sexual offences,Under investigation,
1daebbc191354e7b8099a8c3c553dddbd05003e1a3d5d2e5e0155020b6367238,2024-09,South Wales Police,South Wales Police,-3.177883,51.441068,On or near Plassey Street,W01001125,Vale of Glamorgan 005D,Violence and sexual offences,Unable to prosecute suspect,
a780e90273810a30a6d189288aac64364c1ef1c0544bc25473d40296a327e6cc,2024-09,South Wales Police,South Wales Police,-3.173909,51.437601,On or near Herbert Terrace,W01001125,Vale of Glamorgan 005D,Violence and sexual offences,Under investigation,
6c53e34dc7aeb7c953d31180bce5ce9e3e09a3bb4efd1b6342ed2e5c8fe80721,2024-09,South Wales Police,South Wales Police,-3.178896,51.441867,On or near Plassey Square,W01001125,Vale of Glamorgan 005D,Violence and sexual offences,Unable to prosecute suspect,
8ae25beccf94564c0e390efee6936cfa899951bb0f0d30e7be794ba3b5310b6a,2024-09,South Wales Police,South Wales Police,-3.179577,51.439810,On or near Dingle Road,W01001125,Vale of Glamorgan 005D,Other crime,Under investigation,
b31ad4bb3c09fef9a5569933bd2a2a81445c7d67fc1f64de1d79dc6e79dcb87c,2024-09,South Wales Police,South Wales Police,-3.185700,51.435666,On or near Countess Place,W01001130,Vale of Glamorgan 005F,Bicycle theft,Investigation complete; no suspect identified,
f3dcf902dd5c2b54c40506ce815e41a3eeb749475ef2399b83049c885f6568f8,2024-09,South Wales Police,South Wales Police,-3.185700,51.435666,On or near Countess Place,W01001130,Vale of Glamorgan 005F,Burglary,Investigation complete; no suspect identified,
e62510733a9d6ab5fac4c11f1b7a94c58c9450260a53918a57c29ae1f394a3c3,2024-09,South Wales Police,South Wales Police,-3.176192,51.435744,On or near Theatre/Concert Hall,W01001130,Vale of Glamorgan 005F,Burglary,Investigation complete; no suspect identified,
496508feda32c08736b75f69cc58e10afe9207478b6b63bdac05e88c97d3e3ac,2024-09,South Wales Police,South Wales Police,-3.183713,51.435039,On or near Dyserth Road,W01001130,Vale of Glamorgan 005F,Vehicle crime,Investigation complete; no suspect identified,
fc541d46a4caec2f64984b99c3fa6ade8a1048f7191ad381f1da99508d693022,2024-09,South Wales Police,South Wales Police,-3.180906,51.434986,On or near Rosebery Place,W01001130,Vale of Glamorgan 005F,Vehicle crime,Investigation complete; no suspect identified,
9e844c0fda1f6aa90c9d502a92e5aa7d1fc7f066bc25485828e39fb281db1523,2024-09,South Wales Police,South Wales Police,-3.185440,51.434509,On or near Baroness Place,W01001130,Vale of Glamorgan 005F,Vehicle crime,Investigation complete; no suspect identified,
0fc5ab6146db06f37711bd04456458424049c837ad9c8984beed7ed124d57ecc,2024-09,South Wales Police,South Wales Police,-3.178067,51.435923,On or near Victoria Avenue,W01001130,Vale of Glamorgan 005F,Vehicle crime,Investigation complete; no suspect identified,
,2024-09,South Wales Police,South Wales Police,-3.182381,51.444746,On or near Terra Nova Way,W01002036,Vale of Glamorgan 005G,Anti-social behaviour,,
,2024-09,South Wales Police,South Wales Police,-3.182381,51.444746,On or near Terra Nova Way,W01002036,Vale of Glamorgan 005G,Anti-social behaviour,,
,2024-09,South Wales Police,South Wales Police,-3.177811,51.441635,On or near High Street,W01002036,Vale of Glamorgan 005G,Anti-social behaviour,,
,2024-09,South Wales Police,South Wales Police,-3.181129,51.446422,On or near Anchor Road,W01002036,Vale of Glamorgan 005G,Anti-social behaviour,,
,2024-09,South Wales Police,South Wales Police,-3.182381,51.444746,On or near Terra Nova Way,W01002036,Vale of Glamorgan 005G,Anti-social behaviour,,
89856aa906344af945226d3f2efa8330abf091315a4f5f53aa21e55b6696ae27,2024-09,South Wales Police,South Wales Police,-3.181634,51.443135,On or near Gibson Way,W01002036,Vale of Glamorgan 005G,Other theft,Investigation complete; no suspect identified,
b6acf2529c9cf28aa35781a57573fa25d49c06fe3f99abd7917b04daa2c60e5d,2024-09,South Wales Police,South Wales Police,-3.179070,51.442486,On or near Harbour View Road,W01002036,Vale of Glamorgan 005G,Vehicle crime,Investigation complete; no suspect identified,
98aad33cf749d392d654c3435bf7a0f9731a251cdffc03d23fd68d693798ee16,2024-09,South Wales Police,South Wales Police,-3.188097,51.448222,On or near River Walk,W01002036,Vale of Glamorgan 005G,Violence and sexual offences,Unable to prosecute suspect,
0fb24a306802071c674287cc758800632449e74f2cd22de5e55a2dd0aab95968,2024-09,South Wales Police,South Wales Police,-3.177046,51.443226,On or near Royal Close,W01002036,Vale of Glamorgan 005G,Violence and sexual offences,Unable to prosecute suspect,
,2024-09,South Wales Police,South Wales Police,-3.169945,51.446327,On or near Plas Taliesin,W01002037,Vale of Glamorgan 005H,Anti-social behaviour,,
2698590f27fbf2a2f7b98a0a27a0f09b935a69d945d46ef87276fc49ed28516e,2024-09,South Wales Police,South Wales Police,-3.176738,51.445774,On or near Jeffcott Place,W01002037,Vale of Glamorgan 005H,Criminal damage and arson,Unable to prosecute suspect,
ad9615893f23e3cbc71a48cf0cbbc8b8962902be3b889fe7cf906cb765ce2eaa,2024-09,South Wales Police,South Wales Police,-3.175773,51.444075,On or near Parking Area,W01002037,Vale of Glamorgan 005H,Vehicle crime,Investigation complete; no suspect identified,
feb09287915b6b6c0050ba2c5fbcf9859ce40416c8bc2ed292b18b08bf02a81a,2024-09,South Wales Police,South Wales Police,-3.174817,51.443275,On or near Steep Street,W01002037,Vale of Glamorgan 005H,Violence and sexual offences,Unable to prosecute suspect,
,2024-09,South Wales Police,South Wales Police,-3.222879,51.429898,On or near The Gables,W01001086,Vale of Glamorgan 006A,Anti-social behaviour,,
,2024-09,South Wales Police,South Wales Police,-3.222090,51.433773,On or near Britway Road,W01001086,Vale of Glamorgan 006A,Anti-social behaviour,,
1e2d4470533a8908759e7082e0b868e454108a080e536e342c4376b40c68c496,2024-09,South Wales Police,South Wales Police,-3.229745,51.432209,On or near St Andrew'S Road,W01001086,Vale of Glamorgan 006A,Criminal damage and arson,Investigation complete; no suspect identified,
05301d627f9f45f3d2084956dd3315b315514732e8a974062e72a9dddaadc1f4,2024-09,South Wales Police,South Wales Police,-3.220336,51.433800,On or near Old Farm Mews,W01001086,Vale of Glamorgan 006A,Public order,Investigation complete; no suspect identified,
320a53386c9f12ab66b6147f07dcef6af55e04a13874fb480fbdb164a45ac28a,2024-09,South Wales Police,South Wales Police,-3.223804,51.431363,On or near Park/Open Space,W01001086,Vale of Glamorgan 006A,Public order,Investigation complete; no suspect identified,
61f290d1cd3efe409f4e6c36be433359631786c032e62819780d228d53f01a9e,2024-09,South Wales Police,South Wales Police,-3.220336,51.433800,On or near Old Farm Mews,W01001086,Vale of Glamorgan 006A,Shoplifting,Unable to prosecute suspect,
e51887e8bffc73cca741f727388e2dbd54edf65c07ac0c2aea4ed5bf2bd6e287,2024-09,South Wales Police,South Wales Police,-3.223804,51.431363,On or near Park/Open Space,W01001086,Vale of Glamorgan 006A,Violence and sexual offences,Unable to prosecute suspect,
1d2c31dcca184487423a6d25f9852143a46864456eb9b5b76c37191cb9568403,2024-09,South Wales Police,South Wales Police,-3.222879,51.429898,On or near The Gables,W01001086,Vale of Glamorgan 006A,Violence and sexual offences,Investigation complete; no suspect identified,
,2024-09,South Wales Police,South Wales Police,-3.207603,51.435937,On or near Caernarvon Close,W01001087,Vale of Glamorgan 006B,Anti-social behaviour,,
,2024-09,South Wales Police,South Wales Police,-3.208531,51.433464,On or near Murch Road,W01001087,Vale of Glamorgan 006B,Anti-social behaviour,,
499c42506b8e69ea1ae7f21769ca09140f1bc5c5904b13857b57c0933f5a920f,2024-09,South Wales Police,South Wales Police,-3.209393,51.435604,On or near Castle Close,W01001087,Vale of Glamorgan 006B,Violence and sexual offences,Unable to prosecute suspect,
da441cdffbb680d4d27f65ede8fd48b1d70412d7f5444b52fd17d5f18a96063a,2024-09,South Wales Police,South Wales Police,-3.209393,51.435604,On or near Castle Close,W01001087,Vale of Glamorgan 006B,Violence and sexual offences,Unable to prosecute suspect,
,2024-09,South Wales Police,South Wales Police,-3.204957,51.430506,On or near Coed Y Ffynnon,W01001088,Vale of Glamorgan 006C,Anti-social behaviour,,
,2024-09,South Wales Police,South Wales Police,-3.211142,51.431027,On or near Sunnycroft Lane,W01001088,Vale of Glamorgan 006C,Anti-social behaviour,,
,2024-09,South Wales Police,South Wales Police,-3.203225,51.439039,On or near Caerwent Close,W01001088,Vale of Glamorgan 006C,Anti-social behaviour,,
6568476357c1af380c1458d1621827d53658ac040048491681babad59eca5a2c,2024-09,South Wales Police,South Wales Police,-3.202718,51.430134,On or near Clos Yr Ysgol,W01001088,Vale of Glamorgan 006C,Burglary,Awaiting court outcome,
c129d3c1df8ad13bb9fb6aed71474caa3be55cfc7e4ef89950a1e55504dfcb2b,2024-09,South Wales Police,South Wales Police,-3.202718,51.430134,On or near Clos Yr Ysgol,W01001088,Vale of Glamorgan 006C,Burglary,Awaiting court outcome,
8fb4826e0c0bea69f64504c99deb3ecb3e7d51f38bec910e4d7ca256a6e653a9,2024-09,South Wales Police,South Wales Police,-3.205528,51.438521,On or near Clos Y Nant,W01001088,Vale of Glamorgan 006C,Criminal damage and arson,Investigation complete; no suspect identified,
6e57414ec415928985f665ffc2a22344d3208094d973643e9d49db7098ecf09d,2024-09,South Wales Police,South Wales Police,-3.210330,51.434066,On or near Vale Court,W01001088,Vale of Glamorgan 006C,Other theft,Investigation complete; no suspect identified,
9b7e778445e226a7108fe361c7fe5340caa37d975033225d4522e92ecb5a4465,2024-09,South Wales Police,South Wales Police,-3.208561,51.431872,On or near Nightingale Place,W01001088,Vale of Glamorgan 006C,Public order,Unable to prosecute suspect,
74792562b1ddb93c1e7fda804c8dac1652f0c160fad1c787c50bfb36b025eb55,2024-09,South Wales Police,South Wales Police,-3.204957,51.430506,On or near Coed Y Ffynnon,W01001088,Vale of Glamorgan 006C,Public order,Unable to prosecute suspect,
2d53acc381d95c9b66c203a37b1fb94120f29094bc0245661399439cb4134976,2024-09,South Wales Police,South Wales Police,-3.203340,51.436853,On or near Caerleon Road,W01001088,Vale of Glamorgan 006C,Public order,Unable to prosecute suspect,
b13f9e93dc93e330510963d0b0e54e0485993a1b58ac470ca2734ba40d783bd0,2024-09,South Wales Police,South Wales Police,-3.210330,51.434066,On or near Vale Court,W01001088,Vale of Glamorgan 006C,Public order,Investigation complete; no suspect identified,
67dc5d498c0e75a63323c4e7885d2fa671a3b626167bdc649c97cf47a76abcc5,2024-09,South Wales Police,South Wales Police,-3.210330,51.434066,On or near Vale Court,W01001088,Vale of Glamorgan 006C,Shoplifting,Awaiting court outcome,
57e623d7995fd2b0dacf69432fe2c1ab247be7af107b72e19938ea4a91c6aee1,2024-09,South Wales Police,South Wales Police,-3.210330,51.434066,On or near Vale Court,W01001088,Vale of Glamorgan 006C,Shoplifting,Awaiting court outcome,
39ea7e720153d9368ea5c905265329a38bea04359bd9082e23152387698ff8e4,2024-09,South Wales Police,South Wales Police,-3.210330,51.434066,On or near Vale Court,W01001088,Vale of Glamorgan 006C,Shoplifting,Awaiting court outcome,
245576b6cb760b0ff13b7f290b894a1c2e6950069916c492c5ce4c624a79f857,2024-09,South Wales Police,South Wales Police,-3.210330,51.434066,On or near Vale Court,W01001088,Vale of Glamorgan 006C,Shoplifting,Awaiting court outcome,
4e2e7f0fe916b523cb73bdbe8fd84317cd52f4b0807d9ce813034990f625f735,2024-09,South Wales Police,South Wales Police,-3.210330,51.434066,On or near Vale Court,W01001088,Vale of Glamorgan 006C,Shoplifting,Awaiting court outcome,
b80992fc2159c80e2eae84b2285f3a465233e98d439e525b65020e6be8a48335,2024-09,South Wales Police,South Wales Police,-3.211142,51.431027,On or near Sunnycroft Lane,W01001088,Vale of Glamorgan 006C,Violence and sexual offences,Unable to prosecute suspect,
675d5ebe09b9167d26ea9861a08f063fbdfe57937bab0da205b56d1d6ecde07e,2024-09,South Wales Police,South Wales Police,-3.202551,51.436933,On or near Criccieth Court,W01001088,Vale of Glamorgan 006C,Other crime,Under investigation,
85ccc14d99b2d03937d961ffec722580b15485e47df3f7d6c742d1644ae51d38,2024-09,South Wales Police,South Wales Police,-3.217070,51.428385,On or near Hebron Hall,W01001089,Vale of Glamorgan 006D,Other theft,Investigation complete; no suspect identified,
a25d0d57b5029dc49c33a7929402bfd68dee3b29c9ac3f1d8006a08a90286c55,2024-09,South Wales Police,South Wales Police,-3.217347,51.430657,On or near St Lythan Close,W01001089,Vale of Glamorgan 006D,Other crime,Awaiting court outcome,
0d923349199da272b6dd15dd73a5eb0c6792e8023996c13680dd3ab63eeb9c92,2024-09,South Wales Police,South Wales Police,-3.209273,51.437592,On or near Powys Place,W01001090,Vale of Glamorgan 006E,Criminal damage and arson,Under investigation,
39b1ce790cb7a992cc234fbb190b7654f1dca32e7cd4669d7225004af3d5a41e,2024-09,South Wales Police,South Wales Police,-3.209273,51.437592,On or near Powys Place,W01001090,Vale of Glamorgan 006E,Criminal damage and arson,Under investigation,
688cb3144498b0c5fe91ac977dc7ece011a2bb846660ff47c3272a6c0a11cf9d,2024-09,South Wales Police,South Wales Police,-3.215255,51.439104,On or near Ardwyn Walk,W01001090,Vale of Glamorgan 006E,Other theft,Unable to prosecute suspect,
ded3a4b8df89cc3fa35e52831861fbe691dc0d45208ee54744e76bffa0af6181,2024-09,South Wales Police,South Wales Police,-3.205371,51.436940,On or near Chamberlain Row,W01001090,Vale of Glamorgan 006E,Other crime,Unable to prosecute suspect,
4453d7139ce1c82fa99e1ca2c2256638cae5041af16a334f9b97044ab26a5125,2024-09,South Wales Police,South Wales Police,-3.259667,51.418106,On or near Cynan Close,W01001081,Vale of Glamorgan 007A,Bicycle theft,Investigation complete; no suspect identified,
cbe34bf151231f2c43d546f0a5f3326ce83ee1034532edd38feee6f82c67c971,2024-09,South Wales Police,South Wales Police,-3.258464,51.416690,On or near Iolo Place,W01001081,Vale of Glamorgan 007A,Criminal damage and arson,Investigation complete; no suspect identified,
99af57288278f0cdbe84697cd7a292ecf5f62773eee6f4a0c742995866dbb3bb,2024-09,South Wales Police,South Wales Police,-3.263855,51.417693,On or near Gibbonsdown Close,W01001081,Vale of Glamorgan 007A,Vehicle crime,Unable to prosecute suspect,
ef7c670cbefc4d91e28b1689326c5bccad8f4a80e78aaca1f4d30885bd51a2d2,2024-09,South Wales Police,South Wales Police,-3.262457,51.417051,On or near Merlin Place,W01001081,Vale of Glamorgan 007A,Violence and sexual offences,Local resolution,
ffaad325156ddeb44d8dccf30e431e0d1937dcbc7f721dcbc9b1ff5c409608a6,2024-09,South Wales Police,South Wales Police,-3.256696,51.417770,On or near Edward Street,W01001081,Vale of Glamorgan 007A,Violence and sexual offences,Unable to prosecute suspect,
bfa02f4e92f8112d5515b222634728ccb5c910de80c94828cca2b6fa2bd5833b,2024-09,South Wales Police,South Wales Police,-3.276833,51.418955,On or near Poets Field Road,W01001092,Vale of Glamorgan 007B,Burglary,Investigation complete; no suspect identified,
1455f32fe4fcc617a0d9b5f82c63f60deee5300f445770bd642d97ce9c892326,2024-09,South Wales Police,South Wales Police,-3.282570,51.416824,On or near Highfield Road,W01001092,Vale of Glamorgan 007B,Violence and sexual offences,Under investigation,
5d89f8d8579e3d24aa39244233568f150b4225c6daa28620c070c352dfeae38a,2024-09,South Wales Police,South Wales Police,-3.276833,51.418955,On or near Poets Field Road,W01001092,Vale of Glamorgan 007B,Violence and sexual offences,Unable to prosecute suspect,
0a8974b34b4af5714f38d939688d3d35d8c941764171e494429cc77feb8dea32,2024-09,South Wales Police,South Wales Police,-3.282570,51.416824,On or near Highfield Road,W01001092,Vale of Glamorgan 007B,Violence and sexual offences,Investigation complete; no suspect identified,
,2024-09,South Wales Police,South Wales Police,-3.262608,51.420979,On or near Clos Llawhaden,W01001094,Vale of Glamorgan 007C,Anti-social behaviour,,
,2024-09,South Wales Police,South Wales Police,-3.262608,51.420979,On or near Clos Llawhaden,W01001094,Vale of Glamorgan 007C,Anti-social behaviour,,
,2024-09,South Wales Police,South Wales Police,-3.263052,51.420381,On or near Laleston Close,W01001094,Vale of Glamorgan 007C,Anti-social behaviour,,
d22a023f90426cb3eb49d70431ad98c057c222fb8170f99a9d6ec308cf5088d4,2024-09,South Wales Police,South Wales Police,-3.263052,51.420381,On or near Laleston Close,W01001094,Vale of Glamorgan 007C,Criminal damage and arson,Unable to prosecute suspect,
deb9480e784a0c75cc45e731c13d153fd3362799b2fb8ac6c894a730c868272d,2024-09,South Wales Police,South Wales Police,-3.262608,51.420979,On or near Clos Llawhaden,W01001094,Vale of Glamorgan 007C,Public order,Unable to prosecute suspect,
4c9688f1eb2461e31b79163c9cd2754f23bde71ff5b05516e0d9c80571afd836,2024-09,South Wales Police,South Wales Police,-3.262608,51.420979,On or near Clos Llawhaden,W01001094,Vale of Glamorgan 007C,Vehicle crime,Unable to prosecute suspect,
dcb5ec90a48e148ab7ead39a5e4e786790f6f7d3e92042f0090e9bd37c738305,2024-09,South Wales Police,South Wales Police,-3.258098,51.421171,On or near Michaelston Close,W01001094,Vale of Glamorgan 007C,Violence and sexual offences,Unable to prosecute suspect,
2f089723099224b28cfdf2fbcfac1d7c2439221b7203d9ebb979bbe3237cee6a,2024-09,South Wales Police,South Wales Police,-3.258098,51.421171,On or near Michaelston Close,W01001094,Vale of Glamorgan 007C,Violence and sexual offences,Unable to prosecute suspect,
ecb003851d26f8db0d420e224e871a44123cdef87a8018640e699c21aff5cabf,2024-09,South Wales Police,South Wales Police,-3.260870,51.422086,On or near Aberaeron Close,W01001094,Vale of Glamorgan 007C,Violence and sexual offences,Investigation complete; no suspect identified,
,2024-09,South Wales Police,South Wales Police,-3.261459,51.419966,On or near St Bride'S Way,W01001095,Vale of Glamorgan 007D,Anti-social behaviour,,
f81c4b9e1f369cdaaea8153edaffc3798723e5d9bcc2c68302b181c826ddce2f,2024-09,South Wales Police,South Wales Police,-3.264261,51.420916,On or near Cwrt Pencoedtre,W01001095,Vale of Glamorgan 007D,Burglary,Unable to prosecute suspect,
d5c27984f90a28067a3b79a7cf4ade85c8d225c83ef453546011f3338382a9e2,2024-09,South Wales Police,South Wales Police,-3.267913,51.418818,On or near Dale Court,W01001095,Vale of Glamorgan 007D,Criminal damage and arson,Investigation complete; no suspect identified,
9aab3be899ea4e3cd32d0fe97b31628baf39ab40309f6b05505eb321d21a187e,2024-09,South Wales Police,South Wales Police,-3.268251,51.417007,On or near Amroth Court,W01001095,Vale of Glamorgan 007D,Criminal damage and arson,Unable to prosecute suspect,
07cc3f29b8b9d6d194e71c949721e1004b1a772b7e3a1f81aa926d6bc1a1fe70,2024-09,South Wales Police,South Wales Police,-3.268800,51.417082,On or near Laugharne Court,W01001095,Vale of Glamorgan 007D,Other theft,Unable to prosecute suspect,
9a70d7090c3ec68d65d791a0f8e418f51c26f1cf261d8848be0d21ec05b96350,2024-09,South Wales Police,South Wales Police,-3.267847,51.419547,On or near St Catherine'S Court,W01001095,Vale of Glamorgan 007D,Public order,Unable to prosecute suspect,
bdd54d57bf1b514ca3408ece564dc58443c592e23183362732636dbf829e2c27,2024-09,South Wales Police,South Wales Police,-3.268764,51.418898,On or near Manorbier Court,W01001095,Vale of Glamorgan 007D,Vehicle crime,Investigation complete; no suspect identified,
07665a5418c62a9742ad762675d9aeb561a103b2eaa53ec4c38d472abf699849,2024-09,South Wales Police,South Wales Police,-3.270847,51.418831,On or near Angle Close,W01001095,Vale of Glamorgan 007D,Violence and sexual offences,Unable to prosecute suspect,
64bcb5e679bc605291d9f520971867206cbd97d1cbd1a8b8cfb455b2715bcda4,2024-09,South Wales Police,South Wales Police,-3.263444,51.419468,On or near Broughton Place,W01001095,Vale of Glamorgan 007D,Violence and sexual offences,Unable to prosecute suspect,
1a685538bf03dac712f5d7548b384e2610a1e7821923bfa273b29cc4e0f0e12d,2024-09,South Wales Police,South Wales Police,-3.270548,51.420480,On or near Pendine Close,W01001095,Vale of Glamorgan 007D,Violence and sexual offences,Under investigation,
5f669420d6e0f73bc116484e046a8ee6b836a1429ac95394f50e9eaac0dc5eda,2024-09,South Wales Police,South Wales Police,-3.264675,51.418736,On or near Pontalun Close,W01001095,Vale of Glamorgan 007D,Violence and sexual offences,Unable to prosecute suspect,
dfeea77e61b93b3e2a9e640d4db6bc5dad84502d952e81138d2b8e7bd2757e10,2024-09,South Wales Police,South Wales Police,-3.268800,51.417082,On or near Laugharne Court,W01001095,Vale of Glamorgan 007D,Violence and sexual offences,Unable to prosecute suspect,
1f5601ddb5a5bda6a0f25fa26895f5e94b0452db16974af9146d9f425cfe7fcd,2024-09,South Wales Police,South Wales Police,-3.267913,51.418818,On or near Dale Court,W01001095,Vale of Glamorgan 007D,Violence and sexual offences,Unable to prosecute suspect,
364f8491261b3c54f87f2eef518f6191a2c6ecb0af27b135d552ce33c77d3c40,2024-09,South Wales Police,South Wales Police,-3.267847,51.419547,On or near St Catherine'S Court,W01001095,Vale of Glamorgan 007D,Violence and sexual offences,Unable to prosecute suspect,
41d43ccba845bbbd30ed54f0047238a3d41d7571bd4d8900ae5c177731577bc4,2024-09,South Wales Police,South Wales Police,-3.268251,51.417007,On or near Amroth Court,W01001095,Vale of Glamorgan 007D,Violence and sexual offences,Under investigation,
06e0c861b410efdc87f798099ba1bd164c506b1126cbab38735afc423ba7bf97,2024-09,South Wales Police,South Wales Police,-3.267847,51.419547,On or near St Catherine'S Court,W01001095,Vale of Glamorgan 007D,Other crime,Unable to prosecute suspect,
13a0d9d2a394209c4691b391b3436c68c22e4a6f7fa41a000e1c6ae6b351daa0,2024-09,South Wales Police,South Wales Police,-3.271524,51.420424,On or near Merthyr Dyfan Road,W01001095,Vale of Glamorgan 007D,Other crime,Investigation complete; no suspect identified,
4555bf3ff0985cb1aeda59694eaa9831ff430ef1af0c6ab3dd110ad6678a5ae6,2024-09,South Wales Police,South Wales Police,-3.271065,51.412174,On or near Monmouth Way,W01001096,Vale of Glamorgan 007E,Public order,Unable to prosecute suspect,
30566c6334d5e2134fae51885e5e2fe6d8d008b97f16abc3fcf6dfcc9a7a259f,2024-09,South Wales Police,South Wales Police,-3.266623,51.412735,On or near Llys Llechwedd Jenner,W01001096,Vale of Glamorgan 007E,Public order,Unable to prosecute suspect,
3b9afb5641fe3cda01e00e8159491c793dac0362c89cb1d661971bc313eca29b,2024-09,South Wales Police,South Wales Police,-3.269211,51.412203,On or near Orchard Drive,W01001096,Vale of Glamorgan 007E,Vehicle crime,Investigation complete; no suspect identified,
be973a4440f2a9a61ca69fb688e9f60f1dcb906cc607b6cfd784c7866a276306,2024-09,South Wales Police,South Wales Police,-3.271065,51.412174,On or near Monmouth Way,W01001096,Vale of Glamorgan 007E,Violence and sexual offences,Unable to prosecute suspect,
,2024-09,South Wales Police,South Wales Police,-3.277926,51.420984,On or near Meggitt Road,W01001097,Vale of Glamorgan 007F,Anti-social behaviour,,
,2024-09,South Wales Police,South Wales Police,-3.270990,51.425016,On or near Glynbridge Close,W01001097,Vale of Glamorgan 007F,Anti-social behaviour,,
9300e288eb0e898625ff3b581aa8185dcd79f7a419c0165176878bc15874d475,2024-09,South Wales Police,South Wales Police,-3.267280,51.424677,On or near Sports/Recreation Area,W01001097,Vale of Glamorgan 007F,Criminal damage and arson,Under investigation,
57fd50f414a697eb34ac3a9111966b1e766ff2e456474708708d91831347fa89,2024-09,South Wales Police,South Wales Police,-3.273962,51.420667,On or near Chaucer Road,W01001097,Vale of Glamorgan 007F,Public order,Unable to prosecute suspect,
9633eb35519dec67081c839d47296caaa620b92584f210c89d105b461069eb08,2024-09,South Wales Police,South Wales Police,-3.267280,51.424677,On or near Sports/Recreation Area,W01001097,Vale of Glamorgan 007F,Public order,Under investigation,
196919a533526f9a39833982fca460cf07bdaa7bfa75ab30ccfdbade94f1b513,2024-09,South Wales Police,South Wales Police,-3.267280,51.424677,On or near Sports/Recreation Area,W01001097,Vale of Glamorgan 007F,Public order,Further investigation is not in the public interest,
37a10cf737ce1c3538af634c1fa13437bf3ae4caa567e970f3b7e068d44aa20f,2024-09,South Wales Police,South Wales Police,-3.276529,51.419893,On or near Winston Road,W01001097,Vale of Glamorgan 007F,Public order,Unable to prosecute suspect,
333d5ee5d94b0abbf94361137c3bf31c7adc3519c8a24533f3c5cbc0fb40f446,2024-09,South Wales Police,South Wales Police,-3.274201,51.423084,On or near Elizabeth Avenue,W01001097,Vale of Glamorgan 007F,Vehicle crime,Unable to prosecute suspect,
e85bf5476055e9e2d47faf3b947e1a65e824f6d447723e1ec791834324ea642b,2024-09,South Wales Police,South Wales Police,-3.273475,51.422309,On or near Margaret Avenue,W01001097,Vale of Glamorgan 007F,Violence and sexual offences,Under investigation,
29f7289274961f2a614860809337c6a530bf8245d419816edde7921d46e2d41b,2024-09,South Wales Police,South Wales Police,-3.272763,51.424097,On or near Cae Leon,W01001097,Vale of Glamorgan 007F,Violence and sexual offences,Unable to prosecute suspect,
95c824d3a97520727d297adb0bcc4c024f42108b82323ff69701333330da2952,2024-09,South Wales Police,South Wales Police,-3.275490,51.420813,On or near Winifred Avenue,W01001097,Vale of Glamorgan 007F,Violence and sexual offences,Awaiting court outcome,
733d045ada2fa18c77b5b962f7d49354967f9b41a460bacc6638becd96f9e622,2024-09,South Wales Police,South Wales Police,-3.267280,51.424677,On or near Sports/Recreation Area,W01001097,Vale of Glamorgan 007F,Violence and sexual offences,Unable to prosecute suspect,
2f1f596f8f144606f2ce958edd6d6e3a3c47812d3c600918c27666424c72f464,2024-09,South Wales Police,South Wales Police,-3.272720,51.421023,On or near Dryden Terrace,W01001097,Vale of Glamorgan 007F,Violence and sexual offences,Investigation complete; no suspect identified,
61daadc1a6a27b8aa9117c6313abce12a5906af0890cc66b1da1fbf5cee2650f,2024-09,South Wales Police,South Wales Police,-3.272763,51.424097,On or near Cae Leon,W01001097,Vale of Glamorgan 007F,Violence and sexual offences,Unable to prosecute suspect,
9b4483e283d0a2af1f78aa55e74485d434d1cef4d6588f82ff5fa3fbe2293335,2024-09,South Wales Police,South Wales Police,-3.274138,51.420288,On or near Milton Road,W01001097,Vale of Glamorgan 007F,Violence and sexual offences,Investigation complete; no suspect identified,
,2024-09,South Wales Police,South Wales Police,-3.168134,51.433981,On or near The Esplanade,W01001114,Vale of Glamorgan 008A,Anti-social behaviour,,
,2024-09,South Wales Police,South Wales Police,-3.172350,51.423913,On or near Cliff Side,W01001114,Vale of Glamorgan 008A,Anti-social behaviour,,
95f8f2476cabbfb426dc9e6b9ef3f2e35e83af8efdd4a23f8a9c0f98c9dd9f74,2024-09,South Wales Police,South Wales Police,-3.172350,51.423913,On or near Cliff Side,W01001114,Vale of Glamorgan 008A,Public order,Investigation complete; no suspect identified,
907879a6bf5d99e935adb3c88011ae822e66175471a85dcc07ee3518fc4cb3e7,2024-09,South Wales Police,South Wales Police,-3.192374,51.426238,On or near Clos Yr Erw,W01001115,Vale of Glamorgan 008B,Criminal damage and arson,Investigation complete; no suspect identified,
181737d283eec9a9daa69acf9abe60958bda02122047868185629368fdef1a6f,2024-09,South Wales Police,South Wales Police,-3.192374,51.426238,On or near Clos Yr Erw,W01001115,Vale of Glamorgan 008B,Criminal damage and arson,Investigation complete; no suspect identified,
6e85b08eb073faf13319d502a2de93af62127abd88a02b42002faffed184edac,2024-09,South Wales Police,South Wales Police,-3.182890,51.429364,On or near Evenlode Avenue,W01001115,Vale of Glamorgan 008B,Other theft,Investigation complete; no suspect identified,
82ab263f7b5ebfe5111fcb42d099c31664400601b8c65139331d9a10ad954ae3,2024-09,South Wales Police,South Wales Police,-3.182486,51.431562,On or near Salisbury Close,W01001131,Vale of Glamorgan 008C,Bicycle theft,Investigation complete; no suspect identified,
58a1cdbbabfe32a554b7a0871c6db19d1ecca7b6fde89015a82109fa22ad9f43,2024-09,South Wales Police,South Wales Police,-3.186007,51.433640,On or near Earl Road,W01001131,Vale of Glamorgan 008C,Criminal damage and arson,Investigation complete; no suspect identified,
03993ceb56f4122ca80f768d050d867fd85d04495d5f08a607bdb25f58d5228e,2024-09,South Wales Police,South Wales Police,-3.182486,51.431562,On or near Salisbury Close,W01001131,Vale of Glamorgan 008C,Criminal damage and arson,Local resolution,
7c94504d481dd1b10bee219d8565df61e70091402be2deb4ba631829c26e5e12,2024-09,South Wales Police,South Wales Police,-3.181912,51.433295,On or near Salisbury Avenue,W01001131,Vale of Glamorgan 008C,Other theft,Investigation complete; no suspect identified,
656a84d13df11a2254598c0a0df179d05f8dfb96088a8bf7b35aec103d0987cf,2024-09,South Wales Police,South Wales Police,-3.181912,51.433295,On or near Salisbury Avenue,W01001131,Vale of Glamorgan 008C,Robbery,Unable to prosecute suspect,
6f65b33aec792d3e340fbff8261b19a0bce00a395bb81d75ec2ba6cb9767fcc8,2024-09,South Wales Police,South Wales Police,-3.186007,51.433640,On or near Earl Road,W01001131,Vale of Glamorgan 008C,Vehicle crime,Investigation complete; no suspect identified,
c22b72d3d297101b32368f3a5d0468eed1eb5ee3ece9051b0f9d22ae3bfb07ad,2024-09,South Wales Police,South Wales Police,-3.186520,51.430685,On or near Powys Road,W01001131,Vale of Glamorgan 008C,Violence and sexual offences,Unable to prosecute suspect,
e7f801ede988f6d47cac7fed42a6549976683c60a842b6de2a1bd7b4b992eb33,2024-09,South Wales Police,South Wales Police,-3.182486,51.431562,On or near Salisbury Close,W01001131,Vale of Glamorgan 008C,Violence and sexual offences,Under investigation,
43a66a3485e2597ea1d8a59cba5dc0656d7c9b824e25303a3422936c4949c42a,2024-09,South Wales Police,South Wales Police,-3.186520,51.430685,On or near Powys Road,W01001131,Vale of Glamorgan 008C,Violence and sexual offences,Under investigation,
110335f2694a1c991e1d59c9953a752a4266253fe726e3e72e84ca8615ed0afd,2024-09,South Wales Police,South Wales Police,-3.186520,51.430685,On or near Powys Road,W01001131,Vale of Glamorgan 008C,Violence and sexual offences,Unable to prosecute suspect,
210f7398dee768b942f159eea63559c8c54c33f5ec2e750f8d7e5706878419b4,2024-09,South Wales Police,South Wales Police,-3.211486,51.407051,On or near Elworthy Close,W01001132,Vale of Glamorgan 008D,Public order,Unable to prosecute suspect,
ba8cb6faa39a59da3748ad600a536bc0bfd3593a81b7938e1b79c38ab5d1313f,2024-09,South Wales Police,South Wales Police,-3.210574,51.405199,On or near Wimborne Crescent,W01001132,Vale of Glamorgan 008D,Violence and sexual offences,Unable to prosecute suspect,
a51d3d6e226a195484b1c7dd2367620a4f1debe9cbf4c390dad6f8a40539fac2,2024-09,South Wales Police,South Wales Police,-3.211170,51.409257,On or near Slade Close,W01001132,Vale of Glamorgan 008D,Violence and sexual offences,Unable to prosecute suspect,
e8486e483448bcf10930e36d7a948e26ef278c8da5032859d0ad5822f512bbf2,2024-09,South Wales Police,South Wales Police,-3.211170,51.409257,On or near Slade Close,W01001132,Vale of Glamorgan 008D,Violence and sexual offences,Unable to prosecute suspect,
95056e7227ec5f55c993c1590c9d13e609fd68a6174b0595a8fdd07346f862da,2024-09,South Wales Police,South Wales Police,-3.210574,51.405199,On or near Wimborne Crescent,W01001132,Vale of Glamorgan 008D,Violence and sexual offences,Further investigation is not in the public interest,
36b8a0a77249f2acafe5041f98c00fea26ff3ac2a21272a847d301b766e74659,2024-09,South Wales Police,South Wales Police,-3.210574,51.405199,On or near Wimborne Crescent,W01001132,Vale of Glamorgan 008D,Other crime,Under investigation,
,2024-09,South Wales Police,South Wales Police,-3.212676,51.403657,On or near Smithies Avenue,W01001133,Vale of Glamorgan 008E,Anti-social behaviour,,
c05c9ba0cc6b7567e4ab5b450b0c144240a275d17e93535dc2c38733c3788096,2024-09,South Wales Police,South Wales Police,-3.234307,51.403449,On or near Hayes Road,W01001133,Vale of Glamorgan 008E,Burglary,Investigation complete; no suspect identified,
d3304499bc596e2c35db7411a26f1995b27c08dd0b8758f92284d2c47cbd01a7,2024-09,South Wales Police,South Wales Police,-3.209955,51.401905,On or near Somerset View,W01001133,Vale of Glamorgan 008E,Burglary,Investigation complete; no suspect identified,
1a0eec040c9cea923ac9f5f94219e3f7e6bfef410df0975a3113351a935351f0,2024-09,South Wales Police,South Wales Police,-3.215938,51.404685,On or near Burnham Avenue,W01001133,Vale of Glamorgan 008E,Public order,Unable to prosecute suspect,
afe490d22a3792f2cd98b05925f3dacd8fa4c39dc5e59e5b7c9edc094395f0c2,2024-09,South Wales Police,South Wales Police,-3.212417,51.404748,On or near Weston Avenue,W01001133,Vale of Glamorgan 008E,Shoplifting,Unable to prosecute suspect,
9382e2881c43c1ad20c908c662ac09c0c6b9202b2cc6176e3dd09994a9a4c558,2024-09,South Wales Police,South Wales Police,-3.215938,51.404685,On or near Burnham Avenue,W01001133,Vale of Glamorgan 008E,Violence and sexual offences,Unable to prosecute suspect,
b4d0a05b6fd41044588e40104e6dd15fbc34bae0ca4aa0bea944e9ce9505e17d,2024-09,South Wales Police,South Wales Police,-3.224946,51.403916,On or near Parking Area,W01001133,Vale of Glamorgan 008E,Violence and sexual offences,Unable to prosecute suspect,
ab112a309bfc15998a813be622a336810c6e9fec5fb066da01e5691298a2b913,2024-09,South Wales Police,South Wales Police,-3.218560,51.405449,On or near Dunster Drive,W01001133,Vale of Glamorgan 008E,Violence and sexual offences,Unable to prosecute suspect,
545d64ddcd5a45362dbe65db0676268971a5b951fe06dc2257991f2840ab21cb,2024-09,South Wales Police,South Wales Police,-3.241489,51.400046,On or near Hayes Lane,W01001133,Vale of Glamorgan 008E,Violence and sexual offences,Under investigation,
0c8ed50c65526ae9a0513d49cb2da0a65d83c731243a4ecb0c75be5e2fd546dc,2024-09,South Wales Police,South Wales Police,-3.218560,51.405449,On or near Dunster Drive,W01001133,Vale of Glamorgan 008E,Violence and sexual offences,Unable to prosecute suspect,
b11a76a06ac5d61a6932ef01ceb822447b807ba5fe7eca6345110a298555e469,2024-09,South Wales Police,South Wales Police,-3.218363,51.406125,On or near Minehead Avenue,W01001133,Vale of Glamorgan 008E,Violence and sexual offences,Under investigation,
5470b45f9d0f32b7ec517d198b10b07b3b5f34e6d8a2d3e69762b84edebe4692,2024-09,South Wales Police,South Wales Police,-3.180050,51.415743,On or near Upper Cosmeston Farm,W01001134,Vale of Glamorgan 008F,Burglary,Investigation complete; no suspect identified,
58c339d67a61b4d4aa8352ad1cd23b2e8301e1e56f2a3f00ca09836422c92387,2024-09,South Wales Police,South Wales Police,-3.180256,51.417045,On or near Falcon Grove,W01001134,Vale of Glamorgan 008F,Burglary,Investigation complete; no suspect identified,
df4e0d012e8be074eb92d24c3c75941b0eca1f0e14c54190fc824ea2d0e3de1d,2024-09,South Wales Police,South Wales Police,-3.180050,51.415743,On or near Upper Cosmeston Farm,W01001134,Vale of Glamorgan 008F,Burglary,Investigation complete; no suspect identified,
80bd18a6d0741abe4d4498c473f7f62449b67c31d31be9f2432013f8ba4d3fbd,2024-09,South Wales Police,South Wales Police,-3.177960,51.417787,On or near Lapwing Close,W01001134,Vale of Glamorgan 008F,Criminal damage and arson,Investigation complete; no suspect identified,
afcd4624fcf396ff6de5f5490fadae06e0445e8026c61fda42fe7266d356073b,2024-09,South Wales Police,South Wales Police,-3.180050,51.415743,On or near Upper Cosmeston Farm,W01001134,Vale of Glamorgan 008F,Other theft,Investigation complete; no suspect identified,
b21e54ede1f3ffb411fcffd5d3b4629bf8fd5ef3add340987d5da11b4d08ff76,2024-09,South Wales Police,South Wales Police,-3.178270,51.416975,On or near Raven Way,W01001134,Vale of Glamorgan 008F,Vehicle crime,Investigation complete; no suspect identified,
d13eac5482f674f3e7a22c2bf47d672236c6bf46bb1825a68e4df0d25fc873d6,2024-09,South Wales Police,South Wales Police,-3.177960,51.417787,On or near Lapwing Close,W01001134,Vale of Glamorgan 008F,Vehicle crime,Investigation complete; no suspect identified,
,2024-09,South Wales Police,South Wales Police,-3.249097,51.415971,On or near Powis View,W01001067,Vale of Glamorgan 009A,Anti-social behaviour,,
,2024-09,South Wales Police,South Wales Police,-3.249097,51.415971,On or near Powis View,W01001067,Vale of Glamorgan 009A,Anti-social behaviour,,
69d1760b79ed8de5cc589a102abc03818f9b1ef5b69a0d6f6c09698a07944268,2024-09,South Wales Police,South Wales Police,-3.244638,51.416999,On or near Hanover Court,W01001067,Vale of Glamorgan 009A,Burglary,Awaiting court outcome,
d7b2f6a8226803e85d8252d0a22fe3edf7d4c545729f663ebbfbf03af5e2ac16,2024-09,South Wales Police,South Wales Police,-3.245830,51.414819,On or near Norwood Crescent,W01001067,Vale of Glamorgan 009A,Burglary,Awaiting court outcome,
ec937bf2dee567c6f01e46c5110fd89d952fa6b2bf2417e29cf70a82f0ffb636,2024-09,South Wales Police,South Wales Police,-3.245830,51.414819,On or near Norwood Crescent,W01001067,Vale of Glamorgan 009A,Burglary,Awaiting court outcome,
1d0db23f1cd1d535b096cc8f6fd366dcd08ebcba6713164a7f343983c6e7eee8,2024-09,South Wales Police,South Wales Police,-3.249097,51.415971,On or near Powis View,W01001067,Vale of Glamorgan 009A,Criminal damage and arson,Investigation complete; no suspect identified,
26646a478b335e60b7b8b32b1df0e7f15de35e74746208d122ece0422a2a8bd7,2024-09,South Wales Police,South Wales Police,-3.250932,51.418398,On or near David Street,W01001067,Vale of Glamorgan 009A,Criminal damage and arson,Investigation complete; no suspect identified,
0616402ee8acd5088d377e980758aa2580632cf2061c4588b16d51403c6d599a,2024-09,South Wales Police,South Wales Police,-3.249097,51.415971,On or near Powis View,W01001067,Vale of Glamorgan 009A,Criminal damage and arson,Investigation complete; no suspect identified,
8be7e59d090967ae1e82c5807d1ca2fe45a3c4aa1f08e52537441213720d1830,2024-09,South Wales Police,South Wales Police,-3.249097,51.415971,On or near Powis View,W01001067,Vale of Glamorgan 009A,Other theft,Investigation complete; no suspect identified,
8f2e7361c48deb1826b0a3104967b2fd00e5f49ce6887aea2e156cb740e7bf0a,2024-09,South Wales Police,South Wales Police,-3.250932,51.418398,On or near David Street,W01001067,Vale of Glamorgan 009A,Public order,Unable to prosecute suspect,
ef583d973a3f8ccbea2216876ab16389490185390b5b2b3ee1682640673c90b4,2024-09,South Wales Police,South Wales Police,-3.245780,51.417230,On or near Wolfe Close,W01001067,Vale of Glamorgan 009A,Public order,Investigation complete; no suspect identified,
1134a97f43a556143b58e49eae60693b194f985f9ffb58e58de06b22c4bdb575,2024-09,South Wales Police,South Wales Police,-3.248072,51.417943,On or near Elm Grove,W01001067,Vale of Glamorgan 009A,Violence and sexual offences,Unable to prosecute suspect,
751176e1b5130636f8688ef528de7a8757c231b86c23ac2d3f88d47fd79599d7,2024-09,South Wales Police,South Wales Police,-3.250932,51.418398,On or near David Street,W01001067,Vale of Glamorgan 009A,Violence and sexual offences,Unable to prosecute suspect,
92d566338de9cec8046478e7c9f18be6bab467fa0942a9a145398e73e368fd54,2024-09,South Wales Police,South Wales Police,-3.249097,51.415971,On or near Powis View,W01001067,Vale of Glamorgan 009A,Violence and sexual offences,Unable to prosecute suspect,
b0ba2d0a4df699003f804cbb618527a941e938a277bc15f7109af5a349ece032,2024-09,South Wales Police,South Wales Police,-3.245765,51.416681,On or near Fouracres Close,W01001067,Vale of Glamorgan 009A,Violence and sexual offences,Unable to prosecute suspect,
d3e3916df6d7dbe881b9cacd013758ab5de5b2dbf66ebc08a0ba94b694dcf839,2024-09,South Wales Police,South Wales Police,-3.249097,51.415971,On or near Powis View,W01001067,Vale of Glamorgan 009A,Other crime,Unable to prosecute suspect,
b7fe78fd04b114e00758a50eb9fe7c44eab5e661d2eaefdb0d34a3e117818750,2024-09,South Wales Police,South Wales Police,-3.241519,51.417068,On or near Ffordd Elin,W01001068,Vale of Glamorgan 009B,Criminal damage and arson,Unable to prosecute suspect,
7a77686a12ede83b09d257fcb00e3af73678b0d2151a1d2949ae0093f51ec0c8,2024-09,South Wales Police,South Wales Police,-3.245311,51.420598,On or near Coldbrook Close,W01001068,Vale of Glamorgan 009B,Other theft,Investigation complete; no suspect identified,
6a163f9d363375874c857438ff38b3ab4870d25cf5aefd6469e925bddc4790b5,2024-09,South Wales Police,South Wales Police,-3.243566,51.414583,On or near Falcon Road,W01001068,Vale of Glamorgan 009B,Possession of weapons,Unable to prosecute suspect,
27e2b97ce6a4d32067a1f03f23eb3aa8ae66ead0e6a576653e5ff96a574a2867,2024-09,South Wales Police,South Wales Police,-3.238850,51.417825,On or near Greenacres,W01001068,Vale of Glamorgan 009B,Violence and sexual offences,Unable to prosecute suspect,
aa5447677c641eceeec3f59d0be1fa34fa266f0ef7732e92dfd47d281c4f31e4,2024-09,South Wales Police,South Wales Police,-3.243007,51.419975,On or near Longacre Close,W01001068,Vale of Glamorgan 009B,Violence and sexual offences,Under investigation,
159a9bf9a923869bddbc322fa9827e2ad4a7c0742903972e42157e9897d75c41,2024-09,South Wales Police,South Wales Police,-3.241519,51.417068,On or near Ffordd Elin,W01001068,Vale of Glamorgan 009B,Violence and sexual offences,Unable to prosecute suspect,
6df1b461b5c7474122a4496da328777ecda02470a27030c60ede5309576ae835,2024-09,South Wales Police,South Wales Police,-3.244335,51.420140,On or near Glenbrook Close,W01001068,Vale of Glamorgan 009B,Violence and sexual offences,Unable to prosecute suspect,
7c720d39658a6f6dcc1f7feb8ed008ab4dd7285426aefe12b59d6ba1662f6e9a,2024-09,South Wales Police,South Wales Police,-3.243007,51.419975,On or near Longacre Close,W01001068,Vale of Glamorgan 009B,Violence and sexual offences,Under investigation,
,2024-09,South Wales Police,South Wales Police,-3.248116,51.412178,On or near Gradon Close,W01001070,Vale of Glamorgan 009C,Anti-social behaviour,,
,2024-09,South Wales Police,South Wales Police,-3.249859,51.412304,On or near Northcote Terrace,W01001070,Vale of Glamorgan 009C,Anti-social behaviour,,
,2024-09,South Wales Police,South Wales Police,-3.249859,51.412304,On or near Northcote Terrace,W01001070,Vale of Glamorgan 009C,Anti-social behaviour,,
9dbd7f46fdc82e7a9a600a9906ba2621f117fcf2ecc51e6b5ee081140b79397d,2024-09,South Wales Police,South Wales Police,-3.249859,51.412304,On or near Northcote Terrace,W01001070,Vale of Glamorgan 009C,Burglary,Under investigation,
b0a1a76f03458dd0ce78f10f5f30dd1778be078a2fc6f25d9f1ae3f1e0847507,2024-09,South Wales Police,South Wales Police,-3.251305,51.410993,On or near Lower Holmes Street,W01001070,Vale of Glamorgan 009C,Criminal damage and arson,Unable to prosecute suspect,
21262f181c6f0e9b2a268e36217f70b107796569dea399b622150114111b490c,2024-09,South Wales Police,South Wales Police,-3.251305,51.410993,On or near Lower Holmes Street,W01001070,Vale of Glamorgan 009C,Criminal damage and arson,Investigation complete; no suspect identified,
328509ef19cd184f9cc061a3d25698111d832911e6fd5239a4f748bc42f06f97,2024-09,South Wales Police,South Wales Police,-3.252746,51.411131,On or near Weston Street,W01001070,Vale of Glamorgan 009C,Criminal damage and arson,Investigation complete; no suspect identified,
39dba8a765286071d6021d77bfd8aa002c64b04373c0201d95ebdcf061973b60,2024-09,South Wales Police,South Wales Police,-3.251305,51.410993,On or near Lower Holmes Street,W01001070,Vale of Glamorgan 009C,Public order,Investigation complete; no suspect identified,
f2a44c90c0048fca1090eebfeaf4538c9a6c02f4f8863254884eca4a51871c3e,2024-09,South Wales Police,South Wales Police,-3.251270,51.411839,On or near Vere Street,W01001070,Vale of Glamorgan 009C,Robbery,Investigation complete; no suspect identified,
e111f8c8694692b0912de9a79ea4d794cbbbd487bc789be4971879855bca1273,2024-09,South Wales Police,South Wales Police,-3.249859,51.412304,On or near Northcote Terrace,W01001070,Vale of Glamorgan 009C,Shoplifting,Local resolution,
cf4c2a9b7b78f14fdfa1c085719373348d344e3e50083285fb6c1bbfb23d9b93,2024-09,South Wales Police,South Wales Police,-3.249859,51.412304,On or near Northcote Terrace,W01001070,Vale of Glamorgan 009C,Shoplifting,Local resolution,
3df750b864c6c7170aaf103d16a7fde7b8113cd05653f0bfdbcedcfe2eb15ca7,2024-09,South Wales Police,South Wales Police,-3.248116,51.412178,On or near Gradon Close,W01001070,Vale of Glamorgan 009C,Vehicle crime,Unable to prosecute suspect,
6ab5d33df187c4d121e16a942bc5058d5d99edd12066d106037325fce3def070,2024-09,South Wales Police,South Wales Police,-3.251305,51.410993,On or near Lower Holmes Street,W01001070,Vale of Glamorgan 009C,Violence and sexual offences,Unable to prosecute suspect,
8dd4f4ac8b3a03ad947ee4fe4836ce4dbe040d39eba039e6af76c0e29e4d452c,2024-09,South Wales Police,South Wales Police,-3.248116,51.412178,On or near Gradon Close,W01001070,Vale of Glamorgan 009C,Violence and sexual offences,Unable to prosecute suspect,
ad59aa2a9a2ff2dea05fcab569c52c9544d029d60261ce8c9d0348142e9bb886,2024-09,South Wales Police,South Wales Police,-3.251305,51.410993,On or near Lower Holmes Street,W01001070,Vale of Glamorgan 009C,Violence and sexual offences,Unable to prosecute suspect,
a5f38460b4b4eb920a2700befb866997cdd91dfcaf60b6abf46133c60b5a92b1,2024-09,South Wales Police,South Wales Police,-3.253990,51.410866,On or near Courtenay Road,W01001070,Vale of Glamorgan 009C,Violence and sexual offences,Unable to prosecute suspect,
013848d915ac8b0855ae8fce4aa67091109c176a022e838bbeecd3b2c07a807f,2024-09,South Wales Police,South Wales Police,-3.251305,51.410993,On or near Lower Holmes Street,W01001070,Vale of Glamorgan 009C,Violence and sexual offences,Unable to prosecute suspect,
a990ec35622ae3d757c7dfa0c39896cb40643350a8f13917a7ede329a4465826,2024-09,South Wales Police,South Wales Police,-3.248116,51.412178,On or near Gradon Close,W01001070,Vale of Glamorgan 009C,Violence and sexual offences,Unable to prosecute suspect,
9e3a838c21d29ac25ebb92ba4d391fa87a7c8721a43f605f0bd35c9842475ffc,2024-09,South Wales Police,South Wales Police,-3.253990,51.410866,On or near Courtenay Road,W01001070,Vale of Glamorgan 009C,Violence and sexual offences,Unable to prosecute suspect,
,2024-09,South Wales Police,South Wales Police,-3.240551,51.411584,On or near Cardiff Road,W01001071,Vale of Glamorgan 009D,Anti-social behaviour,,
,2024-09,South Wales Police,South Wales Police,-3.240262,51.412585,On or near James Street,W01001071,Vale of Glamorgan 009D,Anti-social behaviour,,
8a874775e84d7745637235e940dae6a247911e85cdc6e600692c767aa66dadcf,2024-09,South Wales Police,South Wales Police,-3.242972,51.412844,On or near Arthur Street,W01001071,Vale of Glamorgan 009D,Burglary,Awaiting court outcome,
2ee5ac01da544490f4a56721c1459d5eb3348ddf14439faff6f0a9639dabb0e8,2024-09,South Wales Police,South Wales Police,-3.239778,51.412770,On or near Cadoc Crescent,W01001071,Vale of Glamorgan 009D,Criminal damage and arson,Investigation complete; no suspect identified,
f83e47e6b34967607dd013d506e61e8b758f7fc9ce80746a09514b63d66e2a0e,2024-09,South Wales Police,South Wales Police,-3.241848,51.413279,On or near Palmerston Road,W01001071,Vale of Glamorgan 009D,Criminal damage and arson,Investigation complete; no suspect identified,
9c083f5f83527d212867f269648c1765deb026139b457843d3ead4589399e05f,2024-09,South Wales Police,South Wales Police,-3.236371,51.413355,On or near Petrol Station,W01001071,Vale of Glamorgan 009D,Other theft,Investigation complete; no suspect identified,
34cdeb460a17806272e8e16137750de36eccc9982cce32908a2880f58da3f7cc,2024-09,South Wales Police,South Wales Police,-3.236371,51.413355,On or near Petrol Station,W01001071,Vale of Glamorgan 009D,Other theft,Investigation complete; no suspect identified,
967108e3e5301a9847bfcab5a5d437eb36794e233a165885122936bcaa16ed41,2024-09,South Wales Police,South Wales Police,-3.236371,51.413355,On or near Petrol Station,W01001071,Vale of Glamorgan 009D,Other theft,Investigation complete; no suspect identified,
8672d888f290efc90070743f9243946d5f8538973a194215ab3073b2a91234ec,2024-09,South Wales Police,South Wales Police,-3.249644,51.413376,On or near Belle Vue Terrace,W01001071,Vale of Glamorgan 009D,Public order,Unable to prosecute suspect,
47ab35e340ff824049c65d94f338adb77a5702ce2dc2d22bcb793bdc66c1d579,2024-09,South Wales Police,South Wales Police,-3.236371,51.413355,On or near Petrol Station,W01001071,Vale of Glamorgan 009D,Shoplifting,Under investigation,
1beb5cd7be8fdbfcd7f7e792854a59f8d025d683932f545a87d4b354a4886b6f,2024-09,South Wales Police,South Wales Police,-3.236371,51.413355,On or near Petrol Station,W01001071,Vale of Glamorgan 009D,Shoplifting,Unable to prosecute suspect,
cb69d9d745959d3715acca86aab324fc57b2d876c41aa2941ea51fbfb052088d,2024-09,South Wales Police,South Wales Police,-3.236371,51.413355,On or near Petrol Station,W01001071,Vale of Glamorgan 009D,Shoplifting,Further investigation is not in the public interest,
069345cc9d402778a95ef2da23649c93661b566f9336c2054d417e4c385ca66e,2024-09,South Wales Police,South Wales Police,-3.249644,51.413376,On or near Belle Vue Terrace,W01001071,Vale of Glamorgan 009D,Vehicle crime,Under investigation,
45b9bc44a54eb93b5c9255e3eb5b905582518b4956ac6fea5063f16a17bf294d,2024-09,South Wales Police,South Wales Police,-3.249644,51.413376,On or near Belle Vue Terrace,W01001071,Vale of Glamorgan 009D,Vehicle crime,Investigation complete; no suspect identified,
e13739896c6c358d059a7298c8d212a0d83a6359507996084d72232594b53a1f,2024-09,South Wales Police,South Wales Police,-3.247536,51.415161,On or near Marlborough Close,W01001071,Vale of Glamorgan 009D,Violence and sexual offences,Investigation complete; no suspect identified,
264676a6e01d72c150964e34c443eee79ad74e953a7dd7e219aa1cf9496da39e,2024-09,South Wales Police,South Wales Police,-3.245169,51.412731,On or near Albert Street,W01001071,Vale of Glamorgan 009D,Violence and sexual offences,Unable to prosecute suspect,
440cd3df99fcda67592f6205823aeb7035d992e92768ab52c22cbeab359d46f9,2024-09,South Wales Police,South Wales Police,-3.246276,51.413250,On or near Nordale Rise,W01001071,Vale of Glamorgan 009D,Violence and sexual offences,Unable to prosecute suspect,
5d06b5851f339c7dfea088f3dbc0d859defccbab5b2a8cc9af98f6943b42522d,2024-09,South Wales Police,South Wales Police,-3.260995,51.424521,On or near Heol Gwerthyd,W01001072,Vale of Glamorgan 009E,Other theft,Under investigation,
a69d09ac6e6089d4b5c295a106058e82a934392407c9a6264cde2774c2b78d5b,2024-09,South Wales Police,South Wales Police,-3.253856,51.424886,On or near Trem Y Coed,W01001072,Vale of Glamorgan 009E,Shoplifting,Suspect charged as part of another case,
14338aecb61740095554852651559f01f71c15e53064297f1a1cb3257a204cf7,2024-09,South Wales Police,South Wales Police,-3.260966,51.426626,On or near Golwg Y Coed,W01001072,Vale of Glamorgan 009E,Vehicle crime,Investigation complete; no suspect identified,
c516ca371ac2c5356c05db2c2b7bb8d1dc2158a9e976724cbc7cbc3ab8908507,2024-09,South Wales Police,South Wales Police,-3.260966,51.426626,On or near Golwg Y Coed,W01001072,Vale of Glamorgan 009E,Violence and sexual offences,Under investigation,
d7d517765961c39a107d6df2594e983f62537f57ac19219a36c55893d0aea57a,2024-09,South Wales Police,South Wales Police,-3.260966,51.426626,On or near Golwg Y Coed,W01001072,Vale of Glamorgan 009E,Violence and sexual offences,Unable to prosecute suspect,
89d0250356ae7d0153961b5ed18613362b1068347819c75cd71293e1115fef48,2024-09,South Wales Police,South Wales Police,-3.256757,51.423164,On or near Gelyn-Y-Clêr,W01001072,Vale of Glamorgan 009E,Violence and sexual offences,Unable to prosecute suspect,
79e6d4de5bf0e77b09aa6919e505b0b48b2a0544b9d3a4049d12e0f4f5b4af76,2024-09,South Wales Police,South Wales Police,-3.260995,51.424521,On or near Heol Gwerthyd,W01001072,Vale of Glamorgan 009E,Violence and sexual offences,Under investigation,
f7de8f054996993d990046ee803476dc371bdfc955ae51404b6a003962e0d148,2024-09,South Wales Police,South Wales Police,-3.291307,51.416602,On or near Cambourne Close,W01001091,Vale of Glamorgan 010A,Violence and sexual offences,Unable to prosecute suspect,
bb83bbd6e701c6298bcfe4706c9610f7ccc136ffd8d2348865eaa3deecfdb5d3,2024-09,South Wales Police,South Wales Police,-3.293161,51.405359,On or near Pontypridd Road,W01001100,Vale of Glamorgan 010C,Public order,Unable to prosecute suspect,
2f4307fca11344d12554606111e2d6896eef84f4e83e9f038a0f3f3538ec916d,2024-09,South Wales Police,South Wales Police,-3.292320,51.406142,On or near Lidmore Road,W01001100,Vale of Glamorgan 010C,Violence and sexual offences,Unable to prosecute suspect,
28beec3221192fb4bf3846c7babb366c53f29af52542b3456fac426812d7ffdb,2024-09,South Wales Police,South Wales Police,-3.290485,51.415001,On or near Supermarket,W01001103,Vale of Glamorgan 010D,Criminal damage and arson,Investigation complete; no suspect identified,
74f01d2daf7400f5e7e173cc424a82fce9d23dd37bc7d3a424aea49cf39e02fd,2024-09,South Wales Police,South Wales Police,-3.285294,51.409684,On or near Further/Higher Educational Building,W01001103,Vale of Glamorgan 010D,Public order,Unable to prosecute suspect,
f7bed3c1eb85f743e9faad115756748957f83cc13892e2d3379dd41817c85434,2024-09,South Wales Police,South Wales Police,-3.290485,51.415001,On or near Supermarket,W01001103,Vale of Glamorgan 010D,Shoplifting,Investigation complete; no suspect identified,
263aa5f386810589c58fa11c298b9a03ae4766431bbc8b4a73ac36ba91a208ee,2024-09,South Wales Police,South Wales Police,-3.289224,51.416166,On or near Liscum Way,W01001103,Vale of Glamorgan 010D,Violence and sexual offences,Investigation complete; no suspect identified,
6116fa655680262c2dc954361344a1c8a4518d3bddf3444459f5a4d56e21b545,2024-09,South Wales Police,South Wales Police,-3.289224,51.416166,On or near Liscum Way,W01001103,Vale of Glamorgan 010D,Violence and sexual offences,Unable to prosecute suspect,
c7a783c1b1b3a0ad7bbd1fa847f92772205bab4971e0bb45bbdf8b521f90227a,2024-09,South Wales Police,South Wales Police,-3.289224,51.416166,On or near Liscum Way,W01001103,Vale of Glamorgan 010D,Violence and sexual offences,Unable to prosecute suspect,
7ae3fbd1d52f1aa2eead4fd68bf7ca3981a00b2d6e883ce58f81b8940561d994,2024-09,South Wales Police,South Wales Police,-3.285143,51.411679,On or near Greenbanks Drive,W01001103,Vale of Glamorgan 010D,Violence and sexual offences,Unable to prosecute suspect,
9e7c6bfea45ffb8d9431b8ee71af9364887c02d5bf161809a2a797e22b294e6f,2024-09,South Wales Police,South Wales Police,-3.289224,51.416166,On or near Liscum Way,W01001103,Vale of Glamorgan 010D,Violence and sexual offences,Under investigation,
03fe25ae40c321069fea3492cfc9582e734f0e93873d0f3b3d2b224d1c0a7d6c,2024-09,South Wales Police,South Wales Police,-3.293018,51.414065,On or near Enfield Drive,W01001103,Vale of Glamorgan 010D,Violence and sexual offences,Unable to prosecute suspect,
51cd1e7c3e90b528f1023f7a034da7c0116f72cd70f93f59daaf778092745e59,2024-09,South Wales Police,South Wales Police,-3.285294,51.409684,On or near Further/Higher Educational Building,W01001103,Vale of Glamorgan 010D,Violence and sexual offences,Investigation complete; no suspect identified,
,2024-09,South Wales Police,South Wales Police,-3.479952,51.408490,On or near Le Pouliguen Close,W01001106,Vale of Glamorgan 011A,Anti-social behaviour,,
be5376051879efcc667944496868bcf2f1b408d32f63c414f38a66a3ee5539aa,2024-09,South Wales Police,South Wales Police,-3.479952,51.408490,On or near Le Pouliguen Close,W01001106,Vale of Glamorgan 011A,Shoplifting,Investigation complete; no suspect identified,
72441809a9916a20ec860a33a57267b81740318aaf077c1ef8a2ced7ebdd3799,2024-09,South Wales Police,South Wales Police,-3.479952,51.408490,On or near Le Pouliguen Close,W01001106,Vale of Glamorgan 011A,Shoplifting,Awaiting court outcome,
5a1692d55f4af481ef9acfcd6ceb3b23734ec04c930b742c169106d7a2b536aa,2024-09,South Wales Police,South Wales Police,-3.479952,51.408490,On or near Le Pouliguen Close,W01001106,Vale of Glamorgan 011A,Shoplifting,Investigation complete; no suspect identified,
37660adc62c236e4bafdcf7bf8407d24ca5335b42d8177e1d913f36e96a10989,2024-09,South Wales Police,South Wales Police,-3.464099,51.407799,On or near Harding Close,W01001106,Vale of Glamorgan 011A,Theft from the person,Investigation complete; no suspect identified,
1ad4c5d281fa8967734282f3d254aabfcfb5e908b1da4c2e72ee21b94a11211b,2024-09,South Wales Police,South Wales Police,-3.479952,51.408490,On or near Le Pouliguen Close,W01001106,Vale of Glamorgan 011A,Violence and sexual offences,Investigation complete; no suspect identified,
8cc8f490714475982e6e0c5b97eb6e17e58e45df295562253988fe7644a07374,2024-09,South Wales Police,South Wales Police,-3.469395,51.409280,On or near Eagleswell Road,W01001106,Vale of Glamorgan 011A,Violence and sexual offences,Under investigation,
11906a34983d71dd490d6a7f6ee9018a1b1dc058f2c5deafc7b623ce52453bbf,2024-09,South Wales Police,South Wales Police,-3.467452,51.407883,On or near Leigh Close,W01001106,Vale of Glamorgan 011A,Other crime,Unable to prosecute suspect,
,2024-09,South Wales Police,South Wales Police,-3.478218,51.409582,On or near Fairfield Rise,W01001107,Vale of Glamorgan 011B,Anti-social behaviour,,
36984eb5d0ab43282722d9c9e2589c4a8bf0533b5958feb911f904e690df40eb,2024-09,South Wales Police,South Wales Police,-3.484696,51.408925,On or near Durell Street,W01001107,Vale of Glamorgan 011B,Bicycle theft,Unable to prosecute suspect,
b6ea26671f208334be6fd631c1a432d8e14544d9a0ddbfca7d8e04a0f87b89a4,2024-09,South Wales Police,South Wales Police,-3.482306,51.409692,On or near Parking Area,W01001107,Vale of Glamorgan 011B,Public order,Investigation complete; no suspect identified,
d5f5551bbc904e7ca71319f856716c48cd92d6a0d4cf1ff9f652a2eebb037896,2024-09,South Wales Police,South Wales Police,-3.481936,51.407593,On or near Baron'S Close,W01001107,Vale of Glamorgan 011B,Shoplifting,Investigation complete; no suspect identified,
f63b22ff05e90b40cf779afec2c35862bea59f3b4bbee75c366c996212d9bee3,2024-09,South Wales Police,South Wales Police,-3.482306,51.409692,On or near Parking Area,W01001107,Vale of Glamorgan 011B,Violence and sexual offences,Unable to prosecute suspect,
e9ce9df7ef62696a0e14ed71fcd8ee7f9c0916fcfe51044a9e81a367a2b0e470,2024-09,South Wales Police,South Wales Police,-3.476607,51.402858,On or near Clos-Yr-Onnen,W01001107,Vale of Glamorgan 011B,Other crime,Unable to prosecute suspect,
19b3b5dcd4971885d0dab562e240acf72d7986c2f3bf2c23da7dd0d6afba02de,2024-09,South Wales Police,South Wales Police,-3.479941,51.401935,On or near Raglande Court,W01001109,Vale of Glamorgan 011C,Other theft,Investigation complete; no suspect identified,
8dbbf60f5df3655316f51dcdb296acc3610ecc2635c7d55416b8f8832c76aab0,2024-09,South Wales Police,South Wales Police,-3.480231,51.406023,On or near Illtyd Avenue,W01001109,Vale of Glamorgan 011C,Public order,Unable to prosecute suspect,
4284f22b8fdea297261745e17a44846a450c1206c3eeb64c0ee04f800c51e829,2024-09,South Wales Police,South Wales Police,-3.487028,51.413886,On or near Llys Dewi,W01001110,Vale of Glamorgan 011D,Criminal damage and arson,Investigation complete; no suspect identified,
3b671fc5cd44ecac806ffea2be3d3958ee234900a10ea919a197b86a229d8d6d,2024-09,South Wales Police,South Wales Police,-3.486671,51.408180,On or near Church Street,W01001110,Vale of Glamorgan 011D,Criminal damage and arson,Investigation complete; no suspect identified,
3f99bc47f547b6d8ed70b9806a24bb5fcd3314d7e069448f0ee24c5bbd10d76d,2024-09,South Wales Police,South Wales Police,-3.485788,51.409783,On or near Ashgrove,W01001110,Vale of Glamorgan 011D,Public order,Further investigation is not in the public interest,
8646d07c3b1f41e3e073260bd9727d7a706a2c58ea92b118b038a6aef99d14cf,2024-09,South Wales Police,South Wales Police,-3.482027,51.410874,On or near Windmill Close,W01001110,Vale of Glamorgan 011D,Violence and sexual offences,Unable to prosecute suspect,
450bca2ac21656b96a075ceaf501eeb90a9bbeac512b095ae88703c8521f9260,2024-09,South Wales Police,South Wales Police,-3.490204,51.414682,On or near Heritage View,W01001110,Vale of Glamorgan 011D,Violence and sexual offences,Unable to prosecute suspect,
269e1b4d7a2a5cbd24a394a522f9b55a4d20ab6c289d42707e95a948248f1d4c,2024-09,South Wales Police,South Wales Police,-3.488432,51.407951,On or near Church Lane,W01001110,Vale of Glamorgan 011D,Violence and sexual offences,Investigation complete; no suspect identified,
99393e9a9f8bb6e31188cb692d9695dcc97615932fddbf50c1fd5d6f58007734,2024-09,South Wales Police,South Wales Police,-3.472981,51.410826,On or near Crawshay Drive,W01001111,Vale of Glamorgan 011E,Other theft,Unable to prosecute suspect,
0ae4ab64fec5abb1f7302b000ca503c463d602e5b0f3fcff95cefd754cbff935,2024-09,South Wales Police,South Wales Police,-3.472981,51.410826,On or near Crawshay Drive,W01001111,Vale of Glamorgan 011E,Other theft,Under investigation,
04cca9304441afbc9620295a7e5a99d7d22914e117951471a4ff6226238e6c6c,2024-09,South Wales Police,South Wales Police,-3.472981,51.410826,On or near Crawshay Drive,W01001111,Vale of Glamorgan 011E,Other theft,Under investigation,
03ac165d356f02f460837ead1cdcdb519cd5fa399fddb58986c148a8a2744333,2024-09,South Wales Police,South Wales Police,-3.472981,51.410826,On or near Crawshay Drive,W01001111,Vale of Glamorgan 011E,Public order,Unable to prosecute suspect,
,2024-09,South Wales Police,South Wales Police,-3.484812,51.413833,On or near Clos Ogney,W01001112,Vale of Glamorgan 011F,Anti-social behaviour,,
cdc1e716a229046cdae333ef93c4b2a39536b381e9ae072538c5fd76b29f166e,2024-09,South Wales Police,South Wales Police,-3.473209,51.413422,On or near Llanmaes Road,W01001112,Vale of Glamorgan 011F,Violence and sexual offences,Unable to prosecute suspect,
0f478e8b1136e9fa0f4a15de38386dced4650bc4e59c0748f5af0199da2e9556,2024-09,South Wales Police,South Wales Police,-3.482497,51.414717,On or near Heol Pentre'R Cwrt,W01001112,Vale of Glamorgan 011F,Violence and sexual offences,Under investigation,
,2024-09,South Wales Police,South Wales Police,-3.269155,51.405705,On or near Shopping Area,W01001063,Vale of Glamorgan 012A,Anti-social behaviour,,
53aa3bf6a7321cd871f262c0344db4db964c1460b62e18ef965927fcb8a553a3,2024-09,South Wales Police,South Wales Police,-3.269879,51.406711,On or near Richard Street,W01001063,Vale of Glamorgan 012A,Burglary,Awaiting court outcome,
db9bbf2cdbae28b0cb1cd806691c6749ee404618eda2a0bced91f430c35b277f,2024-09,South Wales Police,South Wales Police,-3.269155,51.405705,On or near Shopping Area,W01001063,Vale of Glamorgan 012A,Criminal damage and arson,Investigation complete; no suspect identified,
e92cbbc1b0912c0a299f0d857a6dd2fa0f97bca7c39729e582a149703493abe0,2024-09,South Wales Police,South Wales Police,-3.269155,51.405705,On or near Shopping Area,W01001063,Vale of Glamorgan 012A,Public order,Investigation complete; no suspect identified,
beb80538e38ec8a2bca41d9dcb38bc6ac484d55208e19404eceda91d37d90e57,2024-09,South Wales Police,South Wales Police,-3.270516,51.406380,On or near Evans Street,W01001063,Vale of Glamorgan 012A,Public order,Investigation complete; no suspect identified,
6291a55ac28dbc6189a92fb97d10b0fb46373351baf0c3b661e82ac391503bae,2024-09,South Wales Police,South Wales Police,-3.269155,51.405705,On or near Shopping Area,W01001063,Vale of Glamorgan 012A,Public order,Unable to prosecute suspect,
66901f929107bfabdbced44bd32f01724635053bef89c5165ce80ee84bfeded0,2024-09,South Wales Police,South Wales Police,-3.269155,51.405705,On or near Shopping Area,W01001063,Vale of Glamorgan 012A,Shoplifting,Investigation complete; no suspect identified,
7abe528f4146d878f62ad990a4bde70010b99e244b9afc3ffb91a56611585403,2024-09,South Wales Police,South Wales Police,-3.269155,51.405705,On or near Shopping Area,W01001063,Vale of Glamorgan 012A,Shoplifting,Under investigation,
42a32358caea59b0b2e5858a2eac3441128ea8a1c76646068f0af64d6ba35e52,2024-09,South Wales Police,South Wales Police,-3.269155,51.405705,On or near Shopping Area,W01001063,Vale of Glamorgan 012A,Shoplifting,Under investigation,
6e2ae681f258b5461f20588d5d1d2bb1c2d08276ea95404343403e67f5d9887f,2024-09,South Wales Police,South Wales Police,-3.269155,51.405705,On or near Shopping Area,W01001063,Vale of Glamorgan 012A,Shoplifting,Suspect charged as part of another case,
a5633bfb48e20d36cc314904a9afaf77948a3220ed451c7cddda13fff3d5260e,2024-09,South Wales Police,South Wales Police,-3.270516,51.406380,On or near Evans Street,W01001063,Vale of Glamorgan 012A,Violence and sexual offences,Local resolution,
33cdb7a7ca5812e6c15cb6dd5ff2af4d0bbd9bbc57692da9e7266513adebce0f,2024-09,South Wales Police,South Wales Police,-3.270516,51.406380,On or near Evans Street,W01001063,Vale of Glamorgan 012A,Violence and sexual offences,Local resolution,
45483fe47842cc681000afc07383de1052f4310bb667ddd74c928499b66cc3e0,2024-09,South Wales Police,South Wales Police,-3.272246,51.406029,On or near Lombard Street,W01001063,Vale of Glamorgan 012A,Violence and sexual offences,Under investigation,
2a16825b23de431d81e0399784d2b10412346d3b37dd519c5cfe44df76a318f6,2024-09,South Wales Police,South Wales Police,-3.269155,51.405705,On or near Shopping Area,W01001063,Vale of Glamorgan 012A,Violence and sexual offences,Unable to prosecute suspect,
7b6dd21e0f4bc29aca216df90b13e29c3483286e9f4b86a583aeb7807bf2c091,2024-09,South Wales Police,South Wales Police,-3.268508,51.408102,On or near Woodlands Road,W01001063,Vale of Glamorgan 012A,Violence and sexual offences,Unable to prosecute suspect,
d366b3daef42cedddc2369457862ab98e7e6618cc206421e78fc4affb54424d7,2024-09,South Wales Police,South Wales Police,-3.272009,51.404746,On or near Beryl Road,W01001063,Vale of Glamorgan 012A,Violence and sexual offences,Unable to prosecute suspect,
876961ea0ee51b2012ac1e3e97e9826acf605c907d3cd843b17ffff37725210e,2024-09,South Wales Police,South Wales Police,-3.268508,51.408102,On or near Woodlands Road,W01001063,Vale of Glamorgan 012A,Violence and sexual offences,Awaiting court outcome,
3258989f60999c3ade4560724e4be2452b6e600fd5ca29991557338e10088a95,2024-09,South Wales Police,South Wales Police,-3.269155,51.405705,On or near Shopping Area,W01001063,Vale of Glamorgan 012A,Violence and sexual offences,Unable to prosecute suspect,
,2024-09,South Wales Police,South Wales Police,-3.266428,51.407225,On or near Parking Area,W01001065,Vale of Glamorgan 012B,Anti-social behaviour,,
,2024-09,South Wales Police,South Wales Police,-3.264093,51.407538,On or near Evelyn Street,W01001065,Vale of Glamorgan 012B,Anti-social behaviour,,
1c35af4c7ba92ab330551a648ba1fef90890afec67b8bed012ef3ea32ca67412,2024-09,South Wales Police,South Wales Police,-3.264892,51.406801,On or near Cora Street,W01001065,Vale of Glamorgan 012B,Criminal damage and arson,Investigation complete; no suspect identified,
f260a4fcfbbaca588b12cc3e3bc5fb5324814cc38917e1cb922f2c2144aaaae6,2024-09,South Wales Police,South Wales Police,-3.262341,51.408150,On or near Pyke Street,W01001065,Vale of Glamorgan 012B,Criminal damage and arson,Awaiting court outcome,
fefae69f7145fdfd242ff95762521168620cf702e566a881989d5e37ec359d2e,2024-09,South Wales Police,South Wales Police,-3.272689,51.407993,On or near Southey Street,W01001065,Vale of Glamorgan 012B,Criminal damage and arson,Investigation complete; no suspect identified,
7ee047b0acbb05882c671090a2dff893ef932f4bd96c50595b9e6c9082e79065,2024-09,South Wales Police,South Wales Police,-3.266428,51.407225,On or near Parking Area,W01001065,Vale of Glamorgan 012B,Criminal damage and arson,Investigation complete; no suspect identified,
cb6492740ea88e674b818c01caa9a8a3caac3fe85069e8b2c243dc7ec6a53953,2024-09,South Wales Police,South Wales Police,-3.264892,51.406801,On or near Cora Street,W01001065,Vale of Glamorgan 012B,Criminal damage and arson,Investigation complete; no suspect identified,
516afb06f8ebd507303e11829609340b25de2c42444639af134d7ab85f6563cf,2024-09,South Wales Police,South Wales Police,-3.262050,51.406966,On or near Holton Road,W01001065,Vale of Glamorgan 012B,Other theft,Unable to prosecute suspect,
eb3357a3f2c90a02452478bea69c29ffebf7e5034fe80c9746acf9d09d7184b3,2024-09,South Wales Police,South Wales Police,-3.262341,51.408150,On or near Pyke Street,W01001065,Vale of Glamorgan 012B,Other theft,Investigation complete; no suspect identified,
e2ef9590a6e2372dc4ef6ac331299c0de05846bd826e77e24bfe7cdb13b3589f,2024-09,South Wales Police,South Wales Police,-3.262341,51.408150,On or near Pyke Street,W01001065,Vale of Glamorgan 012B,Violence and sexual offences,Unable to prosecute suspect,
ea4b88a78b1a8320930cbd4403786964ceb02dfbac464becbd22d035906a5e72,2024-09,South Wales Police,South Wales Police,-3.269782,51.408942,On or near Ty-Newydd Road,W01001065,Vale of Glamorgan 012B,Violence and sexual offences,Unable to prosecute suspect,
2bcf345945bf9ccb8daa4dfe6493f2722e7d4ef88b67559c686803fe07a2aac8,2024-09,South Wales Police,South Wales Police,-3.264093,51.407538,On or near Evelyn Street,W01001065,Vale of Glamorgan 012B,Violence and sexual offences,Awaiting court outcome,
ce6ac1b59ee84d9c44590afbce040429d29ed56b81978aaa87b6a236916dd6db,2024-09,South Wales Police,South Wales Police,-3.269782,51.408942,On or near Ty-Newydd Road,W01001065,Vale of Glamorgan 012B,Violence and sexual offences,Unable to prosecute suspect,
1a7887692b031cb6f421fef31d38a8bab553a492d3f34d6a729c7ed6f1b58264,2024-09,South Wales Police,South Wales Police,-3.269782,51.408942,On or near Ty-Newydd Road,W01001065,Vale of Glamorgan 012B,Violence and sexual offences,Unable to prosecute suspect,
820187519ab8164eccac8ac1c8d1087dce10c64a3318aeac95459f87a22070ec,2024-09,South Wales Police,South Wales Police,-3.262050,51.406966,On or near Holton Road,W01001065,Vale of Glamorgan 012B,Violence and sexual offences,Unable to prosecute suspect,
0f85b4ca57c0b689ffa4a9f1b67419050b461eafd18569c06302f1b378e159c7,2024-09,South Wales Police,South Wales Police,-3.262050,51.406966,On or near Holton Road,W01001065,Vale of Glamorgan 012B,Violence and sexual offences,Under investigation,
,2024-09,South Wales Police,South Wales Police,-3.256184,51.413279,On or near Llanover Street,W01001069,Vale of Glamorgan 012C,Anti-social behaviour,,
,2024-09,South Wales Police,South Wales Police,-3.254105,51.413490,On or near Main Street,W01001069,Vale of Glamorgan 012C,Anti-social behaviour,,
,2024-09,South Wales Police,South Wales Police,-3.256641,51.414218,On or near Abingdon Street,W01001069,Vale of Glamorgan 012C,Anti-social behaviour,,
bacc7d82ea07cae646092ca8783a06690f5cb008287288521278cc727876f9be,2024-09,South Wales Police,South Wales Police,-3.256641,51.414218,On or near Abingdon Street,W01001069,Vale of Glamorgan 012C,Criminal damage and arson,Unable to prosecute suspect,
828a9727ff74ee4385e1e90ff5de5a0b29a247cd18fccfc98c19f768c4bd080e,2024-09,South Wales Police,South Wales Police,-3.250525,51.415102,On or near St Oswald'S Road,W01001069,Vale of Glamorgan 012C,Criminal damage and arson,Investigation complete; no suspect identified,
4305f5ef8a748e49dedac24b5e80c8aeed591e541d73465ba93e22c2b96ceb0a,2024-09,South Wales Police,South Wales Police,-3.256641,51.414218,On or near Abingdon Street,W01001069,Vale of Glamorgan 012C,Drugs,Further investigation is not in the public interest,
bf86055b88825943e0f70cec7ab9d71af5d2a13bdb2a2f04e13165e74dff0d88,2024-09,South Wales Police,South Wales Police,-3.256184,51.413279,On or near Llanover Street,W01001069,Vale of Glamorgan 012C,Drugs,Under investigation,
45a02d260c6880e7f68e708b2d5ab6d0f9c779525ee1fb86f04161b700fb5f13,2024-09,South Wales Police,South Wales Police,-3.254105,51.413490,On or near Main Street,W01001069,Vale of Glamorgan 012C,Other theft,Investigation complete; no suspect identified,
428e32cb7ab6b4dd577727fd877ebf1e555cc03d5e74d1f045021649282da8e4,2024-09,South Wales Police,South Wales Police,-3.257362,51.415847,On or near Robins Lane,W01001069,Vale of Glamorgan 012C,Public order,Investigation complete; no suspect identified,
f687c29511d0c1d16fa368d92443e8c9a3f7dac60aedafc388f091d978136140,2024-09,South Wales Police,South Wales Police,-3.256184,51.413279,On or near Llanover Street,W01001069,Vale of Glamorgan 012C,Shoplifting,Unable to prosecute suspect,
d9f1df5142d53e6280db3306ce2a7238842c9d2c10acc1ce3bbb4ff1fa1c5158,2024-09,South Wales Police,South Wales Police,-3.256184,51.413279,On or near Llanover Street,W01001069,Vale of Glamorgan 012C,Shoplifting,Investigation complete; no suspect identified,
4fff13462b3ce7297fe4c9e49879b7360dca4a7e8ebfadfcf800f3e3bf285c1a,2024-09,South Wales Police,South Wales Police,-3.256226,51.415832,On or near Jenkin Street,W01001069,Vale of Glamorgan 012C,Violence and sexual offences,Awaiting court outcome,
b4a9a85e2a6e79cac3f2872d93282934d53a400215e5fb1a4de69413dcfbff76,2024-09,South Wales Police,South Wales Police,-3.255278,51.412228,On or near Oban Street,W01001069,Vale of Glamorgan 012C,Violence and sexual offences,Unable to prosecute suspect,
24b5edfc097b7959eec18c4edb7521423285189228c5514ab6ead7ac0baae10b,2024-09,South Wales Police,South Wales Police,-3.254893,51.416521,On or near Little Hill,W01001069,Vale of Glamorgan 012C,Violence and sexual offences,Investigation complete; no suspect identified,
cc10efc33bc1e047e7cbb788693eae0c0396cac91d7f60494f9d1bfe8a56411b,2024-09,South Wales Police,South Wales Police,-3.258315,51.413904,On or near Fairford Street,W01001069,Vale of Glamorgan 012C,Other crime,Investigation complete; no suspect identified,
,2024-09,South Wales Police,South Wales Police,-3.260659,51.408654,On or near Crossways Street,W01001079,Vale of Glamorgan 012E,Anti-social behaviour,,
,2024-09,South Wales Police,South Wales Police,-3.260659,51.408654,On or near Crossways Street,W01001079,Vale of Glamorgan 012E,Anti-social behaviour,,
,2024-09,South Wales Police,South Wales Police,-3.260659,51.408654,On or near Crossways Street,W01001079,Vale of Glamorgan 012E,Anti-social behaviour,,
268f78565de3703b6cb71d25b75fce91b59dac5b7cf0db7bcd9e134763721443,2024-09,South Wales Police,South Wales Police,-3.259542,51.411957,On or near Lee Road,W01001079,Vale of Glamorgan 012E,Criminal damage and arson,Unable to prosecute suspect,
b37eccea6dc60ed679ab8e625a9fe1bec969f587f9144697fcacebaeda704c09,2024-09,South Wales Police,South Wales Police,-3.260871,51.413256,On or near Gilbert Street,W01001079,Vale of Glamorgan 012E,Criminal damage and arson,Investigation complete; no suspect identified,
380c9087445a25b973598a381fb419641acfc0f704c944c77804097a5457ec9d,2024-09,South Wales Police,South Wales Police,-3.260871,51.413256,On or near Gilbert Street,W01001079,Vale of Glamorgan 012E,Criminal damage and arson,Investigation complete; no suspect identified,
dd417d6b89598f5109498a812bfbaef77c13d2334076cd283be8f3dccd9a6979,2024-09,South Wales Police,South Wales Police,-3.258945,51.411190,On or near Newton Street,W01001079,Vale of Glamorgan 012E,Criminal damage and arson,Under investigation,
2ec3fdb1f99df111411f84376a3e286ef411f7a81597b8bd42682e11b377edef,2024-09,South Wales Police,South Wales Police,-3.260659,51.408654,On or near Crossways Street,W01001079,Vale of Glamorgan 012E,Public order,Under investigation,
e927a6b5497d2fa80ac00dbf2c40ae20dec3d0b1f1642af2754cbe66ea4c0ffe,2024-09,South Wales Police,South Wales Police,-3.260659,51.408654,On or near Crossways Street,W01001079,Vale of Glamorgan 012E,Public order,Unable to prosecute suspect,
f81b2feb55c1647e12c8d3058fd3f4112b72013b4813e25d8e3d7fa109ce2b8a,2024-09,South Wales Police,South Wales Police,-3.258065,51.412656,On or near Ilminster Close,W01001079,Vale of Glamorgan 012E,Vehicle crime,Investigation complete; no suspect identified,
92e832d49eac25ba39cb1ee78687aa2af0159435f078aaae82d41cf50f85d473,2024-09,South Wales Police,South Wales Police,-3.260871,51.413256,On or near Gilbert Street,W01001079,Vale of Glamorgan 012E,Vehicle crime,Investigation complete; no suspect identified,
da8c54df68cad5e0efc0b6831d0812f422132f6755db149b40a6022b54386314,2024-09,South Wales Police,South Wales Police,-3.261451,51.412386,On or near Davies Street,W01001079,Vale of Glamorgan 012E,Violence and sexual offences,Unable to prosecute suspect,
fcddd3e6e824c91bfacdea1e3efb64d3f64dcf82be0f67fafdf1de1067e0233e,2024-09,South Wales Police,South Wales Police,-3.258945,51.411190,On or near Newton Street,W01001079,Vale of Glamorgan 012E,Violence and sexual offences,Awaiting court outcome,
1183983837ad2d1ab42db9ed0d9dd17b396507bde5b1c13b96b6a2957a5a3e4f,2024-09,South Wales Police,South Wales Police,-3.261451,51.412386,On or near Davies Street,W01001079,Vale of Glamorgan 012E,Violence and sexual offences,Unable to prosecute suspect,
1d5933600d5d71cdffec9ce40e00b26aabae40c09cd0acfdc7063c17fce42505,2024-09,South Wales Police,South Wales Police,-3.258945,51.411190,On or near Newton Street,W01001079,Vale of Glamorgan 012E,Violence and sexual offences,Under investigation,
d1ca2ec6abde8eff43f532d4b5ea9236002597206a26d2ffc44146d41cd49ff0,2024-09,South Wales Police,South Wales Police,-3.259542,51.411957,On or near Lee Road,W01001079,Vale of Glamorgan 012E,Violence and sexual offences,Under investigation,
69d6eca865ecce66840d484f72952d57a562102c500faf867bc5db9983d8fb0c,2024-09,South Wales Police,South Wales Police,-3.259542,51.411957,On or near Lee Road,W01001079,Vale of Glamorgan 012E,Violence and sexual offences,Unable to prosecute suspect,
ee0a18dacf0ed363e1f882a5b54d9785e38024aa364ed553c2b892f4ecc9b85d,2024-09,South Wales Police,South Wales Police,-3.260659,51.408654,On or near Crossways Street,W01001079,Vale of Glamorgan 012E,Violence and sexual offences,Under investigation,
cefdc6ca5cd876748cc81f21eddd5618f42c25b3cf5e5252ef10c0696f463bea,2024-09,South Wales Police,South Wales Police,-3.258945,51.411190,On or near Newton Street,W01001079,Vale of Glamorgan 012E,Violence and sexual offences,Awaiting court outcome,
4a06d5b371f9f6a267b52dd39748aa5000d032a779c613c16b82303d03fc98b9,2024-09,South Wales Police,South Wales Police,-3.260659,51.408654,On or near Crossways Street,W01001079,Vale of Glamorgan 012E,Violence and sexual offences,Unable to prosecute suspect,
a81b7058e9ccf7d60b9c47448ed1db43606c58198a0b23b7cc02292daee3ba41,2024-09,South Wales Police,South Wales Police,-3.261451,51.412386,On or near Davies Street,W01001079,Vale of Glamorgan 012E,Violence and sexual offences,Unable to prosecute suspect,
a27b920675e3c8f46cbbe37ebe8e171462f96d36cfa4abcb68a263016037a29a,2024-09,South Wales Police,South Wales Police,-3.257108,51.410266,On or near Wynd Street,W01001079,Vale of Glamorgan 012E,Violence and sexual offences,Awaiting court outcome,
47f6d0a5958c986e5d6c07dd8517e86a3e902faa176a30f488cbe4142e22fa05,2024-09,South Wales Police,South Wales Police,-3.260909,51.412545,On or near Llewellyn Street,W01001079,Vale of Glamorgan 012E,Violence and sexual offences,Under investigation,
4266fcebcd746dfb6a255bed62a3bc730157fe4e5fc1d280e4f436f456baae2b,2024-09,South Wales Police,South Wales Police,-3.258065,51.412656,On or near Ilminster Close,W01001079,Vale of Glamorgan 012E,Violence and sexual offences,Unable to prosecute suspect,
,2024-09,South Wales Police,South Wales Police,-3.264267,51.412796,On or near Hywel Crescent,W01001080,Vale of Glamorgan 012F,Anti-social behaviour,,
1d93b39e2e47782ae4fb8d5fbcf579818b3f84b5391208e0d385717e9732875d,2024-09,South Wales Police,South Wales Police,-3.264959,51.413904,On or near Dyfan Road,W01001080,Vale of Glamorgan 012F,Burglary,Under investigation,
d1309f89c535d756582c4aa6d13151fa49647f76a9ed5aea1543f40decc3dd62,2024-09,South Wales Police,South Wales Police,-3.262118,51.413602,On or near Herbert Street,W01001080,Vale of Glamorgan 012F,Criminal damage and arson,Investigation complete; no suspect identified,
6c4befb709837e543a3e9b8a34cdc03a3fcc3a515df0e1f6a73b26395160e76b,2024-09,South Wales Police,South Wales Police,-3.260784,51.411134,On or near Court Road,W01001080,Vale of Glamorgan 012F,Drugs,Local resolution,
286fd5875390feca9f4a1289a81eca11f9bcadea1ead3e3b81d1b36aee76c868,2024-09,South Wales Police,South Wales Police,-3.261303,51.410659,On or near Police Station,W01001080,Vale of Glamorgan 012F,Public order,Awaiting court outcome,
f85a8ef0624850f19ebe5e62d50ad1224cffc0ad9d520fbd2c573b7be0b783f0,2024-09,South Wales Police,South Wales Police,-3.260198,51.415430,On or near Heol-Y-Nant,W01001080,Vale of Glamorgan 012F,Violence and sexual offences,Unable to prosecute suspect,
64cb3947f3bc9f2436d39098ed84985294824dbb31318d8d0e1f5d8e2a3e945f,2024-09,South Wales Police,South Wales Police,-3.261107,51.411383,On or near Commercial Road,W01001080,Vale of Glamorgan 012F,Violence and sexual offences,Unable to prosecute suspect,
944777a77c24793517dc499dec91dddfc7b88e2b950c59b60a383b1dcce3b9fb,2024-09,South Wales Police,South Wales Police,-3.262180,51.414806,On or near Field View Road,W01001080,Vale of Glamorgan 012F,Violence and sexual offences,Unable to prosecute suspect,
cacfe90b867d016a68cee97e50ae79e1e23fa5c2b12bd5f683a28ae19899098a,2024-09,South Wales Police,South Wales Police,-3.261753,51.408723,On or near Morel Street,W01001080,Vale of Glamorgan 012F,Violence and sexual offences,Unable to prosecute suspect,
,2024-09,South Wales Police,South Wales Police,-3.270465,51.404007,On or near Greenwood Street,W01001910,Vale of Glamorgan 012G,Anti-social behaviour,,
,2024-09,South Wales Police,South Wales Police,-3.265557,51.405886,On or near Llantwit Street,W01001910,Vale of Glamorgan 012G,Anti-social behaviour,,
,2024-09,South Wales Police,South Wales Police,-3.267818,51.406032,On or near B4294,W01001910,Vale of Glamorgan 012G,Anti-social behaviour,,
,2024-09,South Wales Police,South Wales Police,-3.267051,51.405176,On or near Conference/Exhibition Centre,W01001910,Vale of Glamorgan 012G,Anti-social behaviour,,
,2024-09,South Wales Police,South Wales Police,-3.270465,51.404007,On or near Greenwood Street,W01001910,Vale of Glamorgan 012G,Anti-social behaviour,,
5531c701eaaa0f58f30a44322cbc010765cdb72039a87b5bbc7cc85bd2f19492,2024-09,South Wales Police,South Wales Police,-3.265557,51.405886,On or near Llantwit Street,W01001910,Vale of Glamorgan 012G,Burglary,Unable to prosecute suspect,
927f9d0beac61cd8bef89c5e0fe151b09b86e6185a45bc7020ce978769caedbd,2024-09,South Wales Police,South Wales Police,-3.265557,51.405886,On or near Llantwit Street,W01001910,Vale of Glamorgan 012G,Burglary,Unable to prosecute suspect,
eaa4d9b8e88eca47bf86e8fe36ee09286ff1c6e5164ffab88c58c72be3b86598,2024-09,South Wales Police,South Wales Police,-3.265557,51.405886,On or near Llantwit Street,W01001910,Vale of Glamorgan 012G,Burglary,Investigation complete; no suspect identified,
b597ad52780d0daec3d1f0f767e32b32b1bac18ea8cf6f51a07cc472b27878d8,2024-09,South Wales Police,South Wales Police,-3.272367,51.402071,On or near Supermarket,W01001910,Vale of Glamorgan 012G,Criminal damage and arson,Investigation complete; no suspect identified,
87f696cc718f6f7c54436ad6ff70c3c6fee0464554757b02146f6685338c366b,2024-09,South Wales Police,South Wales Police,-3.270011,51.401769,On or near Shopping Area,W01001910,Vale of Glamorgan 012G,Criminal damage and arson,Investigation complete; no suspect identified,
adecede12259f3ddc061a7d3ac95437f86cbe45b6fd4dfd12515aad91e768afe,2024-09,South Wales Police,South Wales Police,-3.269934,51.404561,On or near Parking Area,W01001910,Vale of Glamorgan 012G,Criminal damage and arson,Investigation complete; no suspect identified,
c7932a989df6e49c461155b7b3efda5a9adce63d7b212ce8f51e5004fcbfe5dc,2024-09,South Wales Police,South Wales Police,-3.266531,51.405237,On or near Belvedere Crescent,W01001910,Vale of Glamorgan 012G,Drugs,Under investigation,
cefcf1fea9aa31c5db7ef55837e11a86fe1a035234e0e816ea9750993aef6292,2024-09,South Wales Police,South Wales Police,-3.270465,51.404007,On or near Greenwood Street,W01001910,Vale of Glamorgan 012G,Other theft,Investigation complete; no suspect identified,
4a31fcbd0e08159795bc9a21b881fae6b13d5e0db94e66b56e1851be7488f92c,2024-09,South Wales Police,South Wales Police,-3.272367,51.402071,On or near Supermarket,W01001910,Vale of Glamorgan 012G,Other theft,Investigation complete; no suspect identified,
326ab6db8f20a569489a2e1300152bfe01536e660bd675603692fe2eef89aa70,2024-09,South Wales Police,South Wales Police,-3.269934,51.404561,On or near Parking Area,W01001910,Vale of Glamorgan 012G,Other theft,Unable to prosecute suspect,
174d07048c0ff8125874a70617409fe940d15ed924d685e4419beb17b31a96a4,2024-09,South Wales Police,South Wales Police,-3.266531,51.405237,On or near Belvedere Crescent,W01001910,Vale of Glamorgan 012G,Other theft,Unable to prosecute suspect,
aadc6d6f43e361cf8279a5f8258251cdb4e61a8293da9cabebbe651c5722a9f8,2024-09,South Wales Police,South Wales Police,-3.271169,51.401913,On or near Petrol Station,W01001910,Vale of Glamorgan 012G,Other theft,Investigation complete; no suspect identified,
b5a2f234ab387e2f39cfa0b06113fc72fb85749e84463f6ca7af19c66e339b5b,2024-09,South Wales Police,South Wales Police,-3.266531,51.405237,On or near Belvedere Crescent,W01001910,Vale of Glamorgan 012G,Public order,Investigation complete; no suspect identified,
7f4d56727630616fca90355436ef69d21f9a7ae0c37f27ddd58432448919597d,2024-09,South Wales Police,South Wales Police,-3.274243,51.401808,On or near Gladstone Bridge,W01001910,Vale of Glamorgan 012G,Public order,Investigation complete; no suspect identified,
1bd90a63f239ed4bb9d3aecf40fd4fe2d2a1fadda9d9e5354f45ec4e814640d6,2024-09,South Wales Police,South Wales Police,-3.266531,51.405237,On or near Belvedere Crescent,W01001910,Vale of Glamorgan 012G,Public order,Investigation complete; no suspect identified,
a00dbae4195cebcff398c4896b9430a31deeac6a9e7a33dd07603731702eb2d2,2024-09,South Wales Police,South Wales Police,-3.265557,51.405886,On or near Llantwit Street,W01001910,Vale of Glamorgan 012G,Public order,Unable to prosecute suspect,
dff0216967273a94997e7e0b11f15fa97c8f670f76feb30ada8a776df95ed27f,2024-09,South Wales Police,South Wales Police,-3.265557,51.405886,On or near Llantwit Street,W01001910,Vale of Glamorgan 012G,Shoplifting,Investigation complete; no suspect identified,
03202e2385a193def4716b61f5f8a2c118e3dc170a519d8fbebc7c5f8920d846,2024-09,South Wales Police,South Wales Police,-3.265557,51.405886,On or near Llantwit Street,W01001910,Vale of Glamorgan 012G,Shoplifting,Investigation complete; no suspect identified,
0796f9168719a8ba9a08b45b9324998cc66df4724976fb87239a7f956a22f4a1,2024-09,South Wales Police,South Wales Police,-3.265557,51.405886,On or near Llantwit Street,W01001910,Vale of Glamorgan 012G,Shoplifting,Awaiting court outcome,
1e4f82422df09cfd567c0c18a46747d17f630c584bcf53a50b201303b40327b3,2024-09,South Wales Police,South Wales Police,-3.272367,51.402071,On or near Supermarket,W01001910,Vale of Glamorgan 012G,Shoplifting,Unable to prosecute suspect,
a0a2a06e853b5b955fb7b033639c7de8d25e0aba7ec89c50b0c84b50106f2431,2024-09,South Wales Police,South Wales Police,-3.265557,51.405886,On or near Llantwit Street,W01001910,Vale of Glamorgan 012G,Shoplifting,Unable to prosecute suspect,
351a96ecb24316753ae760a5bd41a62bde54ee1f72cb64761e08398271396d6f,2024-09,South Wales Police,South Wales Police,-3.265557,51.405886,On or near Llantwit Street,W01001910,Vale of Glamorgan 012G,Shoplifting,Investigation complete; no suspect identified,
9ec4a5c72145277c01b53cb277c5c4e89d8bb41319080192b99ae234481e2de6,2024-09,South Wales Police,South Wales Police,-3.272367,51.402071,On or near Supermarket,W01001910,Vale of Glamorgan 012G,Shoplifting,Investigation complete; no suspect identified,
d04af1a9a8ef047294a1946d2d2a05bb0c631528f52e77bbeb292961c785d6a5,2024-09,South Wales Police,South Wales Police,-3.272367,51.402071,On or near Supermarket,W01001910,Vale of Glamorgan 012G,Shoplifting,Investigation complete; no suspect identified,
d9f7957039e24f00b18818bf4fee754df6a1f2799ba8700c356125a07214f6ce,2024-09,South Wales Police,South Wales Police,-3.265557,51.405886,On or near Llantwit Street,W01001910,Vale of Glamorgan 012G,Shoplifting,Investigation complete; no suspect identified,
7b6c8cbe10e95005965519e2bbc4aef53ab88ca400f1a4d71e29140441c80512,2024-09,South Wales Police,South Wales Police,-3.265557,51.405886,On or near Llantwit Street,W01001910,Vale of Glamorgan 012G,Shoplifting,Awaiting court outcome,
815372fef6a7ad43e220e62a63d1765ce9e9282e1fff354cd0e188e106b4d285,2024-09,South Wales Police,South Wales Police,-3.272367,51.402071,On or near Supermarket,W01001910,Vale of Glamorgan 012G,Shoplifting,Investigation complete; no suspect identified,
24a2c2681042430a4227c3298972591188063cbe43c2e513d5d79f91cb4c1a76,2024-09,South Wales Police,South Wales Police,-3.265557,51.405886,On or near Llantwit Street,W01001910,Vale of Glamorgan 012G,Shoplifting,Investigation complete; no suspect identified,
24ee743b148d8cc49f72849423863e093e30f1589d8b46f6c733c693ea206b6b,2024-09,South Wales Police,South Wales Police,-3.270011,51.401769,On or near Shopping Area,W01001910,Vale of Glamorgan 012G,Shoplifting,Investigation complete; no suspect identified,
e53b04416b811ce0a2dd5830ca23ff87b83272b2a9191db0ded3b47bcba01fd7,2024-09,South Wales Police,South Wales Police,-3.265557,51.405886,On or near Llantwit Street,W01001910,Vale of Glamorgan 012G,Shoplifting,Under investigation,
28419f15b13a63a94a55433fd4d206d25d0033e6896b82276608853e2f02998c,2024-09,South Wales Police,South Wales Police,-3.265557,51.405886,On or near Llantwit Street,W01001910,Vale of Glamorgan 012G,Shoplifting,Investigation complete; no suspect identified,
db680b8212e08dcb30837284a2240ad1bee8ba66dabf9bd3190658e8ffa27216,2024-09,South Wales Police,South Wales Police,-3.265557,51.405886,On or near Llantwit Street,W01001910,Vale of Glamorgan 012G,Shoplifting,Awaiting court outcome,
80b92f20b479a690ef70c1446e63e9a6a1dd7ccaddf6c114320a5e6a6e937995,2024-09,South Wales Police,South Wales Police,-3.274243,51.401808,On or near Gladstone Bridge,W01001910,Vale of Glamorgan 012G,Shoplifting,Unable to prosecute suspect,
e42cdc2520b693059262137ce090be91d05cfe88e78a05a07b85525db74dfcc8,2024-09,South Wales Police,South Wales Police,-3.267818,51.406032,On or near B4294,W01001910,Vale of Glamorgan 012G,Shoplifting,Under investigation,
b5121f6e8c6c8a84db0234df2b80616e85ad4da0b07a28b25c89f7f1e40089e1,2024-09,South Wales Police,South Wales Police,-3.265557,51.405886,On or near Llantwit Street,W01001910,Vale of Glamorgan 012G,Shoplifting,Investigation complete; no suspect identified,
74f9541e06735ca27ffab323deb9a548b91a7268aa0859fdebc98e35878af250,2024-09,South Wales Police,South Wales Police,-3.265557,51.405886,On or near Llantwit Street,W01001910,Vale of Glamorgan 012G,Shoplifting,Awaiting court outcome,
c575473ae5f54ebe852755eb239ce6084fb5e99a45f1bebb12494896b780d555,2024-09,South Wales Police,South Wales Police,-3.265557,51.405886,On or near Llantwit Street,W01001910,Vale of Glamorgan 012G,Shoplifting,Unable to prosecute suspect,
19b832ec6a2ed3a954e58a76fcc8b55e2c553362a18d5ac15ccd8a2800d61c29,2024-09,South Wales Police,South Wales Police,-3.267051,51.405176,On or near Conference/Exhibition Centre,W01001910,Vale of Glamorgan 012G,Vehicle crime,Investigation complete; no suspect identified,
f99f3a36a9690a0f4c233a761aa8b691328da9c876946c1ad5380c008ba88dff,2024-09,South Wales Police,South Wales Police,-3.269934,51.404561,On or near Parking Area,W01001910,Vale of Glamorgan 012G,Violence and sexual offences,Investigation complete; no suspect identified,
b5077b77253ccaa348bb84f97aa622c3b4caf114a0396a51b101593124e47599,2024-09,South Wales Police,South Wales Police,-3.265557,51.405886,On or near Llantwit Street,W01001910,Vale of Glamorgan 012G,Violence and sexual offences,Investigation complete; no suspect identified,
cdf52b9a2529f25baca244b8787e0a7527eaf96f1d2b6903529786d05c0a4ece,2024-09,South Wales Police,South Wales Police,-3.265557,51.405886,On or near Llantwit Street,W01001910,Vale of Glamorgan 012G,Violence and sexual offences,Unable to prosecute suspect,
f78bab3c2ff6e74cd03f900ff83849d0631fa8b393fe99f85dc9524ff94d395e,2024-09,South Wales Police,South Wales Police,-3.265557,51.405886,On or near Llantwit Street,W01001910,Vale of Glamorgan 012G,Violence and sexual offences,Investigation complete; no suspect identified,
57910bbd7dc4127b5101661156eb40e054eec6f085e1367683db677b84836351,2024-09,South Wales Police,South Wales Police,-3.270465,51.404007,On or near Greenwood Street,W01001910,Vale of Glamorgan 012G,Violence and sexual offences,Further investigation is not in the public interest,
da112bac6c4b32c890ef3c059ba7555979ab7d7bb97d7cb39ac6353cd31fe990,2024-09,South Wales Police,South Wales Police,-3.269934,51.404561,On or near Parking Area,W01001910,Vale of Glamorgan 012G,Violence and sexual offences,Investigation complete; no suspect identified,
84d261cafffe08f0ec49d5286216f2d98e65032c09349bb5541a429aaa564824,2024-09,South Wales Police,South Wales Police,-3.270011,51.401769,On or near Shopping Area,W01001910,Vale of Glamorgan 012G,Violence and sexual offences,Investigation complete; no suspect identified,
5091f0c3f2aa6207a4a2a6f252e0c7619c435b500852ef6cb0724fa838bb4a24,2024-09,South Wales Police,South Wales Police,-3.270465,51.404007,On or near Greenwood Street,W01001910,Vale of Glamorgan 012G,Violence and sexual offences,Unable to prosecute suspect,
bc4ec7cfe24c6d673b455f21d8e5995b5ae3073cf17a9f102e145df2695d6147,2024-09,South Wales Police,South Wales Police,-3.265557,51.405886,On or near Llantwit Street,W01001910,Vale of Glamorgan 012G,Violence and sexual offences,Unable to prosecute suspect,
ebd7338f8ad1a3fb6e393653868eaaadf4ca90a6447280e7ad7660228d0fd83a,2024-09,South Wales Police,South Wales Police,-3.269934,51.404561,On or near Parking Area,W01001910,Vale of Glamorgan 012G,Violence and sexual offences,Unable to prosecute suspect,
7d39f82fc17128dde932a7a1dd67ba62da925de918420e1f75a504c83df55133,2024-09,South Wales Police,South Wales Police,-3.270465,51.404007,On or near Greenwood Street,W01001910,Vale of Glamorgan 012G,Violence and sexual offences,Unable to prosecute suspect,
e23d0fcec75e5c72e53cafe0409fbeaaec6b128954a80577f53f6ac2801d4658,2024-09,South Wales Police,South Wales Police,-3.263340,51.405262,On or near Cross Street,W01001910,Vale of Glamorgan 012G,Violence and sexual offences,Unable to prosecute suspect,
2e1032053b953f67ceb3ab1dacce15fae752765dec59132953c742feb42f4b87,2024-09,South Wales Police,South Wales Police,-3.265557,51.405886,On or near Llantwit Street,W01001910,Vale of Glamorgan 012G,Violence and sexual offences,Unable to prosecute suspect,
c755d995aad6ccd3439a191dec437aeb948d1e2a3cdac288df749bd3768f6773,2024-09,South Wales Police,South Wales Police,-3.267187,51.405571,On or near Merthyr Street,W01001910,Vale of Glamorgan 012G,Violence and sexual offences,Unable to prosecute suspect,
721a18b91581d539a1297de0ea033d4f91c4c9e870979f6f73a9f5576166a0a6,2024-09,South Wales Police,South Wales Police,-3.267818,51.406032,On or near B4294,W01001910,Vale of Glamorgan 012G,Violence and sexual offences,Investigation complete; no suspect identified,
8375bf63595102df8a9b7ca3e804bd80465999dc8a8b0f5a14ae20a858573010,2024-09,South Wales Police,South Wales Police,-3.270465,51.404007,On or near Greenwood Street,W01001910,Vale of Glamorgan 012G,Violence and sexual offences,Unable to prosecute suspect,
6ea12bd5935b139047bc91b4ce63ec553e4ed480bf8189f8c756927f73292df7,2024-09,South Wales Police,South Wales Police,-3.258785,51.406417,On or near Morgan Street,W01001911,Vale of Glamorgan 012H,Criminal damage and arson,Unable to prosecute suspect,
e7d837801bfbce850c4293cda532f8e2c6f5f3ac9b6d3576887b8f56fbb50933,2024-09,South Wales Police,South Wales Police,-3.258785,51.406417,On or near Morgan Street,W01001911,Vale of Glamorgan 012H,Violence and sexual offences,Unable to prosecute suspect,
91d72b7ab8325cf28b07a555bc9be20850cbf223a2a1f21988f16ff5413bc83e,2024-09,South Wales Police,South Wales Police,-3.260455,51.405977,On or near Lower Pyke Street,W01001911,Vale of Glamorgan 012H,Violence and sexual offences,Investigation complete; no suspect identified,
eb6d28096ff89d1220f0f43fda608b78f4c56506b1a43c12af62d40d3780a485,2024-09,South Wales Police,South Wales Police,-3.261043,51.405377,On or near Digby Street,W01001911,Vale of Glamorgan 012H,Violence and sexual offences,Unable to prosecute suspect,
e01da8b0d54cfc299fd923d8564c3c6dce02d20f95bd74be4d0be426fb364af5,2024-09,South Wales Police,South Wales Police,-3.257043,51.407875,On or near Robert Street,W01001911,Vale of Glamorgan 012H,Violence and sexual offences,Unable to prosecute suspect,
59aabb65c8604ab8d580b716f41fb39f7c25f350d6e049ddb991ba100215b34e,2024-09,South Wales Police,South Wales Police,-3.259367,51.406123,On or near Jewel Street,W01001911,Vale of Glamorgan 012H,Other crime,Investigation complete; no suspect identified,
14be9099ce6d889c60a39668f497f64cc0b98882cb09726146556de134e0188d,2024-09,South Wales Police,South Wales Police,-3.282510,51.399281,On or near Nightclub,W01001062,Vale of Glamorgan 013A,Criminal damage and arson,Investigation complete; no suspect identified,
072f260efde8ee6f1d47c17ae41d57d6551a76354fe774f70cab5ab9bed81e09,2024-09,South Wales Police,South Wales Police,-3.285328,51.397236,On or near East View Terrace,W01001062,Vale of Glamorgan 013A,Other theft,Under investigation,
c1f4d22d1619daae87fed7922a1c3169ece73e25308ef1cf1d19cb3a50e2e511,2024-09,South Wales Police,South Wales Police,-3.289840,51.396152,On or near Romilly Avenue,W01001062,Vale of Glamorgan 013A,Other theft,Investigation complete; no suspect identified,
ef5c2d7587b0badae5c2a8a9ebdce4a95feacf6c90b543fcfd2aca9ed72a42e5,2024-09,South Wales Police,South Wales Police,-3.285828,51.398669,On or near York Place,W01001062,Vale of Glamorgan 013A,Other theft,Under investigation,
2a905d4450b618a7ba2627048c17257e62d042ba7aad49ad981c5a1ab5bfebd7,2024-09,South Wales Police,South Wales Police,-3.285828,51.398669,On or near York Place,W01001062,Vale of Glamorgan 013A,Public order,Unable to prosecute suspect,
fa3a069c3aa08ad972ef1c7e6247572469772cb9290eb294704b15adb61012df,2024-09,South Wales Police,South Wales Police,-3.285828,51.398669,On or near York Place,W01001062,Vale of Glamorgan 013A,Public order,Unable to prosecute suspect,
ce10f83d7c8dcc54018311de8b250ca83906466d9586c8d593ce6719ea4bf027,2024-09,South Wales Police,South Wales Police,-3.282510,51.399281,On or near Nightclub,W01001062,Vale of Glamorgan 013A,Violence and sexual offences,Investigation complete; no suspect identified,
0c333e48cab02295ec167ee411c0c09c9166a588c5d90a1d5c4c3d41555949e3,2024-09,South Wales Police,South Wales Police,-3.284160,51.397644,On or near Parking Area,W01001062,Vale of Glamorgan 013A,Violence and sexual offences,Investigation complete; no suspect identified,
3cc8673ce3a17628a4919531751ad62821bc61a5bfb289582da9cefd355bcf86,2024-09,South Wales Police,South Wales Police,-3.285828,51.398669,On or near York Place,W01001062,Vale of Glamorgan 013A,Violence and sexual offences,Under investigation,
1b7bddc3675de36b7824f4b743dde708a032f36578452433667744b253ea316a,2024-09,South Wales Police,South Wales Police,-3.282510,51.399281,On or near Nightclub,W01001062,Vale of Glamorgan 013A,Violence and sexual offences,Unable to prosecute suspect,
2cbfed71b29e60aad167b06956fd7c714b8f297380b83f93651ef33eab2c096f,2024-09,South Wales Police,South Wales Police,-3.285828,51.398669,On or near York Place,W01001062,Vale of Glamorgan 013A,Violence and sexual offences,Under investigation,
,2024-09,South Wales Police,South Wales Police,-3.278679,51.406750,On or near Maes-Yr-Ysgol,W01001064,Vale of Glamorgan 013B,Anti-social behaviour,,
e1c5a93a75e7adf244b3398155ed96153cce11be6297080070db79a2edeb7d4c,2024-09,South Wales Police,South Wales Police,-3.278679,51.406750,On or near Maes-Yr-Ysgol,W01001064,Vale of Glamorgan 013B,Criminal damage and arson,Investigation complete; no suspect identified,
e52ebe159d1d1183fdbc36ab0ed4980e111baf0baea1d39d3d1feac857a93ab3,2024-09,South Wales Police,South Wales Police,-3.282360,51.406251,On or near Ruthen Terrace,W01001064,Vale of Glamorgan 013B,Public order,Unable to prosecute suspect,
3717d167e7f7794354bc102e7688d977e39027cfbbd6b83fb9de5d0804063c62,2024-09,South Wales Police,South Wales Police,-3.281845,51.407372,On or near Baird Rise,W01001064,Vale of Glamorgan 013B,Public order,Unable to prosecute suspect,
96a1397be885ea2f842c963433893b4ea184b34a8dfaaa4e8ace291330ae546f,2024-09,South Wales Police,South Wales Police,-3.281845,51.407372,On or near Baird Rise,W01001064,Vale of Glamorgan 013B,Shoplifting,Investigation complete; no suspect identified,
dbb844a3d883f29c421d2543bd84d84a83561bf36116f5a7b03611d671bc5db1,2024-09,South Wales Police,South Wales Police,-3.281845,51.407372,On or near Baird Rise,W01001064,Vale of Glamorgan 013B,Shoplifting,Awaiting court outcome,
a47c2b815cfc3418a429a35f84cd677da14e5b2381da53681a415a547aced531,2024-09,South Wales Police,South Wales Police,-3.281845,51.407372,On or near Baird Rise,W01001064,Vale of Glamorgan 013B,Shoplifting,Suspect charged as part of another case,
40731c572767c5730fec8e30668b75b48fd7e8a9384c64f19daffc5b85a2e3e2,2024-09,South Wales Police,South Wales Police,-3.281845,51.407372,On or near Baird Rise,W01001064,Vale of Glamorgan 013B,Shoplifting,Investigation complete; no suspect identified,
dfec2ce7c41d2a8fb8a4775bae4d96849ffe93f61a70463650eba297f2daba99,2024-09,South Wales Police,South Wales Police,-3.281845,51.407372,On or near Baird Rise,W01001064,Vale of Glamorgan 013B,Shoplifting,Investigation complete; no suspect identified,
99012cfa324764354c8c0efee974249d1993da9434bf93e9899d26e8345b8a45,2024-09,South Wales Police,South Wales Police,-3.281845,51.407372,On or near Baird Rise,W01001064,Vale of Glamorgan 013B,Shoplifting,Awaiting court outcome,
32477144ccd61c536d8a517b9c34db4917e81ce6d8e2661a070c43d5db41c5fe,2024-09,South Wales Police,South Wales Police,-3.281845,51.407372,On or near Baird Rise,W01001064,Vale of Glamorgan 013B,Shoplifting,Investigation complete; no suspect identified,
3e5968a93843e35708f389995df6311a45614843110399b61d6a36c559c93671,2024-09,South Wales Police,South Wales Police,-3.281845,51.407372,On or near Baird Rise,W01001064,Vale of Glamorgan 013B,Violence and sexual offences,Investigation complete; no suspect identified,
64a0b81a9b1fad63f097ec952522a65a4afe2df9674b08d56416dc60b277229b,2024-09,South Wales Police,South Wales Police,-3.280433,51.405715,On or near Gadlys Road East,W01001064,Vale of Glamorgan 013B,Violence and sexual offences,Local resolution,
fa388e371e59c8639fe2d9739b9d9ff511fb302de708b0edabaf0e1951188518,2024-09,South Wales Police,South Wales Police,-3.278679,51.406750,On or near Maes-Yr-Ysgol,W01001064,Vale of Glamorgan 013B,Violence and sexual offences,Unable to prosecute suspect,
,2024-09,South Wales Police,South Wales Police,-3.280652,51.409948,On or near Buttrills Walk,W01001093,Vale of Glamorgan 013C,Anti-social behaviour,,
,2024-09,South Wales Police,South Wales Police,-3.282342,51.411278,On or near Woodham Close,W01001093,Vale of Glamorgan 013C,Anti-social behaviour,,
5cc00e4dde016e3459858f92bd0a494a56f60b4061506f7a7aa71b1596706739,2024-09,South Wales Police,South Wales Police,-3.278947,51.408105,On or near College Fields Close,W01001093,Vale of Glamorgan 013C,Bicycle theft,Unable to prosecute suspect,
b28461b62450722151890ef7bc01de7e2caf2130056a7c70f5656ad2bf40636c,2024-09,South Wales Police,South Wales Police,-3.278485,51.410610,On or near Munro Place,W01001093,Vale of Glamorgan 013C,Public order,Investigation complete; no suspect identified,
4320bde72ab4a6a9b9fce7cc5404c5f6d4908746e33b921a4bc48acef5f0c070,2024-09,South Wales Police,South Wales Police,-3.276760,51.409100,On or near Kent Green,W01001093,Vale of Glamorgan 013C,Violence and sexual offences,Unable to prosecute suspect,
33652a3e3edfc711511a1e1519ea85e35c00a97f89c6b5eb74adf0ca8286daf1,2024-09,South Wales Police,South Wales Police,-3.278485,51.410610,On or near Munro Place,W01001093,Vale of Glamorgan 013C,Violence and sexual offences,Unable to prosecute suspect,
a5a3bcf65ccf331c6d6489ed8e2b6336a53425db9f1e08b2622c8937ee5c2e71,2024-09,South Wales Police,South Wales Police,-3.280536,51.410947,On or near North Walk,W01001093,Vale of Glamorgan 013C,Violence and sexual offences,Unable to prosecute suspect,
131811311b124c81ce3818ac367350b3d45d158f3d7340fa102f30f874d0b81a,2024-09,South Wales Police,South Wales Police,-3.282342,51.411278,On or near Woodham Close,W01001093,Vale of Glamorgan 013C,Violence and sexual offences,Unable to prosecute suspect,
5380ed7c83913e6ad81e46027e91f5f11df20c18c459d499c9a94e4d9f97ca9c,2024-09,South Wales Police,South Wales Police,-3.280536,51.410947,On or near North Walk,W01001093,Vale of Glamorgan 013C,Violence and sexual offences,Unable to prosecute suspect,
72d25112678dc23487dbd0db17883a685b9ea97feec8fbf79fc50726e3de013c,2024-09,South Wales Police,South Wales Police,-3.282342,51.411278,On or near Woodham Close,W01001093,Vale of Glamorgan 013C,Violence and sexual offences,Unable to prosecute suspect,
e6bee7e4909b31963aa9f48f6627879da171d99629f0f36e973d9d085fa08024,2024-09,South Wales Police,South Wales Police,-3.279219,51.410143,On or near East Walk,W01001093,Vale of Glamorgan 013C,Other crime,Further investigation is not in the public interest,
35f104312ea7810d4df8003ba9270514c98951c616cb75c1a6eeee100ac5bf5f,2024-09,South Wales Police,South Wales Police,-3.289464,51.408349,On or near Plas Cleddau,W01001099,Vale of Glamorgan 013D,Shoplifting,Investigation complete; no suspect identified,
8d944fdb96a13fd4463654e01e87f7b91501087829c67120c5533964a6a9ed83,2024-09,South Wales Police,South Wales Police,-3.289464,51.408349,On or near Plas Cleddau,W01001099,Vale of Glamorgan 013D,Shoplifting,Under investigation,
64bbf8100c1a6b5dd0a303d70ab39edb2c9cbaab49b9781f4e16d29a8decaf58,2024-09,South Wales Police,South Wales Police,-3.289464,51.408349,On or near Plas Cleddau,W01001099,Vale of Glamorgan 013D,Shoplifting,Unable to prosecute suspect,
793ee92ce2ab25f3a39823f1fe1ee1db0b56612a2d262aed21775ec0a55c1596,2024-09,South Wales Police,South Wales Police,-3.289464,51.408349,On or near Plas Cleddau,W01001099,Vale of Glamorgan 013D,Shoplifting,Under investigation,
9fa42a78477077a958eb928f564a81ab2768acf90bc8e6546c7d512fea894de4,2024-09,South Wales Police,South Wales Police,-3.285092,51.407274,On or near Heritage Drive,W01001099,Vale of Glamorgan 013D,Violence and sexual offences,Unable to prosecute suspect,
6a27de903c659b1f8902f7813ea8274a0095dd53999ddda73974477d0f984bcc,2024-09,South Wales Police,South Wales Police,-3.285092,51.407274,On or near Heritage Drive,W01001099,Vale of Glamorgan 013D,Violence and sexual offences,Unable to prosecute suspect,
bc466b444dddb581f031efc84590e65394b6fcc1d89487eec167395634d3a6b3,2024-09,South Wales Police,South Wales Police,-3.285092,51.407274,On or near Heritage Drive,W01001099,Vale of Glamorgan 013D,Violence and sexual offences,Under investigation,
c02630971e81ac1ad0df7095c1a86a9d4617dcb2f2627f7db10dd7d5e10720bd,2024-09,South Wales Police,South Wales Police,-3.284057,51.404210,On or near Jenner Road,W01001099,Vale of Glamorgan 013D,Violence and sexual offences,Unable to prosecute suspect,
5c576882ea7d3140d8f87b347c30ea9c66527214f7fe60e2eeec921446e0bd89,2024-09,South Wales Police,South Wales Police,-3.284057,51.404210,On or near Jenner Road,W01001099,Vale of Glamorgan 013D,Violence and sexual offences,Unable to prosecute suspect,
9f7aee9bfac3a0975b7654c95a29dfb6910358b385ac9cedf8a6649dcdf32af5,2024-09,South Wales Police,South Wales Police,-3.285092,51.407274,On or near Heritage Drive,W01001099,Vale of Glamorgan 013D,Violence and sexual offences,Under investigation,
,2024-09,South Wales Police,South Wales Police,-3.283371,51.399434,On or near Nightclub,W01001101,Vale of Glamorgan 013E,Anti-social behaviour,,
,2024-09,South Wales Police,South Wales Police,-3.289346,51.403153,On or near Howard Court,W01001101,Vale of Glamorgan 013E,Anti-social behaviour,,
dd768a74101ea0282c6d2d997db0c0022880bc44455e25211e3f54fe72d8c6a3,2024-09,South Wales Police,South Wales Police,-3.282689,51.401572,On or near Princes Street,W01001101,Vale of Glamorgan 013E,Drugs,Awaiting court outcome,
5e08d97685372e4206b0690fbcdd520eb819e8c1a10ff9d0b26cc816c8d8ab88,2024-09,South Wales Police,South Wales Police,-3.283371,51.399434,On or near Nightclub,W01001101,Vale of Glamorgan 013E,Public order,Unable to prosecute suspect,
30d4b7756f4a2dbde1217d1db67834e4b866c2aefa74bcda65e25ce9eb36fbef,2024-09,South Wales Police,South Wales Police,-3.284809,51.399238,On or near Market Street,W01001101,Vale of Glamorgan 013E,Violence and sexual offences,Investigation complete; no suspect identified,
568a1e3255e9b0dee64c8ab65457c4055152ccde5512ee2123dcaaddb9224779,2024-09,South Wales Police,South Wales Police,-3.283371,51.399434,On or near Nightclub,W01001101,Vale of Glamorgan 013E,Violence and sexual offences,Investigation complete; no suspect identified,
2e3b3179d3d10e44a7fec4897c89236e40d9c74d9bb62ccec59fdbde95a6cee1,2024-09,South Wales Police,South Wales Police,-3.284809,51.399238,On or near Market Street,W01001101,Vale of Glamorgan 013E,Violence and sexual offences,Investigation complete; no suspect identified,
088a36081cbddea11ca624e3c447ebce928d9c0c344517aa068ad868d099b658,2024-09,South Wales Police,South Wales Police,-3.284809,51.399238,On or near Market Street,W01001101,Vale of Glamorgan 013E,Violence and sexual offences,Investigation complete; no suspect identified,
0edb0a8dc6bc5cab92111e84bb480a477c4578da7f42a3edc59b181df968bb7a,2024-09,South Wales Police,South Wales Police,-3.288788,51.401712,On or near Gaen Street,W01001102,Vale of Glamorgan 013F,Criminal damage and arson,Investigation complete; no suspect identified,
9e9c0ad7daeea37db0abcbfd82bb59f77e6673b5c393901fad59fa192687146a,2024-09,South Wales Police,South Wales Police,-3.287813,51.399232,On or near Romilly Road,W01001102,Vale of Glamorgan 013F,Criminal damage and arson,Unable to prosecute suspect,
df17d5c85d7d450aea3edcf3e3c62d4fc2a28d07a5a1ad58281fc43a529ed23c,2024-09,South Wales Police,South Wales Police,-3.290535,51.399418,On or near Vale Street,W01001102,Vale of Glamorgan 013F,Other theft,Unable to prosecute suspect,
b3b5c8b4fbace84dbdd01677d0deef9d482bb29870b437a31635fb9dd32bf302,2024-09,South Wales Police,South Wales Police,-3.287813,51.399232,On or near Romilly Road,W01001102,Vale of Glamorgan 013F,Public order,Unable to prosecute suspect,
678e81578c9d3e0d8cd642c197c11764d23e6c12ba68a192c6968954a219e24c,2024-09,South Wales Police,South Wales Police,-3.287813,51.399232,On or near Romilly Road,W01001102,Vale of Glamorgan 013F,Shoplifting,Investigation complete; no suspect identified,
90f7519c3b31308793b91ad0416bc54c51a25594099944282ed3991fee9a0b10,2024-09,South Wales Police,South Wales Police,-3.288484,51.401095,On or near Kathleen Street,W01001102,Vale of Glamorgan 013F,Shoplifting,Awaiting court outcome,
b10dc57841468296a4b6e339c3ae8f2048f83111ab8fbbf2e636bc81ed7b6955,2024-09,South Wales Police,South Wales Police,-3.287813,51.399232,On or near Romilly Road,W01001102,Vale of Glamorgan 013F,Shoplifting,Investigation complete; no suspect identified,
8855b5a780bc3e85d62582255951c292b0433562daa3e6c0d971809f2a4e911c,2024-09,South Wales Police,South Wales Police,-3.288484,51.401095,On or near Kathleen Street,W01001102,Vale of Glamorgan 013F,Shoplifting,Unable to prosecute suspect,
cad503ef0dd4a4f0cf14e63235d0c5b664b27a3f2cb06e4a61ee09b4a21f3ab8,2024-09,South Wales Police,South Wales Police,-3.288484,51.401095,On or near Kathleen Street,W01001102,Vale of Glamorgan 013F,Shoplifting,Awaiting court outcome,
23e2433303dc5ac1fb293d9a29ceebd4ee60ca03ac71900a9da357f4bf5150c8,2024-09,South Wales Police,South Wales Police,-3.288484,51.401095,On or near Kathleen Street,W01001102,Vale of Glamorgan 013F,Shoplifting,Awaiting court outcome,
e74a6fe4cd96b11ad82aa920c305afa3defabe8f21f95e7b7e99eb8eec26517f,2024-09,South Wales Police,South Wales Police,-3.289392,51.400671,On or near Lewis Street,W01001102,Vale of Glamorgan 013F,Violence and sexual offences,Unable to prosecute suspect,
5fd289eaf308e2d56ed36ce27c27b5cf53a7ddc1f413e15fc0f0fa20cbe45551,2024-09,South Wales Police,South Wales Police,-3.290899,51.400582,On or near Salisbury Road,W01001102,Vale of Glamorgan 013F,Violence and sexual offences,Unable to prosecute suspect,
6679e9d8971ce348464ca352ba57d43bb3b5dde4c5d396e4a460322f204525dc,2024-09,South Wales Police,South Wales Police,-3.455919,51.408279,On or near Curlew Crescent,W01001108,Vale of Glamorgan 014A,Criminal damage and arson,Investigation complete; no suspect identified,
2fbef635343b86c1407cdbf621eb5185c19d1c32ae147276c01fd682addf9b3b,2024-09,South Wales Police,South Wales Police,-3.450975,51.410624,On or near Wren Road,W01001108,Vale of Glamorgan 014A,Criminal damage and arson,Investigation complete; no suspect identified,
056ff18d82c674f4484c499a192860c3eb6485d5149f5b1ec53c5077dbf7a286,2024-09,South Wales Police,South Wales Police,-3.464793,51.403411,On or near Castle Close,W01001108,Vale of Glamorgan 014A,Public order,Investigation complete; no suspect identified,
716fa0cc8d7ba55d4e8a2d2ecc229a6294dd9f2e5383473783b89a0b1d0d6c26,2024-09,South Wales Police,South Wales Police,-3.468225,51.418116,On or near Rectory Court,W01001108,Vale of Glamorgan 014A,Violence and sexual offences,Unable to prosecute suspect,
b0fb4060791b4717103da85fdcd2f5469339399218b915b10996f78631c09d6e,2024-09,South Wales Police,South Wales Police,-3.465686,51.405261,On or near Redwood Close,W01001108,Vale of Glamorgan 014A,Violence and sexual offences,Unable to prosecute suspect,
30f2c72382ccf8baf64bbb70275c1ceef9d9b7e04f56652bce66542ab89b9961,2024-09,South Wales Police,South Wales Police,-3.450975,51.410624,On or near Wren Road,W01001108,Vale of Glamorgan 014A,Violence and sexual offences,Unable to prosecute suspect,
ec614ae993c8a3472bb208cfdc2f098ad3e253269ff3de5b3fe6ba889c7f5a57,2024-09,South Wales Police,South Wales Police,-3.457516,51.407863,On or near Church Meadow,W01001108,Vale of Glamorgan 014A,Violence and sexual offences,Action to be taken by another organisation,
78522e20da5475c0aefda670d0d01312b957334359af63e9d44181c4e01fe1f5,2024-09,South Wales Police,South Wales Police,-3.465850,51.404099,On or near Tre-Beferad,W01001108,Vale of Glamorgan 014A,Violence and sexual offences,Unable to prosecute suspect,
e905b04037b63b7ee6f40df5f5560137464d98a6632bd49b3a41486ade4fe449,2024-09,South Wales Police,South Wales Police,-3.366332,51.390105,On or near Fonmon Road,W01001117,Vale of Glamorgan 014B,Criminal damage and arson,Investigation complete; no suspect identified,
375dde9328bf3ddb3c46bd993b01d8be5031bd013de10b2803146e32a2841352,2024-09,South Wales Police,South Wales Police,-3.353199,51.389745,On or near Speedwell Drive,W01001117,Vale of Glamorgan 014B,Criminal damage and arson,Unable to prosecute suspect,
2be89b735d8e4bf494ca659e45d95a9d3a6bba1071571f3b4758a6f640b7ee34,2024-09,South Wales Police,South Wales Police,-3.350986,51.387289,On or near South View,W01001117,Vale of Glamorgan 014B,Public order,Investigation complete; no suspect identified,
64bd036708b7b9b3cffd0e715b266ae65e82c886d5f9f0b26fb8e194b331d3dd,2024-09,South Wales Police,South Wales Police,-3.357319,51.388592,On or near Mariners Way,W01001117,Vale of Glamorgan 014B,Shoplifting,Investigation complete; no suspect identified,
ad9976d10759fa2874ac6b6e8766006c8368fe1ba68c4902fe3733e502ee2bbf,2024-09,South Wales Police,South Wales Police,-3.357319,51.388592,On or near Mariners Way,W01001117,Vale of Glamorgan 014B,Shoplifting,Investigation complete; no suspect identified,
29981fe3ff8b4d02f34457dd86093f63cdd9680efb0efbd08497dc5ab8b38845,2024-09,South Wales Police,South Wales Police,-3.357319,51.388592,On or near Mariners Way,W01001117,Vale of Glamorgan 014B,Shoplifting,Investigation complete; no suspect identified,
c795fc20a86a0024b72a3a0f51ae53fcf54614aa0aa11eda28e9795170c23bc7,2024-09,South Wales Police,South Wales Police,-3.357319,51.388592,On or near Mariners Way,W01001117,Vale of Glamorgan 014B,Shoplifting,Investigation complete; no suspect identified,
a7eceb09f5abd820fb52ebb633acd7b8055eb877bbc07db64bd25acce8d38da0,2024-09,South Wales Police,South Wales Police,-3.357319,51.388592,On or near Mariners Way,W01001117,Vale of Glamorgan 014B,Shoplifting,Investigation complete; no suspect identified,
72b693ba6249bce9eb3598595b2f58b7067e8c12880136c019cefb49f046c7ff,2024-09,South Wales Police,South Wales Police,-3.357319,51.388592,On or near Mariners Way,W01001117,Vale of Glamorgan 014B,Shoplifting,Unable to prosecute suspect,
cbc9e48acbfe5e7ddadbd551b926acae56bf71e11aa1813bb54e11f470df86af,2024-09,South Wales Police,South Wales Police,-3.366353,51.386463,On or near Parking Area,W01001117,Vale of Glamorgan 014B,Violence and sexual offences,Investigation complete; no suspect identified,
59a8dcc3f75015c828972b2c90e5d285302c54058cd5f6ba4daba68d6931c077,2024-09,South Wales Police,South Wales Police,-3.366353,51.386463,On or near Parking Area,W01001117,Vale of Glamorgan 014B,Violence and sexual offences,Unable to prosecute suspect,
e18b7b91650c7d869175e7d0f08ca717e4f210ac0f9555758a216f522a532c54,2024-09,South Wales Police,South Wales Police,-3.366332,51.390105,On or near Fonmon Road,W01001117,Vale of Glamorgan 014B,Violence and sexual offences,Investigation complete; no suspect identified,
d4b265a338a2b8bfda774ecd2401b143966ef4d007cefe35056def523070ed99,2024-09,South Wales Police,South Wales Police,-3.355860,51.390272,On or near St Siors Meade,W01001117,Vale of Glamorgan 014B,Violence and sexual offences,Under investigation,
533eb57568e05c7aed1bf3b11983cdeb3e32329e872e9879b9a8ca937f42ee2c,2024-09,South Wales Police,South Wales Police,-3.349478,51.388323,On or near Stewart Road,W01001117,Vale of Glamorgan 014B,Violence and sexual offences,Unable to prosecute suspect,
13b931d2f4d58fcc03b9934df9ff34d03729e78b5009a8f8c0dc152d3e5b4ebc,2024-09,South Wales Police,South Wales Police,-3.370510,51.399561,On or near Castle Road,W01001120,Vale of Glamorgan 014D,Vehicle crime,Unable to prosecute suspect,
8d7b8ac08ad5329fa3c6cdeeb25ae0f5088d5c38f69f8ecda8416e412b882980,2024-09,South Wales Police,South Wales Police,-3.363326,51.389529,On or near Thaw Close,W01001120,Vale of Glamorgan 014D,Violence and sexual offences,Unable to prosecute suspect,
93b883fb7d95ab6b7ed704fb86faab94626bfeb13622383159e2d16a2c80d288,2024-09,South Wales Police,South Wales Police,-3.413925,51.399144,On or near Chapel Close,W01001121,Vale of Glamorgan 014E,Criminal damage and arson,Unable to prosecute suspect,
c85df4d8f7c2eb1fe63d28d982ca3059db83720f7d1d9b0166fa0c65bc64a975,2024-09,South Wales Police,South Wales Police,-3.405643,51.387365,On or near Boiler House Road,W01001121,Vale of Glamorgan 014E,Criminal damage and arson,Investigation complete; no suspect identified,
f07d0bc2a7073cf74aac9a0d0f2b587f68f9800710f1b931cff570fb732cd79a,2024-09,South Wales Police,South Wales Police,-3.411258,51.405894,On or near Castleton Road,W01001121,Vale of Glamorgan 014E,Public order,Under investigation,
376bd09b4ce6e00d043a0d1064b932a8100ec76e030ab63b23b2f5248d792c0b,2024-09,South Wales Police,South Wales Police,-3.404376,51.397596,On or near Petrol Station,W01001121,Vale of Glamorgan 014E,Violence and sexual offences,Unable to prosecute suspect,
fd529c7768adf10b6990ec33111b0ef11059edb95c783bd72f436b656a771fe8,2024-09,South Wales Police,South Wales Police,-3.404376,51.397596,On or near Petrol Station,W01001121,Vale of Glamorgan 014E,Violence and sexual offences,Unable to prosecute suspect,
05eaa28bcb634c10eb063b4be078c55169a3ed63b45838433da09299d044fabc,2024-09,South Wales Police,South Wales Police,-3.411258,51.405894,On or near Castleton Road,W01001121,Vale of Glamorgan 014E,Violence and sexual offences,Under investigation,
e436203e302b18cb2e9bcb757ab2492f8015c5494a4aefe5bdfc685e8d4d2440,2024-09,South Wales Police,South Wales Police,-3.413925,51.399144,On or near Chapel Close,W01001121,Vale of Glamorgan 014E,Violence and sexual offences,Unable to prosecute suspect,
04d89c64031ec94514c3210b2fed0326b5a90317c09f38cff6da98cbd8d9841d,2024-09,South Wales Police,South Wales Police,-3.404376,51.397596,On or near Petrol Station,W01001121,Vale of Glamorgan 014E,Violence and sexual offences,Under investigation,
,2024-09,South Wales Police,South Wales Police,-3.423072,51.414554,On or near Cowbridge Road,W01001122,Vale of Glamorgan 014F,Anti-social behaviour,,
0010752a9c6c3024567022ad4efbb0fa323b564c6617d720a74d213ced23b0c3,2024-09,South Wales Police,South Wales Police,-3.413835,51.415781,On or near Burley Place,W01001122,Vale of Glamorgan 014F,Burglary,Investigation complete; no suspect identified,
529673a33c1b6ab53210423f7a10606ded3b78d8fbaea0a5a2f5028ee5c1bf68,2024-09,South Wales Police,South Wales Police,-3.413835,51.415781,On or near Burley Place,W01001122,Vale of Glamorgan 014F,Criminal damage and arson,Unable to prosecute suspect,
342fefc9390a51106c061aa48a89bb6f0a5541613de87068854660b66c3e4cd5,2024-09,South Wales Police,South Wales Police,-3.416926,51.412956,On or near Mallory Close,W01001122,Vale of Glamorgan 014F,Criminal damage and arson,Unable to prosecute suspect,
a2d9adefb879f40e0c3234ab76b9d66a40990c4e76f316561f3960c2564fa52b,2024-09,South Wales Police,South Wales Police,-3.416926,51.412956,On or near Mallory Close,W01001122,Vale of Glamorgan 014F,Drugs,Local resolution,
af84a0493f66bbfc74004d3e6c6751973b7989c19d56f8e5c722a75368e5f77f,2024-09,South Wales Police,South Wales Police,-3.413835,51.415781,On or near Burley Place,W01001122,Vale of Glamorgan 014F,Other theft,Under investigation,
3b5499ad2bb1b92c3cdf2a8fc41e77fe8605b3fca0c83ca2d1a3a7f81b400c4e,2024-09,South Wales Police,South Wales Police,-3.419639,51.404462,On or near Well Walk,W01001122,Vale of Glamorgan 014F,Public order,Unable to prosecute suspect,
7618c26e22163c06efec70451b0cf699a861a0a82ed71ade229fbc313bc33343,2024-09,South Wales Police,South Wales Police,-3.419186,51.414907,On or near Tintern Close,W01001122,Vale of Glamorgan 014F,Public order,Unable to prosecute suspect,
d5ef4c8b0e1d4047d355c9998d5806754fb707e8bf931a9b3faf532cbf459ed7,2024-09,South Wales Police,South Wales Police,-3.430766,51.413633,On or near Lime Grove,W01001122,Vale of Glamorgan 014F,Violence and sexual offences,Unable to prosecute suspect,
3b03e4bc2538508cc57a2aeee841ac4f5f0dcb0d9b9bb09baaa053809bb93a12,2024-09,South Wales Police,South Wales Police,-3.418634,51.414275,On or near Celyn Close,W01001122,Vale of Glamorgan 014F,Violence and sexual offences,Unable to prosecute suspect,
d9dadf8008f2431abbc994cc44e46ac69bfab6da80ada18f458719a09e090e48,2024-09,South Wales Police,South Wales Police,-3.416257,51.411813,On or near Shackleton Close,W01001122,Vale of Glamorgan 014F,Violence and sexual offences,Unable to prosecute suspect,
31a373fdd30a40673611e0ce1a02aa870852b584099245f580a9131f707b5d7a,2024-09,South Wales Police,South Wales Police,-3.416657,51.414497,On or near Talybont Close,W01001122,Vale of Glamorgan 014F,Violence and sexual offences,Under investigation,
b3b29f2867a22cab118edc9ad48865d93c2b618260eceb4082ccef315d88b5ac,2024-09,South Wales Police,South Wales Police,-3.416926,51.412956,On or near Mallory Close,W01001122,Vale of Glamorgan 014F,Violence and sexual offences,Unable to prosecute suspect,
5a48e3608a6696df452d9fa7da0676e8b41e43d710d02f3cc33a46115ae75650,2024-09,South Wales Police,South Wales Police,-3.429637,51.414807,On or near Elm Grove,W01001122,Vale of Glamorgan 014F,Other crime,Under investigation,
340f80e674aff67276a2a1da750a42aa926f68fc286b774b6d7ddd674b3e2ef1,2024-09,South Wales Police,South Wales Police,-3.342866,51.392202,On or near Meadow Croft,W01002038,Vale of Glamorgan 014G,Criminal damage and arson,Offender given a caution,
6ac82a24f8212ecf7218772b212468e3a2c389e3412e07002c5a967b5fa066ac,2024-09,South Wales Police,South Wales Police,-3.343671,51.392697,On or near Rhoose Road,W01002038,Vale of Glamorgan 014G,Criminal damage and arson,Investigation complete; no suspect identified,
43ae46f700c248549f13462b5441829b58fb5eb3c1fef81c7ffbbb7ae0564c82,2024-09,South Wales Police,South Wales Police,-3.343671,51.392697,On or near Rhoose Road,W01002038,Vale of Glamorgan 014G,Criminal damage and arson,Investigation complete; no suspect identified,
7645a4bace65f46b7473a40094959013f63b9cbb2129a12479ceee743a03a99f,2024-09,South Wales Police,South Wales Police,-3.328883,51.394250,On or near Porthkerry Road,W01002038,Vale of Glamorgan 014G,Vehicle crime,Investigation complete; no suspect identified,
68f8b790e2d4a6cac11abd2b8cb2af91cc77637b6d24e6a97e3c9b75f26e1ad4,2024-09,South Wales Police,South Wales Police,-3.328883,51.394250,On or near Porthkerry Road,W01002038,Vale of Glamorgan 014G,Violence and sexual offences,Local resolution,
4dc2f565cc2eabc3d521a5c5be50aee0c6d08ba6c9d3b5a86237fd5fef890cd0,2024-09,South Wales Police,South Wales Police,-3.328883,51.394250,On or near Porthkerry Road,W01002038,Vale of Glamorgan 014G,Violence and sexual offences,Under investigation,
b512ad30cf9fff92e3657b0f3c309a6a93f6914a35f2f0a90f82c49703887d8f,2024-09,South Wales Police,South Wales Police,-3.328883,51.394250,On or near Porthkerry Road,W01002038,Vale of Glamorgan 014G,Other crime,Under investigation,
,2024-09,South Wales Police,South Wales Police,-3.342134,51.383902,On or near Heol Pilipala,W01002039,Vale of Glamorgan 014H,Anti-social behaviour,,
,2024-09,South Wales Police,South Wales Police,-3.338747,51.386027,On or near Heol Y Sianel,W01002039,Vale of Glamorgan 014H,Anti-social behaviour,,
,2024-09,South Wales Police,South Wales Police,-3.340994,51.389139,On or near Greenmeadow Way,W01002039,Vale of Glamorgan 014H,Anti-social behaviour,,
f1636a71153afbe2d4b98dadde98ce9c677ba0fc270b86f10ca079b8324c69ee,2024-09,South Wales Police,South Wales Police,-3.342134,51.383902,On or near Heol Pilipala,W01002039,Vale of Glamorgan 014H,Public order,Investigation complete; no suspect identified,
29ab56c2a8e96cffe7a36c8c7d7ff21fb5925609a67d5187f7888bdaf0153943,2024-09,South Wales Police,South Wales Police,-3.340994,51.389139,On or near Greenmeadow Way,W01002039,Vale of Glamorgan 014H,Violence and sexual offences,Unable to prosecute suspect,
cebd3e1cf15882733c623bb6fe18222defae66b80654c621ef522c5e87521ee8,2024-09,South Wales Police,South Wales Police,-3.342281,51.386472,On or near Cwrt Newton Pool,W01002039,Vale of Glamorgan 014H,Violence and sexual offences,Under investigation,
35d96e461a15665afcae94be60760e67cffd52b7738c2216dde830850caff6e5,2024-09,South Wales Police,South Wales Police,-3.345480,51.386741,On or near Lon Lindys,W01002039,Vale of Glamorgan 014H,Violence and sexual offences,Unable to prosecute suspect,
edc1889485a612835eb38e0f086bbb5c6da046032602f4f0c6ef2c323e6d0f29,2024-09,South Wales Police,South Wales Police,-3.288032,51.395785,On or near The Mews,W01001059,Vale of Glamorgan 015A,Burglary,Investigation complete; no suspect identified,
ba0f647894c523633f9f14c74ab5cf64d1123dcb8c4c85cb662d7fd92a33fe44,2024-09,South Wales Police,South Wales Police,-3.287573,51.395808,On or near Miskin Street,W01001059,Vale of Glamorgan 015A,Criminal damage and arson,Investigation complete; no suspect identified,
beada591a69ba5b2ca5b5a0f9c247564a313107c10c5e88c030a0c9c785d29fb,2024-09,South Wales Police,South Wales Police,-3.287587,51.393227,On or near Charles Place,W01001059,Vale of Glamorgan 015A,Other theft,Unable to prosecute suspect,
e263cee657a831e2c8eaa428cce95ee37962b1378b7a6d027df36742908e472f,2024-09,South Wales Police,South Wales Police,-3.288953,51.392241,On or near Southesk Place,W01001059,Vale of Glamorgan 015A,Public order,Unable to prosecute suspect,
11d54ad26f70d7a7d336be32e3e0cd160ee45eed0b8ab69179b16aa8f0e80080,2024-09,South Wales Police,South Wales Police,-3.285507,51.394419,On or near Clos Yr Harbwr,W01001059,Vale of Glamorgan 015A,Violence and sexual offences,Investigation complete; no suspect identified,
1f4e46cd56775cf118e33ea935d2135b467c3e5831c6f85ef92f59ab7bf8173d,2024-09,South Wales Police,South Wales Police,-3.316028,51.393595,On or near Parking Area,W01001060,Vale of Glamorgan 015B,Drugs,Formal action is not in the public interest,
23cbec0891fe09f23bb42407204ecb9fbd8d66806f4b80a189e4451361600eea,2024-09,South Wales Police,South Wales Police,-3.316028,51.393595,On or near Parking Area,W01001060,Vale of Glamorgan 015B,Violence and sexual offences,Unable to prosecute suspect,
,2024-09,South Wales Police,South Wales Police,-3.272809,51.404539,On or near Kendrick Road,W01001066,Vale of Glamorgan 015D,Anti-social behaviour,,
,2024-09,South Wales Police,South Wales Police,-3.272809,51.404539,On or near Kendrick Road,W01001066,Vale of Glamorgan 015D,Anti-social behaviour,,
,2024-09,South Wales Police,South Wales Police,-3.272809,51.404539,On or near Kendrick Road,W01001066,Vale of Glamorgan 015D,Anti-social behaviour,,
,2024-09,South Wales Police,South Wales Police,-3.280069,51.402473,On or near Aberystwyth Crescent,W01001066,Vale of Glamorgan 015D,Anti-social behaviour,,
,2024-09,South Wales Police,South Wales Police,-3.277393,51.403428,On or near St Paul'S Avenue,W01001066,Vale of Glamorgan 015D,Anti-social behaviour,,
,2024-09,South Wales Police,South Wales Police,-3.277393,51.403428,On or near St Paul'S Avenue,W01001066,Vale of Glamorgan 015D,Anti-social behaviour,,
,2024-09,South Wales Police,South Wales Police,-3.272809,51.404539,On or near Kendrick Road,W01001066,Vale of Glamorgan 015D,Anti-social behaviour,,
578be163a3a7c68f4c8d8ea022953e6cc45f1066220d99f3d82e203b27050ca6,2024-09,South Wales Police,South Wales Police,-3.278157,51.400920,On or near Cwrt Edward,W01001066,Vale of Glamorgan 015D,Drugs,Under investigation,
9db4b444475971b1fdf21bd956e1017c7415659bd81f02cc4e2a4ec10ddce0a3,2024-09,South Wales Police,South Wales Police,-3.272809,51.404539,On or near Kendrick Road,W01001066,Vale of Glamorgan 015D,Public order,Unable to prosecute suspect,
86cbd1d08409e500e12265e875cd3ee46d9bcddd0708690e7365bc007f0b6f46,2024-09,South Wales Police,South Wales Police,-3.272809,51.404539,On or near Kendrick Road,W01001066,Vale of Glamorgan 015D,Public order,Investigation complete; no suspect identified,
21ae6e42fcf29831858924ed83b3c8eef461369b0b8890e699ef1c628771d5d5,2024-09,South Wales Police,South Wales Police,-3.272809,51.404539,On or near Kendrick Road,W01001066,Vale of Glamorgan 015D,Public order,Investigation complete; no suspect identified,
6538cbf14e292ba173327c9f4719d580f19216fc627b3119f1c9fa2580b009d6,2024-09,South Wales Police,South Wales Police,-3.277393,51.403428,On or near St Paul'S Avenue,W01001066,Vale of Glamorgan 015D,Public order,Awaiting court outcome,
39f1452c126f2ee9071ee403c6783cc7a105a8fb24226cf9bf66b43e23e7a1c8,2024-09,South Wales Police,South Wales Police,-3.272809,51.404539,On or near Kendrick Road,W01001066,Vale of Glamorgan 015D,Public order,Unable to prosecute suspect,
4996fa1cec08045dbb6c9068fad5d5f0f77abf8a702a06c7011712cb20eb2c80,2024-09,South Wales Police,South Wales Police,-3.272809,51.404539,On or near Kendrick Road,W01001066,Vale of Glamorgan 015D,Public order,Unable to prosecute suspect,
b84b6455a135cad26afd8b52f384e6dc96f795dafc80adf683c6b07980c13432,2024-09,South Wales Police,South Wales Police,-3.276341,51.401264,On or near Heol Gwendoline,W01001066,Vale of Glamorgan 015D,Shoplifting,Awaiting court outcome,
9f51f5fc1a3ba5d7da64b1e70c59c7c0399e0121fbf176391c2d2a6345dfff6b,2024-09,South Wales Police,South Wales Police,-3.276341,51.401264,On or near Heol Gwendoline,W01001066,Vale of Glamorgan 015D,Shoplifting,Awaiting court outcome,
756b7952942297c32e3c1b70fefe2f71784e24ccc8b9e50da05cde430d0a5846,2024-09,South Wales Police,South Wales Police,-3.276341,51.401264,On or near Heol Gwendoline,W01001066,Vale of Glamorgan 015D,Shoplifting,Unable to prosecute suspect,
c82e37b54cfb75f50593da82b0ec2c97a662f7b03cf5c9edb084992398c6297c,2024-09,South Wales Police,South Wales Police,-3.276341,51.401264,On or near Heol Gwendoline,W01001066,Vale of Glamorgan 015D,Shoplifting,Awaiting court outcome,
1df409a102146974a10e242e49ca2861401bad489afeef3a2da14408deea1170,2024-09,South Wales Police,South Wales Police,-3.276341,51.401264,On or near Heol Gwendoline,W01001066,Vale of Glamorgan 015D,Shoplifting,Investigation complete; no suspect identified,
c908ac6157d3619fc4ec7c75c003bf7c67827546160331250ffde73c8258a2a5,2024-09,South Wales Police,South Wales Police,-3.276341,51.401264,On or near Heol Gwendoline,W01001066,Vale of Glamorgan 015D,Shoplifting,Suspect charged as part of another case,
e9e4b62fdc5c03c0ed95e9bf01ac5a7588310a00549b1c84228266751a4732e4,2024-09,South Wales Police,South Wales Police,-3.276341,51.401264,On or near Heol Gwendoline,W01001066,Vale of Glamorgan 015D,Shoplifting,Further investigation is not in the public interest,
5cb5884baea1a5e9286bb93ea865e171529dda7498ada7a947b7511bb313bb7f,2024-09,South Wales Police,South Wales Police,-3.276341,51.401264,On or near Heol Gwendoline,W01001066,Vale of Glamorgan 015D,Shoplifting,Suspect charged as part of another case,
026d2fb05b072f993ccbfe65229c9514b45f6facb1bc33188c1010ebc5330d02,2024-09,South Wales Police,South Wales Police,-3.276341,51.401264,On or near Heol Gwendoline,W01001066,Vale of Glamorgan 015D,Shoplifting,Investigation complete; no suspect identified,
fcf4e23c2d424da0edd9ac3990ebd3887ce297e3047e28d5723503967a3ceade,2024-09,South Wales Police,South Wales Police,-3.276341,51.401264,On or near Heol Gwendoline,W01001066,Vale of Glamorgan 015D,Shoplifting,Investigation complete; no suspect identified,
894f8e31e92a84204a1f0e7e99731b2164fdaa54905e0ed55cb0ac57e6d4939f,2024-09,South Wales Police,South Wales Police,-3.276341,51.401264,On or near Heol Gwendoline,W01001066,Vale of Glamorgan 015D,Shoplifting,Investigation complete; no suspect identified,
6883be730498ea07bffce99d7c3e388e6aafa02ef1768be9ed0c41d3e43124ef,2024-09,South Wales Police,South Wales Police,-3.276341,51.401264,On or near Heol Gwendoline,W01001066,Vale of Glamorgan 015D,Shoplifting,Awaiting court outcome,
04d1923cf2ce7cc281ea52b843d6d2ad0a8077be31b292f09811aec6e801809b,2024-09,South Wales Police,South Wales Police,-3.276341,51.401264,On or near Heol Gwendoline,W01001066,Vale of Glamorgan 015D,Shoplifting,Investigation complete; no suspect identified,
24cd0b193c69b13dcb5f6fdf201213c6a5f777b300f9393180a8d44708b3e1de,2024-09,South Wales Police,South Wales Police,-3.276341,51.401264,On or near Heol Gwendoline,W01001066,Vale of Glamorgan 015D,Shoplifting,Awaiting court outcome,
6e1567f7966479ff79d0c9fad26bc09183f2da99581fe523d4aa94acb2a2fa32,2024-09,South Wales Police,South Wales Police,-3.277019,51.402902,On or near Hilda Street,W01001066,Vale of Glamorgan 015D,Shoplifting,Unable to prosecute suspect,
eae9fa24008de380905cf13e12a3d4ce4a4abe132313d4021b952f768573ac82,2024-09,South Wales Police,South Wales Police,-3.276341,51.401264,On or near Heol Gwendoline,W01001066,Vale of Glamorgan 015D,Shoplifting,Further investigation is not in the public interest,
3d61224efd73e87cc24676cba25b4dedfa2faaf7b9ec661fa07c9174f8284dd4,2024-09,South Wales Police,South Wales Police,-3.276341,51.401264,On or near Heol Gwendoline,W01001066,Vale of Glamorgan 015D,Shoplifting,Awaiting court outcome,
41d927e70611a78866a55d6706034ad2a8be7c873450615a5ce084ec4278319a,2024-09,South Wales Police,South Wales Police,-3.276341,51.401264,On or near Heol Gwendoline,W01001066,Vale of Glamorgan 015D,Shoplifting,Awaiting court outcome,
68ff5f44756e78e88cd2fb22681fc7ba1393f08e3f78e4e5a67f7b706e61522c,2024-09,South Wales Police,South Wales Police,-3.276341,51.401264,On or near Heol Gwendoline,W01001066,Vale of Glamorgan 015D,Shoplifting,Awaiting court outcome,
1195006a5dcc52e64c870351bc1008ca6c676ea996b3a83d6b749f4dabff1ac9,2024-09,South Wales Police,South Wales Police,-3.276341,51.401264,On or near Heol Gwendoline,W01001066,Vale of Glamorgan 015D,Shoplifting,Investigation complete; no suspect identified,
933b393ae0de01f65c9924067849b3e2c98902cf44ff8965eeac41b8119115c9,2024-09,South Wales Police,South Wales Police,-3.276341,51.401264,On or near Heol Gwendoline,W01001066,Vale of Glamorgan 015D,Shoplifting,Suspect charged as part of another case,
763f2264af457af8b3d2f85f42a3dbbbae8924cb14312740f0d16ea8755bbadb,2024-09,South Wales Police,South Wales Police,-3.276341,51.401264,On or near Heol Gwendoline,W01001066,Vale of Glamorgan 015D,Shoplifting,Investigation complete; no suspect identified,
d93eb54c8b625dcdc2ef99d883d40feccbb8da4fc46e7e4a2c13afc320094123,2024-09,South Wales Police,South Wales Police,-3.276341,51.401264,On or near Heol Gwendoline,W01001066,Vale of Glamorgan 015D,Shoplifting,Awaiting court outcome,
2b53ef217faa727e5c2628ecf3fcf885d906da529dc288263ed0e151f19bd3ac,2024-09,South Wales Police,South Wales Police,-3.276341,51.401264,On or near Heol Gwendoline,W01001066,Vale of Glamorgan 015D,Shoplifting,Awaiting court outcome,
d7aef5909ffe449dfa2070871173b0f766dea725d98cc0708bd4aff968e65aa5,2024-09,South Wales Police,South Wales Police,-3.276341,51.401264,On or near Heol Gwendoline,W01001066,Vale of Glamorgan 015D,Shoplifting,Awaiting court outcome,
67648929568ce784563ce604fff0149c91681c3f094baadfca0694b73489f0df,2024-09,South Wales Police,South Wales Police,-3.276341,51.401264,On or near Heol Gwendoline,W01001066,Vale of Glamorgan 015D,Shoplifting,Investigation complete; no suspect identified,
1cefa992c6f6d0146d295c8a826ef33dd2012ca10d21e5d00962516da61a4730,2024-09,South Wales Police,South Wales Police,-3.276341,51.401264,On or near Heol Gwendoline,W01001066,Vale of Glamorgan 015D,Shoplifting,Investigation complete; no suspect identified,
ae499cf92ab517d6d42db903ac17c94181382aa8953cb27c1089a308d0e3c496,2024-09,South Wales Police,South Wales Police,-3.276341,51.401264,On or near Heol Gwendoline,W01001066,Vale of Glamorgan 015D,Shoplifting,Investigation complete; no suspect identified,
c4580859f47156c99521f77bf2a46f0daf4191727dbfba60ebbbb39c96688348,2024-09,South Wales Police,South Wales Police,-3.276341,51.401264,On or near Heol Gwendoline,W01001066,Vale of Glamorgan 015D,Shoplifting,Investigation complete; no suspect identified,
463d3f19df649a9b0ebb2640d5dc64ca8e80631d26e1025a06555d39572ef083,2024-09,South Wales Police,South Wales Police,-3.276341,51.401264,On or near Heol Gwendoline,W01001066,Vale of Glamorgan 015D,Shoplifting,Awaiting court outcome,
f885b1229ea52a29abde0b8617e1837d2ceae6b5a3a50e32b0a15da61bfb326f,2024-09,South Wales Police,South Wales Police,-3.272809,51.404539,On or near Kendrick Road,W01001066,Vale of Glamorgan 015D,Violence and sexual offences,Under investigation,
95fc708ca6afd1f889258ec1a2d156671bf90dca0d6bd8c2fba798e073c442a1,2024-09,South Wales Police,South Wales Police,-3.277393,51.403428,On or near St Paul'S Avenue,W01001066,Vale of Glamorgan 015D,Violence and sexual offences,Unable to prosecute suspect,
f5f37ff6d11680ca45b5528f43da2beaa97c16da10549cf8a2435101545d9e06,2024-09,South Wales Police,South Wales Police,-3.276367,51.400148,On or near Clos Mancheldowne,W01001066,Vale of Glamorgan 015D,Violence and sexual offences,Investigation complete; no suspect identified,
a6be3800bd8663b358861e4899bdc65b725a7262df599109713faf3b0453ca04,2024-09,South Wales Police,South Wales Police,-3.272809,51.404539,On or near Kendrick Road,W01001066,Vale of Glamorgan 015D,Violence and sexual offences,Unable to prosecute suspect,
f6ee7b9db71f8e0d8a1b680a3769daaeb63c1909ecdaa1e5222bb5a76bc7508f,2024-09,South Wales Police,South Wales Police,-3.272809,51.404539,On or near Kendrick Road,W01001066,Vale of Glamorgan 015D,Violence and sexual offences,Investigation complete; no suspect identified,
5d982784947108566aa5554964a82536b893311be6c8e3d0031612814cab8d23,2024-09,South Wales Police,South Wales Police,-3.272809,51.404539,On or near Kendrick Road,W01001066,Vale of Glamorgan 015D,Violence and sexual offences,Under investigation,
50115c951a8d6563297b631b971f4eb6477e90cb17ebe076e110a280aebd1e0e,2024-09,South Wales Police,South Wales Police,-3.272809,51.404539,On or near Kendrick Road,W01001066,Vale of Glamorgan 015D,Violence and sexual offences,Under investigation,
3f9bfb49280d42e258d09eac3a9d5028ec6a95b66c5de958a566c8f6517ec3a7,2024-09,South Wales Police,South Wales Police,-3.272809,51.404539,On or near Kendrick Road,W01001066,Vale of Glamorgan 015D,Violence and sexual offences,Awaiting court outcome,
07088f4f5a72ed6158d835862ff9b0ba50ccb9d9466056acbb61030a14841894,2024-09,South Wales Police,South Wales Police,-3.277393,51.403428,On or near St Paul'S Avenue,W01001066,Vale of Glamorgan 015D,Violence and sexual offences,Unable to prosecute suspect,
45d5bf3606981120f635e4de3eed5d10290422cd71b2db42a7c2270ba97c16b2,2024-09,South Wales Police,South Wales Police,-3.276088,51.400979,On or near Heol Broadland,W01001066,Vale of Glamorgan 015D,Violence and sexual offences,Unable to prosecute suspect,
35fe3a2068a12d895abb6786e7cf9f9cf902c608f283ef46d7a6c5cb344d4175,2024-09,South Wales Police,South Wales Police,-3.277019,51.402902,On or near Hilda Street,W01001066,Vale of Glamorgan 015D,Violence and sexual offences,Unable to prosecute suspect,
dd5c59f5bd3c1733a81f1887f23447e531e8e909cf817fa138fdbba8e77ad001,2024-09,South Wales Police,South Wales Police,-3.281687,51.402743,On or near Trinity Street,W01001066,Vale of Glamorgan 015D,Violence and sexual offences,Unable to prosecute suspect,
,2024-09,South Wales Police,South Wales Police,-3.266422,51.403385,On or near Fryatt Street,W01001073,Vale of Glamorgan 015E,Anti-social behaviour,,
,2024-09,South Wales Police,South Wales Police,-3.268800,51.404115,On or near Thompson Street,W01001073,Vale of Glamorgan 015E,Anti-social behaviour,,
,2024-09,South Wales Police,South Wales Police,-3.265414,51.400186,On or near Glanfa Dafydd,W01001073,Vale of Glamorgan 015E,Anti-social behaviour,,
,2024-09,South Wales Police,South Wales Police,-3.251985,51.399062,On or near Atlantic Crescent,W01001073,Vale of Glamorgan 015E,Anti-social behaviour,,
,2024-09,South Wales Police,South Wales Police,-3.261111,51.402624,On or near Barry Docks,W01001073,Vale of Glamorgan 015E,Anti-social behaviour,,
,2024-09,South Wales Police,South Wales Police,-3.261111,51.402624,On or near Barry Docks,W01001073,Vale of Glamorgan 015E,Anti-social behaviour,,
,2024-09,South Wales Police,South Wales Police,-3.264107,51.400236,On or near Cei Dafydd,W01001073,Vale of Glamorgan 015E,Anti-social behaviour,,
,2024-09,South Wales Police,South Wales Police,-3.266422,51.403385,On or near Fryatt Street,W01001073,Vale of Glamorgan 015E,Anti-social behaviour,,
845818a74435879a48462803e605fbb3869b2db969b894c38d0fb7cf8995dc07,2024-09,South Wales Police,South Wales Police,-3.264107,51.400236,On or near Cei Dafydd,W01001073,Vale of Glamorgan 015E,Criminal damage and arson,Investigation complete; no suspect identified,
2f774c7a1d0541f5c1f4e525f12753926a91199a5add2c7755446760884451a3,2024-09,South Wales Police,South Wales Police,-3.264203,51.401620,On or near Subway Road,W01001073,Vale of Glamorgan 015E,Criminal damage and arson,Unable to prosecute suspect,
2b3f0eca999116fba6ac86b7df8f2b304439f070c22124bb1c67fc727e2076ec,2024-09,South Wales Police,South Wales Police,-3.245960,51.400044,On or near Bendrick Road,W01001073,Vale of Glamorgan 015E,Drugs,Local resolution,
5a98a0126734b5708836106108a588e9343672d169030eab48737342fb463ad2,2024-09,South Wales Police,South Wales Police,-3.255960,51.408758,On or near Hill Street,W01001073,Vale of Glamorgan 015E,Other theft,Investigation complete; no suspect identified,
fbdb891a7dca013dc7e8fbfc9b774c198c7d6bd645373ba90a53a099481eecb4,2024-09,South Wales Police,South Wales Police,-3.266422,51.403385,On or near Fryatt Street,W01001073,Vale of Glamorgan 015E,Other theft,Unable to prosecute suspect,
d6171f449bded6ada89543d9cf68b2a56831b41b68b012330ba599d6f37f081b,2024-09,South Wales Police,South Wales Police,-3.266422,51.403385,On or near Fryatt Street,W01001073,Vale of Glamorgan 015E,Other theft,Under investigation,
dd1f37d96d39a43b671f04122717d52f03eb89563679165a015a560870e252b2,2024-09,South Wales Police,South Wales Police,-3.254186,51.410162,On or near Hunt Place,W01001073,Vale of Glamorgan 015E,Other theft,Under investigation,
c325e7bb69bc8ebfb2cbe405a12089414861636673eabfb47ab36e63f3f8eb2e,2024-09,South Wales Police,South Wales Police,-3.266422,51.403385,On or near Fryatt Street,W01001073,Vale of Glamorgan 015E,Public order,Investigation complete; no suspect identified,
c88beb5e2a90dbec1077a0d1f6a3bc0558dae56bb5b80cc35ac9832538ec22ec,2024-09,South Wales Police,South Wales Police,-3.266422,51.403385,On or near Fryatt Street,W01001073,Vale of Glamorgan 015E,Public order,Investigation complete; no suspect identified,
6ba734a7b0941360cdac42ad03caf4e144e92520cb95c78fcb2bcfe8333477ae,2024-09,South Wales Police,South Wales Police,-3.266422,51.403385,On or near Fryatt Street,W01001073,Vale of Glamorgan 015E,Public order,Unable to prosecute suspect,
558a197105cbba011547d25f7df69ebc1205082f457ac7adfd4c3b98fa9b5f87,2024-09,South Wales Police,South Wales Police,-3.266422,51.403385,On or near Fryatt Street,W01001073,Vale of Glamorgan 015E,Public order,Under investigation,
be24b1eeac080eb76320d4d4f9cfee95a91d9ceb55a0223f9b6e6f0d469f5c92,2024-09,South Wales Police,South Wales Police,-3.266422,51.403385,On or near Fryatt Street,W01001073,Vale of Glamorgan 015E,Theft from the person,Investigation complete; no suspect identified,
f41a3397dec9e8a91a3f5ab733ea7a45ee94014b97b851b23dda9e774b79ca7a,2024-09,South Wales Police,South Wales Police,-3.261111,51.402624,On or near Barry Docks,W01001073,Vale of Glamorgan 015E,Vehicle crime,Investigation complete; no suspect identified,
8598f7bf0be3897c7e511e055a7b03b1a58720cf4162c0d72066b95e3ddb308d,2024-09,South Wales Police,South Wales Police,-3.261111,51.402624,On or near Barry Docks,W01001073,Vale of Glamorgan 015E,Violence and sexual offences,Under investigation,
62e31b8c08bd0a39d0102436d67ed0aa6a8ea577f1df67c1cb8058e625fb9542,2024-09,South Wales Police,South Wales Police,-3.264203,51.401620,On or near Subway Road,W01001073,Vale of Glamorgan 015E,Violence and sexual offences,Unable to prosecute suspect,
6fea8bd5343e9e6542835ed52840fbb6a09168b785ead52970b60d435ac73bca,2024-09,South Wales Police,South Wales Police,-3.261111,51.402624,On or near Barry Docks,W01001073,Vale of Glamorgan 015E,Violence and sexual offences,Unable to prosecute suspect,
1e638945fd83402c6747e392fce45bfeffabc6950995d7206adc6ec96eec5482,2024-09,South Wales Police,South Wales Police,-3.266422,51.403385,On or near Fryatt Street,W01001073,Vale of Glamorgan 015E,Violence and sexual offences,Unable to prosecute suspect,
d5764d6eedb1a914ce322dd3186da797dbd9ef33003dd25f7768c380244650c2,2024-09,South Wales Police,South Wales Police,-3.266422,51.403385,On or near Fryatt Street,W01001073,Vale of Glamorgan 015E,Violence and sexual offences,Unable to prosecute suspect,
6ee3cfcc4b067f10a0a966ba607b10f55b53b351c5bd3fb5f66d89f72a23b99b,2024-09,South Wales Police,South Wales Police,-3.260020,51.404246,On or near Dock View Road,W01001073,Vale of Glamorgan 015E,Violence and sexual offences,Unable to prosecute suspect,
f8f371644f409a623c7bf7bee4b8e5dbaf24ff80b3d46e62259e59f932cbc743,2024-09,South Wales Police,South Wales Police,-3.266422,51.403385,On or near Fryatt Street,W01001073,Vale of Glamorgan 015E,Violence and sexual offences,Unable to prosecute suspect,
7c2417e84da51d7d3afda43832a5839d80cd65565aea683a14b7abc5576a04cc,2024-09,South Wales Police,South Wales Police,-3.264107,51.400236,On or near Cei Dafydd,W01001073,Vale of Glamorgan 015E,Violence and sexual offences,Unable to prosecute suspect,
bd81d5d72c20239fc63d609a4285a2083f29d1428e570d628e4b77a2828ede91,2024-09,South Wales Police,South Wales Police,-3.266422,51.403385,On or near Fryatt Street,W01001073,Vale of Glamorgan 015E,Violence and sexual offences,Investigation complete; no suspect identified,
78e5a7f1e99ee212408e15843f42531ff2690b97d369fdeb156852e16e887168,2024-09,South Wales Police,South Wales Police,-3.255960,51.408758,On or near Hill Street,W01001073,Vale of Glamorgan 015E,Violence and sexual offences,Unable to prosecute suspect,
538b72fea71ec16734c33396ebf328204007027b607cf8644abddfd0beaffea1,2024-09,South Wales Police,South Wales Police,-3.268375,51.404326,On or near Merganser Court,W01001073,Vale of Glamorgan 015E,Violence and sexual offences,Unable to prosecute suspect,
f2db681fc634fa102dd7b2463be9b26d9a81cb6b3cf530aa40786a38d478c3a1,2024-09,South Wales Police,South Wales Police,-3.260040,51.397663,On or near Queens Way,W01001073,Vale of Glamorgan 015E,Violence and sexual offences,Unable to prosecute suspect,
ed5d503c8e73c4c07378544571c2fd870f4d8bc067688bcf4df7727b603f084d,2024-09,South Wales Police,South Wales Police,-3.265182,51.400620,On or near Ffordd Y Mileniwm,W01001073,Vale of Glamorgan 015E,Violence and sexual offences,Unable to prosecute suspect,
dfd5511a4c5f6c74119b51de1b51abe6fc88a2347ab333e56d88c1fe0bc7a02e,2024-09,South Wales Police,South Wales Police,-3.266422,51.403385,On or near Fryatt Street,W01001073,Vale of Glamorgan 015E,Violence and sexual offences,Unable to prosecute suspect,
,2024-09,South Wales Police,South Wales Police,-3.276474,51.395714,On or near Heol Tapscott,W01002040,Vale of Glamorgan 015F,Anti-social behaviour,,
,2024-09,South Wales Police,South Wales Police,-3.270207,51.396762,On or near Ffordd Pentre,W01002040,Vale of Glamorgan 015F,Anti-social behaviour,,
eaeac338f666b0d072068664e3fbe4b850593f8f9fc621bcf9d085a3c6b9c9c5,2024-09,South Wales Police,South Wales Police,-3.279451,51.394746,On or near Island View,W01002040,Vale of Glamorgan 015F,Criminal damage and arson,Investigation complete; no suspect identified,
215531d2f4dbbc47d327a314a8a0bc30c0c66fc8f62b3fdacc705ab0dea8725a,2024-09,South Wales Police,South Wales Police,-3.279451,51.394746,On or near Island View,W01002040,Vale of Glamorgan 015F,Public order,Under investigation,
503c3a5d7373ad2edc63de084a7236bfadafa2b55a12f1f2adae628f44b0aaa5,2024-09,South Wales Police,South Wales Police,-3.270207,51.396762,On or near Ffordd Pentre,W01002040,Vale of Glamorgan 015F,Public order,Unable to prosecute suspect,
308d974f8b5a141df29f00f4db65832d09ddd6c115afb2365b0efa8e96778fcf,2024-09,South Wales Police,South Wales Police,-3.277934,51.397562,On or near Supermarket,W01002040,Vale of Glamorgan 015F,Shoplifting,Suspect charged as part of another case,
acd75e56953a834cfc39949dfd2c67fe7a1c297fdcccd5fda3fd586d04b5ac64,2024-09,South Wales Police,South Wales Police,-3.277934,51.397562,On or near Supermarket,W01002040,Vale of Glamorgan 015F,Shoplifting,Awaiting court outcome,
edfbe72d8e0fa8c6ff42876f3b169f93bcf1cbc1487260c8953bb36540264bf8,2024-09,South Wales Police,South Wales Police,-3.277934,51.397562,On or near Supermarket,W01002040,Vale of Glamorgan 015F,Shoplifting,Further investigation is not in the public interest,
b47f1ceb222328014c62e261c6b1731188df11455b91823b3f0737b29478a623,2024-09,South Wales Police,South Wales Police,-3.277934,51.397562,On or near Supermarket,W01002040,Vale of Glamorgan 015F,Shoplifting,Further investigation is not in the public interest,
6df61d0192095be088edf7aea31c91930a05f5a4fa5cddacce0c29174f766757,2024-09,South Wales Police,South Wales Police,-3.277934,51.397562,On or near Supermarket,W01002040,Vale of Glamorgan 015F,Shoplifting,Suspect charged as part of another case,
a8315b734d83d33dbdb5fa203d21789f7ca3ede2f49a09c1e3f9537604827255,2024-09,South Wales Police,South Wales Police,-3.277934,51.397562,On or near Supermarket,W01002040,Vale of Glamorgan 015F,Shoplifting,Suspect charged as part of another case,
5789be4d57e0ced4471e840cf19870b7990b331f42f05c6d2a72a79a894aebcb,2024-09,South Wales Police,South Wales Police,-3.277934,51.397562,On or near Supermarket,W01002040,Vale of Glamorgan 015F,Shoplifting,Further investigation is not in the public interest,
5f528e6af1d052566bf03c208c66959a625284dc3dd55d5d812678b87ff4b534,2024-09,South Wales Police,South Wales Police,-3.277934,51.397562,On or near Supermarket,W01002040,Vale of Glamorgan 015F,Shoplifting,Awaiting court outcome,
35f6c621247200a938bafce4f0fa24d19bef8c3f3377cdb8e95d2caf3ceed384,2024-09,South Wales Police,South Wales Police,-3.279451,51.394746,On or near Island View,W01002040,Vale of Glamorgan 015F,Violence and sexual offences,Investigation complete; no suspect identified,
e51976043235db841ee3ed5e7236f3ca6702060acb6d3292e8f5e15b17146751,2024-09,South Wales Police,South Wales Police,-3.280865,51.396997,On or near Mariners Walk,W01002040,Vale of Glamorgan 015F,Violence and sexual offences,Unable to prosecute suspect,
,2024-09,South Wales Police,South Wales Police,-3.269281,51.394470,On or near Ivor Street,W01001998,Vale of Glamorgan 015G,Anti-social behaviour,,
,2024-09,South Wales Police,South Wales Police,-3.271756,51.396143,On or near Ffordd Y Dociau,W01001998,Vale of Glamorgan 015G,Anti-social behaviour,,
,2024-09,South Wales Police,South Wales Police,-3.276825,51.390773,On or near Paget Road,W01001998,Vale of Glamorgan 015G,Anti-social behaviour,,
635372bc2361005580f7cce1ae5eb81cc526509e71c847d4e2c088dfc17ece0c,2024-09,South Wales Police,South Wales Police,-3.267607,51.394767,On or near Clive Place,W01001998,Vale of Glamorgan 015G,Criminal damage and arson,Unable to prosecute suspect,
a69bfcd51ac784046c12e55e4e08a729dca64fb90b4835a58930efe1cc590a62,2024-09,South Wales Police,South Wales Police,-3.273961,51.394770,On or near Bromfield Road,W01001998,Vale of Glamorgan 015G,Public order,Unable to prosecute suspect,
378eae6deb191f4bdb43405670c2ea6deffa59af6fd71cea3a458994073a332d,2024-09,South Wales Police,South Wales Police,-3.278187,51.393240,On or near Clos Onnen,W01001998,Vale of Glamorgan 015G,Public order,Investigation complete; no suspect identified,
db2591857242c080bb935aa3cd8ca322f6500ca79290a33e88ab9a3d6d848489,2024-09,South Wales Police,South Wales Police,-3.275632,51.392342,On or near Barry Tourist Railway,W01001998,Vale of Glamorgan 015G,Public order,Unable to prosecute suspect,
e653e10248fc1d752073b635096577ecde24efeed9352bbc6f883e3ec7dd6f4f,2024-09,South Wales Police,South Wales Police,-3.266638,51.395074,On or near Dock Road,W01001998,Vale of Glamorgan 015G,Vehicle crime,Investigation complete; no suspect identified,
915839c130295c0841427b6fa03255863afddeb979b748a623e6873e616caaa2,2024-09,South Wales Police,South Wales Police,-3.265696,51.394275,On or near Redbrink Crescent,W01001998,Vale of Glamorgan 015G,Violence and sexual offences,Unable to prosecute suspect,
db79a34bc49efb451f9264e47cae8c673ab1c52b5c7cd075a010bb8d1a0e9403,2024-09,South Wales Police,South Wales Police,-3.269281,51.394470,On or near Ivor Street,W01001998,Vale of Glamorgan 015G,Violence and sexual offences,Unable to prosecute suspect,
e331c1f8eccdaa309e7b1cff698b8465403a137121b8d0bd5719618f23655438,2024-09,South Wales Police,South Wales Police,-3.278187,51.393240,On or near Clos Onnen,W01001998,Vale of Glamorgan 015G,Violence and sexual offences,Under investigation,
35aff9248c94052d81a8398e141d0d3c54b0d04344e3e23984307357f0ac1205,2024-09,South Wales Police,South Wales Police,-3.268619,51.391339,On or near Heol Eryr Mor,W01001998,Vale of Glamorgan 015G,Violence and sexual offences,Investigation complete; no suspect identified,
ec93e24718ffc2ef8bb4d0b626aa3f362a99cf88211b9f799a172d5acff907f3,2024-09,South Wales Police,South Wales Police,-3.272463,51.395713,On or near Clive Road,W01001998,Vale of Glamorgan 015G,Violence and sexual offences,Under investigation,
48d85b29b77f9eff9c9d1017abbd2612b1c989569aa1b4216a86f727fd7ba59f,2024-09,South Wales Police,South Wales Police,-3.275632,51.392342,On or near Barry Tourist Railway,W01001998,Vale of Glamorgan 015G,Violence and sexual offences,Investigation complete; no suspect identified,
e36f127bab7b632fc2077e5ac913f729a478f79d4b052bb210af108e7d9a726c,2024-09,South Wales Police,South Wales Police,-3.265431,51.393514,On or near Marquis Close,W01001998,Vale of Glamorgan 015G,Violence and sexual offences,Unable to prosecute suspect,
38276582dc228d9e2ab6851d666b75a36e2bbcf816cb0a6f4e672bf292a91b73,2024-09,South Wales Police,South Wales Police,-3.276825,51.390773,On or near Paget Road,W01001998,Vale of Glamorgan 015G,Violence and sexual offences,Unable to prosecute suspect,
868acaf714c6ccc8f4ff5ddfff7a4785f4101209a6d984e6318e7235546ef819,2024-09,South Wales Police,South Wales Police,-3.271756,51.396143,On or near Ffordd Y Dociau,W01001998,Vale of Glamorgan 015G,Violence and sexual offences,Unable to prosecute suspect,
dc99a72d06a7dd15d971a88f9a3802bf5144d96c541191e55ba7adabd4f58f17,2024-09,South Wales Police,South Wales Police,-3.268650,51.392454,On or near Heol Gylfinir,W01001998,Vale of Glamorgan 015G,Violence and sexual offences,Unable to prosecute suspect,
57175bd45f6ebcb61e24284b8a441ed101fdcb40d09514f08627f62ce9602ee2,2024-09,South Wales Police,South Wales Police,-0.251174,51.464530,On or near Arabella Drive,E01004575,Wandsworth 013C,Other crime,Unable to prosecute suspect,
,2024-09,South Wales Police,South Wales Police,,,No Location,,,Anti-social behaviour,,
,2024-09,South Wales Police,South Wales Police,,,No Location,,,Anti-social behaviour,,
,2024-09,South Wales Police,South Wales Police,,,No Location,,,Anti-social behaviour,,
,2024-09,South Wales Police,South Wales Police,,,No Location,,,Anti-social behaviour,,
,2024-09,South Wales Police,South Wales Police,,,No Location,,,Anti-social behaviour,,
,2024-09,South Wales Police,South Wales Police,,,No Location,,,Anti-social behaviour,,
,2024-09,South Wales Police,South Wales Police,,,No Location,,,Anti-social behaviour,,
,2024-09,South Wales Police,South Wales Police,,,No Location,,,Anti-social behaviour,,
,2024-09,South Wales Police,South Wales Police,,,No Location,,,Anti-social behaviour,,
,2024-09,South Wales Police,South Wales Police,,,No Location,,,Anti-social behaviour,,
,2024-09,South Wales Police,South Wales Police,,,No Location,,,Anti-social behaviour,,
,2024-09,South Wales Police,South Wales Police,,,No Location,,,Anti-social behaviour,,
,2024-09,South Wales Police,South Wales Police,,,No Location,,,Anti-social behaviour,,
,2024-09,South Wales Police,South Wales Police,,,No Location,,,Anti-social behaviour,,
,2024-09,South Wales Police,South Wales Police,,,No Location,,,Anti-social behaviour,,
,2024-09,South Wales Police,South Wales Police,,,No Location,,,Anti-social behaviour,,
,2024-09,South Wales Police,South Wales Police,,,No Location,,,Anti-social behaviour,,
,2024-09,South Wales Police,South Wales Police,,,No Location,,,Anti-social behaviour,,
,2024-09,South Wales Police,South Wales Police,,,No Location,,,Anti-social behaviour,,
,2024-09,South Wales Police,South Wales Police,,,No Location,,,Anti-social behaviour,,
,2024-09,South Wales Police,South Wales Police,,,No Location,,,Anti-social behaviour,,
,2024-09,South Wales Police,South Wales Police,,,No Location,,,Anti-social behaviour,,
,2024-09,South Wales Police,South Wales Police,,,No Location,,,Anti-social behaviour,,
,2024-09,South Wales Police,South Wales Police,,,No Location,,,Anti-social behaviour,,
,2024-09,South Wales Police,South Wales Police,,,No Location,,,Anti-social behaviour,,
,2024-09,South Wales Police,South Wales Police,,,No Location,,,Anti-social behaviour,,
,2024-09,South Wales Police,South Wales Police,,,No Location,,,Anti-social behaviour,,
,2024-09,South Wales Police,South Wales Police,,,No Location,,,Anti-social behaviour,,
,2024-09,South Wales Police,South Wales Police,,,No Location,,,Anti-social behaviour,,
,2024-09,South Wales Police,South Wales Police,,,No Location,,,Anti-social behaviour,,
,2024-09,South Wales Police,South Wales Police,,,No Location,,,Anti-social behaviour,,
,2024-09,South Wales Police,South Wales Police,,,No Location,,,Anti-social behaviour,,
,2024-09,South Wales Police,South Wales Police,,,No Location,,,Anti-social behaviour,,
,2024-09,South Wales Police,South Wales Police,,,No Location,,,Anti-social behaviour,,
,2024-09,South Wales Police,South Wales Police,,,No Location,,,Anti-social behaviour,,
1bc7097e94043a6ab919ba8c7433e95d3e229924020364b06883eb08b46cd1ec,2024-09,South Wales Police,South Wales Police,,,No Location,,,Bicycle theft,Investigation complete; no suspect identified,
ee4652cf54afc48bee931c7ffac28c606c3facfc59443b45cfcf5e9b7ae3e853,2024-09,South Wales Police,South Wales Police,,,No Location,,,Bicycle theft,Investigation complete; no suspect identified,
8a06571ceb4aadd5a319010913eff6f8364f0d39e190601d2c656530f04bfbb0,2024-09,South Wales Police,South Wales Police,,,No Location,,,Bicycle theft,Unable to prosecute suspect,
51fc8bdb1db5768039cb18057fad2ec5bfc12eebda2b7683c393b317c0e1c342,2024-09,South Wales Police,South Wales Police,,,No Location,,,Bicycle theft,Investigation complete; no suspect identified,
5b89ce127874d53d0a98f7bf7a06e38f0cbdf28adb5f7dae01d24d99b396980d,2024-09,South Wales Police,South Wales Police,,,No Location,,,Burglary,Investigation complete; no suspect identified,
ce162f64356f169637a4f4a3cebcd21f5356fa100fb2e60957eca43203e05fa4,2024-09,South Wales Police,South Wales Police,,,No Location,,,Burglary,Investigation complete; no suspect identified,
49008ee1fe8a4a5799ee946ee1638a0f5129aeddc916ced1171208f1a04636af,2024-09,South Wales Police,South Wales Police,,,No Location,,,Burglary,Investigation complete; no suspect identified,
02426b1774f20c2b6b81cfb4037261f888fbb9ec139be000963d6a3d2382d535,2024-09,South Wales Police,South Wales Police,,,No Location,,,Burglary,Unable to prosecute suspect,
9947dc3d4c24df0e2c460047db59448ba229afa8092b5d14b0089859d0aec90f,2024-09,South Wales Police,South Wales Police,,,No Location,,,Burglary,Investigation complete; no suspect identified,
cbe0bf89a3a2f9649faa65a4a1b136ee3964d34ef68958be36ff0b437456aeec,2024-09,South Wales Police,South Wales Police,,,No Location,,,Criminal damage and arson,Investigation complete; no suspect identified,
51ad5b55cd28ea9d202fcdafa87952410f4fc0b5a618fffb974e31f3f5a18d31,2024-09,South Wales Police,South Wales Police,,,No Location,,,Criminal damage and arson,Investigation complete; no suspect identified,
09b7046b10fd9d1b4108fd9537afdd3f0729cf2b5f2da642f3d4507b1392cd1d,2024-09,South Wales Police,South Wales Police,,,No Location,,,Criminal damage and arson,Under investigation,
fc59cf0d68e2a546476b2e177b8821a3645512080e95c253203910c902dc1093,2024-09,South Wales Police,South Wales Police,,,No Location,,,Criminal damage and arson,Investigation complete; no suspect identified,
a2f00fe095948c3a004d955a85a293f3911a30c043e16668a34a4fcec64baa1b,2024-09,South Wales Police,South Wales Police,,,No Location,,,Criminal damage and arson,Investigation complete; no suspect identified,
aa72d9f564a4adf77ea04c8093d656d50b191765774d3399ac2f16287c3d69cb,2024-09,South Wales Police,South Wales Police,,,No Location,,,Criminal damage and arson,Further investigation is not in the public interest,
ae8dbcd886f33c1c0787fc0a1822d1f75ce6ff5b4334816153ba37db8d9e71c9,2024-09,South Wales Police,South Wales Police,,,No Location,,,Criminal damage and arson,Unable to prosecute suspect,
825613a483456a7f98fac863aac2d8d7ca5460ed0632fa81c52be96541d83e14,2024-09,South Wales Police,South Wales Police,,,No Location,,,Criminal damage and arson,Under investigation,
093049e126589f99d62b336acdb9ce3b7f85feecf2333e74fe43864cb1f25ef3,2024-09,South Wales Police,South Wales Police,,,No Location,,,Criminal damage and arson,Investigation complete; no suspect identified,
72a39c152209c393f8565c653a42eb063890e00ab8734db882ac6315f017aec6,2024-09,South Wales Police,South Wales Police,,,No Location,,,Criminal damage and arson,Investigation complete; no suspect identified,
fdbde4f631d8954afd4f0cd46f5837a0e641528dc1c4457ab291d6292123062a,2024-09,South Wales Police,South Wales Police,,,No Location,,,Criminal damage and arson,Investigation complete; no suspect identified,
dbc91c29f8a054539fe2cbe4ca783ecfbc2fb842ee7d01e13b049b83a8fcec78,2024-09,South Wales Police,South Wales Police,,,No Location,,,Criminal damage and arson,Investigation complete; no suspect identified,
08217539094b87d598625c69856e09daf90a1dba5ba1ff393f3a327907ece65c,2024-09,South Wales Police,South Wales Police,,,No Location,,,Criminal damage and arson,Investigation complete; no suspect identified,
9a9eff1c4ea9747ef5f00c7cdb6558fd5442acf4cd4bd52ee449dcd1cda201ac,2024-09,South Wales Police,South Wales Police,,,No Location,,,Criminal damage and arson,Investigation complete; no suspect identified,
838c14077115cab25a2abf504741688b37289081d450ef5f72b52c3384b7357a,2024-09,South Wales Police,South Wales Police,,,No Location,,,Criminal damage and arson,Investigation complete; no suspect identified,
abde1293d6c12244d2884ef703686df8b4b3f6143bed64e168d74d66e2e75ad9,2024-09,South Wales Police,South Wales Police,,,No Location,,,Drugs,Local resolution,
74eb8b84de4b64bd248767252842e63628e97317d7374e7e6ec0be0a6ee5c775,2024-09,South Wales Police,South Wales Police,,,No Location,,,Drugs,Under investigation,
c89d209fa7f9a2a3934213d39bf2d72ad880b8795bd7366641032a18651de541,2024-09,South Wales Police,South Wales Police,,,No Location,,,Drugs,Local resolution,
c118f204e052bbd3e4bbee4f30937e4db3dd0a6bf69bc387e790019f2d136a67,2024-09,South Wales Police,South Wales Police,,,No Location,,,Drugs,Local resolution,
53f5f31cb877856d258e4e4e02f207562cbde3d93160b0fc23942cc09ad2ec42,2024-09,South Wales Police,South Wales Police,,,No Location,,,Drugs,Under investigation,
d57223b9ec5de5761c58063464bd44db4499e36ba84ccb2659b24ddb0a17ddbc,2024-09,South Wales Police,South Wales Police,,,No Location,,,Drugs,Further investigation is not in the public interest,
bf8879d6efdfdc549cdc69c108ea9ff5572111976c70958f7a01fd0672e8c37b,2024-09,South Wales Police,South Wales Police,,,No Location,,,Drugs,Offender given a caution,
7efa505a17fc30c61fca4cad1839ba65363d49ee84456fdbfabaf43ed30f3971,2024-09,South Wales Police,South Wales Police,,,No Location,,,Other theft,Investigation complete; no suspect identified,
7b11d11555307a7a7906fe72828c6527383ae114d9fa923ea4ea7af16b300cb0,2024-09,South Wales Police,South Wales Police,,,No Location,,,Other theft,Investigation complete; no suspect identified,
d17b71a45f5dd84ddfd8b95c2ae7b219b4432dd05d92046f90e239509f469915,2024-09,South Wales Police,South Wales Police,,,No Location,,,Other theft,Unable to prosecute suspect,
3b2f31887d47958139148fa58489df1db89b037d94272a739f8c90d18b871c0b,2024-09,South Wales Police,South Wales Police,,,No Location,,,Other theft,Investigation complete; no suspect identified,
80817a1b76e5f5c6121e5f7be8770c2ad0da9bdb56995324120a2915a02c20bc,2024-09,South Wales Police,South Wales Police,,,No Location,,,Other theft,Investigation complete; no suspect identified,
f66dccfa440e70a37b4e821c05bb12c049db9097defd87f1361729ef0b5566dc,2024-09,South Wales Police,South Wales Police,,,No Location,,,Other theft,Investigation complete; no suspect identified,
5958998a39c10d631fc79d2a74f85805042fbd65811cf5baf95c7f4f188b0838,2024-09,South Wales Police,South Wales Police,,,No Location,,,Other theft,Investigation complete; no suspect identified,
071fefa9fdbc72984e7b19a7e71f8c6198fc3a9c4f975b8a9b1f3e22e79612c9,2024-09,South Wales Police,South Wales Police,,,No Location,,,Other theft,Investigation complete; no suspect identified,
4b71315357cff8a32999a1881cdf98bbaf70162fa37c13cb3e40c5cbcf9566a9,2024-09,South Wales Police,South Wales Police,,,No Location,,,Other theft,Investigation complete; no suspect identified,
30978ffaff96b4d56db14f0c6e86c620cb0f83fd0e59d69ad5a122905aabd803,2024-09,South Wales Police,South Wales Police,,,No Location,,,Other theft,Investigation complete; no suspect identified,
040b2187977f8a8b0b38e772571ca61ba0b8cd470808dbdeace573aa5e983193,2024-09,South Wales Police,South Wales Police,,,No Location,,,Other theft,Unable to prosecute suspect,
d2fcfde5a2619d5b224ea2607501a16b6856237e8709c38d79543949b2fa26ce,2024-09,South Wales Police,South Wales Police,,,No Location,,,Other theft,Investigation complete; no suspect identified,
4b44cf55b8bc00033eb7606a60916579b53e938aeb2e339e6ac2fb0d373f4f2a,2024-09,South Wales Police,South Wales Police,,,No Location,,,Possession of weapons,Awaiting court outcome,
9e3848939302dda189c08db42ebe2e6a8a8338e08760c9bb1af4f112d5a28331,2024-09,South Wales Police,South Wales Police,,,No Location,,,Public order,Investigation complete; no suspect identified,
1a4a57b337c3f034a0549dcea3973b8e43c811d5ce8214764f5b78d695339f30,2024-09,South Wales Police,South Wales Police,,,No Location,,,Public order,Under investigation,
8b2dce6763d7516d081c02c51de0f19fff2464254b755e5a8b943e6e5623ea33,2024-09,South Wales Police,South Wales Police,,,No Location,,,Public order,Under investigation,
cc6cc7717302034800422605a915cc05e7cf349b948ae8fc105992bcf032ffed,2024-09,South Wales Police,South Wales Police,,,No Location,,,Public order,Under investigation,
eea316e9338ec0b6cb2262fb80a19407cdb9e8818f5c3d43340d641675c71353,2024-09,South Wales Police,South Wales Police,,,No Location,,,Public order,Awaiting court outcome,
d55b3c0a904a4d7ca1681d61c3596c19b75b2d2ba129fc9e63e8b356e6444287,2024-09,South Wales Police,South Wales Police,,,No Location,,,Public order,Unable to prosecute suspect,
f6bfadcc4693a53eb507c5c3940c186d8c4787ddeb0828696424975867cfd892,2024-09,South Wales Police,South Wales Police,,,No Location,,,Public order,Unable to prosecute suspect,
119de799dd7676fdee428886e3512c960bac2377ede02257ce183f4a396afc8f,2024-09,South Wales Police,South Wales Police,,,No Location,,,Public order,Under investigation,
f3e33f67d984724659c881eb3a68e3aabf6165327673f4fa58d90716a9d79a06,2024-09,South Wales Police,South Wales Police,,,No Location,,,Public order,Unable to prosecute suspect,
21cff953d52ac08acdfd11e00f7c2eb1ead8cac3ee5220eb312e3462b7b908fb,2024-09,South Wales Police,South Wales Police,,,No Location,,,Public order,Local resolution,
96d815c9f9c0a3d36a1f9647bc7ee9d63081bb0d53ce35a85c5be03471f18aec,2024-09,South Wales Police,South Wales Police,,,No Location,,,Public order,Investigation complete; no suspect identified,
29f23cd59b721af296dbfcebd14f1e0a7cd6361e29a30cd0d30339e642b293ad,2024-09,South Wales Police,South Wales Police,,,No Location,,,Public order,Investigation complete; no suspect identified,
83efd9176f371c9c3e79e80cca9f58aaa5a3e23ba7c875a635929f4f39ef7971,2024-09,South Wales Police,South Wales Police,,,No Location,,,Public order,Unable to prosecute suspect,
daf3175f7d09dcf39c9e767de83da7e7e38ddf04ae967965ec00de87f82de056,2024-09,South Wales Police,South Wales Police,,,No Location,,,Public order,Under investigation,
21312aab178a927d809c5ab12099899ffc2e6bc9a0efdfdb5fa665d4d30cb7f5,2024-09,South Wales Police,South Wales Police,,,No Location,,,Public order,Investigation complete; no suspect identified,
1c387d9aa92c3c21a6348f70bb21e9652651986b6ee1bcf64c71ea389ce451bd,2024-09,South Wales Police,South Wales Police,,,No Location,,,Public order,Investigation complete; no suspect identified,
6e5861049d8a50732064f861ed8ae1f5d469b372d6a0492416c726cbbda3a1a6,2024-09,South Wales Police,South Wales Police,,,No Location,,,Public order,Investigation complete; no suspect identified,
761e424a72c871cc08943f11429885183297c223e91c8c4d6ab5fb7f2657f4c0,2024-09,South Wales Police,South Wales Police,,,No Location,,,Public order,Investigation complete; no suspect identified,
ca96e7939a97a3c61505bd8b10e1c9a4a3e27f9f1fe29ae5f62cb64d7f3a629b,2024-09,South Wales Police,South Wales Police,,,No Location,,,Public order,Unable to prosecute suspect,
5dd6f3ff0fa0bc40204d385d4c3be4c38382d289475d4849b93391fd0472b981,2024-09,South Wales Police,South Wales Police,,,No Location,,,Public order,Unable to prosecute suspect,
e43128ea1bff49a641a5687dfa3fc47ed039551826970b6ab8997217fa3dcef4,2024-09,South Wales Police,South Wales Police,,,No Location,,,Public order,Investigation complete; no suspect identified,
a432e786b3de662f4f77aaa07c7cce017e4c3a988f1fc53ebf65af919bb446e5,2024-09,South Wales Police,South Wales Police,,,No Location,,,Shoplifting,Investigation complete; no suspect identified,
997d29833cef904d34c8e4b176c460484444e3f89a619f876b312547fc2b6438,2024-09,South Wales Police,South Wales Police,,,No Location,,,Shoplifting,Investigation complete; no suspect identified,
f0cea55aee94a83c46f818dee13884968455e2275d0027483c9e4d673c4a8e8b,2024-09,South Wales Police,South Wales Police,,,No Location,,,Shoplifting,Awaiting court outcome,
8d66fff03a87e5591001dc3c01e7b640eff20f52a1ef2a8600c6667bd11d63fc,2024-09,South Wales Police,South Wales Police,,,No Location,,,Shoplifting,Investigation complete; no suspect identified,
13e6e913e070e793a851cf34ce60d9ae0aa28a89c7611af880665eb404df91d4,2024-09,South Wales Police,South Wales Police,,,No Location,,,Shoplifting,Investigation complete; no suspect identified,
4fd98cd341742a75ed23f66f4f6b4130f9b16829546480596a75b523401fa5c4,2024-09,South Wales Police,South Wales Police,,,No Location,,,Shoplifting,Investigation complete; no suspect identified,
cdfb1b1f1a9cb714a09179461363fd8f4fdf29fa0939b45bc04fded35c4101b8,2024-09,South Wales Police,South Wales Police,,,No Location,,,Shoplifting,Awaiting court outcome,
13615bd834414bee4c08e95ffe453ec247e9ba22f1a4483502bb5ab22b641581,2024-09,South Wales Police,South Wales Police,,,No Location,,,Shoplifting,Investigation complete; no suspect identified,
66347aa481e2aa66efad17101273c0ac45ed72609c5e40dabae2fc0210dc9ec0,2024-09,South Wales Police,South Wales Police,,,No Location,,,Shoplifting,Investigation complete; no suspect identified,
00d31d2c9af07fad1c78666e664527071c24d0193fe40b6dbde9d6fbdec6ff01,2024-09,South Wales Police,South Wales Police,,,No Location,,,Shoplifting,Awaiting court outcome,
d87cabdf8062459ac66b0fe356e4acf749bdbe25d399302cb6b1f94f57217938,2024-09,South Wales Police,South Wales Police,,,No Location,,,Shoplifting,Unable to prosecute suspect,
144b109a695922071885e54e7936a6d7f016dfe8fa04290e96d26454ab63d883,2024-09,South Wales Police,South Wales Police,,,No Location,,,Shoplifting,Investigation complete; no suspect identified,
aa9c53b4ea947feaad8b4d9cd1c5b8e3831595a57e435ede1ba8d23b6b52b83c,2024-09,South Wales Police,South Wales Police,,,No Location,,,Shoplifting,Offender given penalty notice,
0e3355338dd009f9e2e8732d48e0c55e0b3ac32aee21a489b1c7b8d8223462b5,2024-09,South Wales Police,South Wales Police,,,No Location,,,Shoplifting,Investigation complete; no suspect identified,
6664503a4c578aa52662da5a1ab879b1d981121fafa439caccb7107c5410f71e,2024-09,South Wales Police,South Wales Police,,,No Location,,,Shoplifting,Investigation complete; no suspect identified,
46eeb530c783a4ad35381952dcd13a053bd991f6372d68404aa5f7402ed664e9,2024-09,South Wales Police,South Wales Police,,,No Location,,,Shoplifting,Investigation complete; no suspect identified,
ba14765484f3dffec104e335c7a92528826d05d25f7b471aeef3b9caa00f7b14,2024-09,South Wales Police,South Wales Police,,,No Location,,,Shoplifting,Investigation complete; no suspect identified,
8939667357617a001ad1fbd06832301cfb170c2e20171e840ca9970a06f474f9,2024-09,South Wales Police,South Wales Police,,,No Location,,,Shoplifting,Investigation complete; no suspect identified,
acf5ca687320de3d8b569c44a8130865d4ba709048e5aacab1f272cd2800b317,2024-09,South Wales Police,South Wales Police,,,No Location,,,Shoplifting,Under investigation,
4a3aab21424036d5cf0e22e1be006a0d2f6338d4c5ef43009a99236468d4c73d,2024-09,South Wales Police,South Wales Police,,,No Location,,,Shoplifting,Investigation complete; no suspect identified,
a07ed99a2a3bbd324b9cf467e06753fb6e8693020a2bdb4117e6dbecd99d49b8,2024-09,South Wales Police,South Wales Police,,,No Location,,,Shoplifting,Investigation complete; no suspect identified,
65cbe792cd7478ecdf39140e909293e664d33e701a838e178a47cc822720f08f,2024-09,South Wales Police,South Wales Police,,,No Location,,,Shoplifting,Investigation complete; no suspect identified,
ba595f6551d4e45531e43fce0c45d618402487e5bc26c20cce4ac0a3f65f37e5,2024-09,South Wales Police,South Wales Police,,,No Location,,,Shoplifting,Investigation complete; no suspect identified,
09197d279fc59772fd269a367115f44a5cd4063a52e318463196e8bad7e9c390,2024-09,South Wales Police,South Wales Police,,,No Location,,,Shoplifting,Awaiting court outcome,
0c30f74721b5ac0e1ae1fe8ffc3b112e0b425428c5b402b35efeae5db3db4f1f,2024-09,South Wales Police,South Wales Police,,,No Location,,,Shoplifting,Under investigation,
2e125b9dde2a9126a6dd5caa85c3d8117ab98981716cddc75b8714669141b5c4,2024-09,South Wales Police,South Wales Police,,,No Location,,,Shoplifting,Awaiting court outcome,
cf0a03294b63806a67530ec293aa08b1d34347fd8ac92f0331f2faa990700d07,2024-09,South Wales Police,South Wales Police,,,No Location,,,Shoplifting,Awaiting court outcome,
5f7ab1ee7a108b6ae8bcc29557652ed54e148c191bfe62507adecdc5c68a1de2,2024-09,South Wales Police,South Wales Police,,,No Location,,,Shoplifting,Investigation complete; no suspect identified,
0ca926d431fcf67598c3e45a9f7a08f068e9bb67351cec4b77fd058d9b7e9836,2024-09,South Wales Police,South Wales Police,,,No Location,,,Shoplifting,Investigation complete; no suspect identified,
fcf374aff383f8a3b1fceb87843c1a63f103c039738b156d45a3ad6f249fa3ad,2024-09,South Wales Police,South Wales Police,,,No Location,,,Shoplifting,Unable to prosecute suspect,
44b24321bb86cfeb20f2842641c41267ab5ab5a19a1612e42d67cba9b6055663,2024-09,South Wales Police,South Wales Police,,,No Location,,,Shoplifting,Investigation complete; no suspect identified,
b7b09da929f9f403c6170179d05f87b1248cbf2c71cb7f6908c76e15b2aeb42a,2024-09,South Wales Police,South Wales Police,,,No Location,,,Shoplifting,Investigation complete; no suspect identified,
b46134693f070210b0b7deaf5a6f4405647c0c04a35cc70aead9dbee40648d0f,2024-09,South Wales Police,South Wales Police,,,No Location,,,Shoplifting,Investigation complete; no suspect identified,
7c40d60f77b6052fc1921e0b36f2d2c58008610c5afd9dfeb7423d50ebeca185,2024-09,South Wales Police,South Wales Police,,,No Location,,,Shoplifting,Unable to prosecute suspect,
3a531e0ace580aedbed749c7c3c643f4a7545bd290a250d44f9c62c218a0f829,2024-09,South Wales Police,South Wales Police,,,No Location,,,Shoplifting,Investigation complete; no suspect identified,
f530298f6e38817f6affff1b0401a2c4fc28d758b5005c789a25ef9ef25682b8,2024-09,South Wales Police,South Wales Police,,,No Location,,,Shoplifting,Investigation complete; no suspect identified,
129bf73d128b7e2d36160a75dfe9f942f8990e793d1209907c3883182facf6ee,2024-09,South Wales Police,South Wales Police,,,No Location,,,Shoplifting,Investigation complete; no suspect identified,
e7f01a5e6dca2a3af497df888650b2ba572f6c49295a09382d4046ac1eef8175,2024-09,South Wales Police,South Wales Police,,,No Location,,,Shoplifting,Investigation complete; no suspect identified,
ba19ab2ade780bf1dc0feead33f786572ba9a72bc003020d9599a92a3e6b34f9,2024-09,South Wales Police,South Wales Police,,,No Location,,,Shoplifting,Unable to prosecute suspect,
7e895b3b51c65296e08fc4dfb5578da21aa0bc41cc688726c1b868c98ffa364d,2024-09,South Wales Police,South Wales Police,,,No Location,,,Shoplifting,Investigation complete; no suspect identified,
1c351e347a9437e14a3e73c0a12fa0409a12905564590dec4f193ebdc9ac15c5,2024-09,South Wales Police,South Wales Police,,,No Location,,,Shoplifting,Unable to prosecute suspect,
e3fa0e56491aece1a80256373c309c0c55eb2ef19707e25b442bbd459acb0129,2024-09,South Wales Police,South Wales Police,,,No Location,,,Shoplifting,Investigation complete; no suspect identified,
86fc24dce5aa5ddb7d1dd773febc6da25c089a598fc8f9128f814337a9bbf603,2024-09,South Wales Police,South Wales Police,,,No Location,,,Shoplifting,Investigation complete; no suspect identified,
78fe974c611ca0bfd153ba8da085df01841870f8810a9b179b3e0c70f152f372,2024-09,South Wales Police,South Wales Police,,,No Location,,,Shoplifting,Investigation complete; no suspect identified,
58c16419b5ad0d53bd2cdd57d3d6a0d1f18591004fabbeef6515632a6bef305d,2024-09,South Wales Police,South Wales Police,,,No Location,,,Shoplifting,Investigation complete; no suspect identified,
6422c9a27596983449f13f5b94c07e3f41cc5256b0af4b7baaa723e962be7de0,2024-09,South Wales Police,South Wales Police,,,No Location,,,Theft from the person,Under investigation,
1dc48ada94be66a7b201b262f7167c61374f78f77fdaf4e89b0f7623e4757a83,2024-09,South Wales Police,South Wales Police,,,No Location,,,Theft from the person,Under investigation,
1760d2361573679ba45fa0c8daa491765d422ad21714cb1aaa6960a5f4c81cde,2024-09,South Wales Police,South Wales Police,,,No Location,,,Vehicle crime,Unable to prosecute suspect,
77171eae7b80d9e41bf30102a2a8fb64c27a22c76c0bdd520e8159f71c49b01c,2024-09,South Wales Police,South Wales Police,,,No Location,,,Vehicle crime,Investigation complete; no suspect identified,
104b7bce0ff57b6c6cda830bf1b29cb944479db7d1412f5bdcd87f64727106ea,2024-09,South Wales Police,South Wales Police,,,No Location,,,Vehicle crime,Investigation complete; no suspect identified,
346d861695bd1d56b31a15210bc57da48f4d5c451f0f0334a1e88d4c60ae47b2,2024-09,South Wales Police,South Wales Police,,,No Location,,,Vehicle crime,Under investigation,
c760ff0046f9c0bed67ef56d23da5089671b2bf8363ac6ae689194110464a501,2024-09,South Wales Police,South Wales Police,,,No Location,,,Vehicle crime,Under investigation,
dbbe0e2e438380ffb0fdb1f1884b8deb612439c31e4facac8f183c2ecf60ae16,2024-09,South Wales Police,South Wales Police,,,No Location,,,Vehicle crime,Unable to prosecute suspect,
fa70f52acfd8b80e3841d1399146e294bf2243bb5ba6f6994aac31a994bb4f1a,2024-09,South Wales Police,South Wales Police,,,No Location,,,Vehicle crime,Investigation complete; no suspect identified,
4a17ae083b9082b32a936ba6d052a2a07c8d8dbbae6d297169d1bdcf2bafbb8b,2024-09,South Wales Police,South Wales Police,,,No Location,,,Violence and sexual offences,Investigation complete; no suspect identified,
306e4e7e342a76738b882252b51f880ae797f885c88fe1c468214d0e2e88dbae,2024-09,South Wales Police,South Wales Police,,,No Location,,,Violence and sexual offences,Local resolution,
1d3f3ec31e0169bab6bd0dc1c3b1a233b77d46e9ff5cac4f74959cfa39ce9e08,2024-09,South Wales Police,South Wales Police,,,No Location,,,Violence and sexual offences,Investigation complete; no suspect identified,
84a9105c4df8ff722a2ded4b3717473b0435b943292c11981a3438d60764a9b0,2024-09,South Wales Police,South Wales Police,,,No Location,,,Violence and sexual offences,Unable to prosecute suspect,
0072820bd55c6da39b6c252cb85aed0bbf3228c0e25a32b9d696c98ff32d2767,2024-09,South Wales Police,South Wales Police,,,No Location,,,Violence and sexual offences,Investigation complete; no suspect identified,
caeee824ae32b2d2451aa7f15fe710b3789e4ed26ce1312ccc5bf783086c5604,2024-09,South Wales Police,South Wales Police,,,No Location,,,Violence and sexual offences,Unable to prosecute suspect,
32b80c7f0833de78980554cd430becac369d2111a45551207434f1d905f68b8f,2024-09,South Wales Police,South Wales Police,,,No Location,,,Violence and sexual offences,Unable to prosecute suspect,
6ad967c197fdf000ec5e20047dc3c5b2169b57b3b5d7a19fe85efb9a7a808564,2024-09,South Wales Police,South Wales Police,,,No Location,,,Violence and sexual offences,Unable to prosecute suspect,
56b8e19c6f076ac764212ee8bccfcb19c919650650f6b4ff7751e7b0f77dd08c,2024-09,South Wales Police,South Wales Police,,,No Location,,,Violence and sexual offences,Under investigation,
df06e7eae5c641571081db1d3f7e886e522f2d96566680d5e0d13d80c0fc5436,2024-09,South Wales Police,South Wales Police,,,No Location,,,Violence and sexual offences,Investigation complete; no suspect identified,
ee2cfa3b185a3155ea989d43af896983662d0bd02ce3608f31b1ee42c320820f,2024-09,South Wales Police,South Wales Police,,,No Location,,,Violence and sexual offences,Investigation complete; no suspect identified,
6a6b639706e03b0f0d971e71523639c5f7a451275681a5102b7e4297172972da,2024-09,South Wales Police,South Wales Police,,,No Location,,,Violence and sexual offences,Unable to prosecute suspect,
5d01085bcb700f2185f0bb70f9be67d67b39a716339068fd1cb68fd6bb511c42,2024-09,South Wales Police,South Wales Police,,,No Location,,,Violence and sexual offences,Under investigation,
d96d0adbffc8949bd0387809b28a216d1416ba66294005bda9478dd498dba8d1,2024-09,South Wales Police,South Wales Police,,,No Location,,,Violence and sexual offences,Under investigation,
206187a7ae804f0f97ac30af3fd747acfcbe3e6b4e9a52afeea78d2d089d8326,2024-09,South Wales Police,South Wales Police,,,No Location,,,Violence and sexual offences,Investigation complete; no suspect identified,
a88f3993f18c9b362f2396d4f352948759ea80d7dda1033de6b5d6fabde6b53f,2024-09,South Wales Police,South Wales Police,,,No Location,,,Violence and sexual offences,Under investigation,
71fd12c6e784e7364c632b77b4ed2cc71dc1f4f983881c63d1b01d97cf1d2a3e,2024-09,South Wales Police,South Wales Police,,,No Location,,,Violence and sexual offences,Under investigation,
fb0cda2892badd5cfff96c721acf45d6fe5ede276494f45404fe9a97d26d3b97,2024-09,South Wales Police,South Wales Police,,,No Location,,,Violence and sexual offences,Unable to prosecute suspect,
703b042f25824bb11f0b467e7d0fc906b02b56bb697c825f65e8f20c991ad4eb,2024-09,South Wales Police,South Wales Police,,,No Location,,,Violence and sexual offences,Under investigation,
d0e07ea975bfcd9c95b1e8297c1f6002a7bdeb5009c706a4f8d24676fa6e7155,2024-09,South Wales Police,South Wales Police,,,No Location,,,Violence and sexual offences,Investigation complete; no suspect identified,
0f9830c51eab3125bf1658584d8fd0cc3ae4a648b91ddf2a243c9918783458f8,2024-09,South Wales Police,South Wales Police,,,No Location,,,Violence and sexual offences,Unable to prosecute suspect,
a9d2f92243910f0905920a58a98e575d819987ea11689f5000cc7cc0cda45ad9,2024-09,South Wales Police,South Wales Police,,,No Location,,,Violence and sexual offences,Unable to prosecute suspect,
0b6e14223fa583e0763eb1a910351da0ec281b410e8736a4bf6f0624c6e6b8a0,2024-09,South Wales Police,South Wales Police,,,No Location,,,Violence and sexual offences,Unable to prosecute suspect,
b7842af518dbf12d380c8f360649f06979fe35927c81a1c26edb71689b3fce42,2024-09,South Wales Police,South Wales Police,,,No Location,,,Violence and sexual offences,Unable to prosecute suspect,
bb091e6b2b59c45554c05308eaaf1f16b4ceea3f20e97da79deffe4307df7179,2024-09,South Wales Police,South Wales Police,,,No Location,,,Violence and sexual offences,Investigation complete; no suspect identified,
69bba37c232b0adbb282fc471f76f9b1f543e2223e64c808e9e81a882923e8c9,2024-09,South Wales Police,South Wales Police,,,No Location,,,Violence and sexual offences,Awaiting court outcome,
5ab29db7b5a9f6659afdbafaf84eea01f30ef8ad67b68ef8d48fd544d7681a80,2024-09,South Wales Police,South Wales Police,,,No Location,,,Violence and sexual offences,Under investigation,
a855a171f60278268b9e814c46015766e68bcad7660bd3513b23407007edb621,2024-09,South Wales Police,South Wales Police,,,No Location,,,Violence and sexual offences,Unable to prosecute suspect,
910df3f82449d1c9c2156a1941ea1cb6ea783bdff82349eb342cb967da4a5efe,2024-09,South Wales Police,South Wales Police,,,No Location,,,Violence and sexual offences,Unable to prosecute suspect,
8a67c45776c490e78af14eef24d72c7bb55a616ac764b9abf213c42dcd73c0b1,2024-09,South Wales Police,South Wales Police,,,No Location,,,Violence and sexual offences,Unable to prosecute suspect,
11020d3c510cc87a1932af2e1c390ae8fffc5c61800b10fdd8f83d28d0b045e9,2024-09,South Wales Police,South Wales Police,,,No Location,,,Violence and sexual offences,Under investigation,
6280202ec73dba7d9d72bee78bfcd7ee7aeff21c76b2b6488739b07b1b199703,2024-09,South Wales Police,South Wales Police,,,No Location,,,Violence and sexual offences,Under investigation,
4fe200b849102710a299d3210fe75be86fd9c43f8db8aa994a3b3bcdd2f340e1,2024-09,South Wales Police,South Wales Police,,,No Location,,,Violence and sexual offences,Investigation complete; no suspect identified,
1929cef355390f5c085425505c7e8fc84e07242b439cb442af950558abd2bf9e,2024-09,South Wales Police,South Wales Police,,,No Location,,,Violence and sexual offences,Unable to prosecute suspect,
e81091df996772bed9122771f779dcdc407dc247d41c50d3c77769b5d0e74682,2024-09,South Wales Police,South Wales Police,,,No Location,,,Violence and sexual offences,Unable to prosecute suspect,
79b9f744cd128890e5f3163d0e159f097ff52411b7a863cdbd79d02719d44473,2024-09,South Wales Police,South Wales Police,,,No Location,,,Violence and sexual offences,Unable to prosecute suspect,
12e964b59c2cdc46c7f38d963204a284a591b32d472dbfd3a069816e18890720,2024-09,South Wales Police,South Wales Police,,,No Location,,,Violence and sexual offences,Awaiting court outcome,
d4f66802ec7637bbe4d58a1b787cfaab4ffdf87832aacd345ef71fcd2e335202,2024-09,South Wales Police,South Wales Police,,,No Location,,,Violence and sexual offences,Unable to prosecute suspect,
32b88648f15cbb247786dc8db151585db768fbe81b075f0fa2473fce3e160443,2024-09,South Wales Police,South Wales Police,,,No Location,,,Violence and sexual offences,Investigation complete; no suspect identified,
0775bd807224cf1fca0eafd831c431c097938547a7f0d9b3855ee6ee0d527ab0,2024-09,South Wales Police,South Wales Police,,,No Location,,,Violence and sexual offences,Formal action is not in the public interest,
3359d9047cd78258aa62a76907da57723f34d9fe700479008bb3c98829578da5,2024-09,South Wales Police,South Wales Police,,,No Location,,,Violence and sexual offences,Local resolution,
01f7948c12603816e730bd0b17052edb042cc319cddb8708b0fec5dadd0676ee,2024-09,South Wales Police,South Wales Police,,,No Location,,,Violence and sexual offences,Unable to prosecute suspect,
51a6141ff30f3a6c12179d5ba61aa218ef5ede6c7a8e29fcda7c0e07bba3fe03,2024-09,South Wales Police,South Wales Police,,,No Location,,,Violence and sexual offences,Unable to prosecute suspect,
0417980aa86eddeaa21c33469c1f160a8a48b8ecd85ba330f76ca55a5e2555bd,2024-09,South Wales Police,South Wales Police,,,No Location,,,Violence and sexual offences,Unable to prosecute suspect,
28caba7b4e6b083315293b9914cb0c0af6943ecb2bdceafc1f3391f87e0ef7a7,2024-09,South Wales Police,South Wales Police,,,No Location,,,Violence and sexual offences,Investigation complete; no suspect identified,
2876599814f648ade75f843bcd689117a8573c3846565d6ca8a7f3b86d4cc2fb,2024-09,South Wales Police,South Wales Police,,,No Location,,,Violence and sexual offences,Unable to prosecute suspect,
24da8a39ee4f80709dcf6388bf93c2041056f1aad628b669d59d689c6a2c5a3d,2024-09,South Wales Police,South Wales Police,,,No Location,,,Violence and sexual offences,Unable to prosecute suspect,
4f32aa44a35a362c7cf68b8fba6f5b68cb368ff0a66e39b6ba64c9ec84708ff4,2024-09,South Wales Police,South Wales Police,,,No Location,,,Violence and sexual offences,Unable to prosecute suspect,
ebc08147c26b61fa5e5fcbb9ad476853176cc716cc517eef9c9b97e3f2f8caa7,2024-09,South Wales Police,South Wales Police,,,No Location,,,Violence and sexual offences,Unable to prosecute suspect,
a15a27bdb0d845367328bcfb91a9dc1c1af441bcfccdc25dc6aca149362bad0c,2024-09,South Wales Police,South Wales Police,,,No Location,,,Violence and sexual offences,Under investigation,
26990f56245df78f7b1b71bd1f2e98184da1b6a39d14562107859172a6760eb3,2024-09,South Wales Police,South Wales Police,,,No Location,,,Violence and sexual offences,Unable to prosecute suspect,
181331493fa7433f831659e9366eb66a91f6797c1d462bf2f2622d3d022e0754,2024-09,South Wales Police,South Wales Police,,,No Location,,,Violence and sexual offences,Under investigation,
168dd341e22c87e13946eb396c40f5e0357862b42c1d78e728e7aed248106361,2024-09,South Wales Police,South Wales Police,,,No Location,,,Violence and sexual offences,Unable to prosecute suspect,
0a1f557a6b3b6deb54a52bd90e38a838afb05670f8e3be9ed1b172d8e9837a23,2024-09,South Wales Police,South Wales Police,,,No Location,,,Violence and sexual offences,Unable to prosecute suspect,
c50a80d6fdd428782ed17e268b37802b0db49f006f89a820a0eb623e2fed7f94,2024-09,South Wales Police,South Wales Police,,,No Location,,,Violence and sexual offences,Unable to prosecute suspect,
ec493e4a1609f9555372797c923182bbde8d24776c1f10aa95637026e50feb74,2024-09,South Wales Police,South Wales Police,,,No Location,,,Violence and sexual offences,Unable to prosecute suspect,
acc2269b0739644263892020223ef8cacec0c7b15c7806e23b75d0915f5dd233,2024-09,South Wales Police,South Wales Police,,,No Location,,,Violence and sexual offences,Under investigation,
ac8ea81cba3110a170f7fb291d6a502d1007c3cfaab8fb184e5df3dc3ff03abb,2024-09,South Wales Police,South Wales Police,,,No Location,,,Violence and sexual offences,Unable to prosecute suspect,
7c6586a9d9228c75393e02573b02645ead873bb9cb9c6d92f12f5f0753e9f6bc,2024-09,South Wales Police,South Wales Police,,,No Location,,,Violence and sexual offences,Under investigation,
28d372e12dd4c0cc6fdaf5f4dc43daa53a15f53a1c0e56338a7513e1e9fea01b,2024-09,South Wales Police,South Wales Police,,,No Location,,,Violence and sexual offences,Investigation complete; no suspect identified,
df4a9db49508fa5eece942051c1ba65defe443bea92c9febb323a7184bc28d60,2024-09,South Wales Police,South Wales Police,,,No Location,,,Violence and sexual offences,Unable to prosecute suspect,
eaf690a70e752082ffc63c1e46bfff6b2e96cc4de4b70ab97eed2b74b85e7feb,2024-09,South Wales Police,South Wales Police,,,No Location,,,Violence and sexual offences,Unable to prosecute suspect,
784afe1c4d6b019893ffd471f9b14b99c7a16b6988a74bbe9e9424ba26bb8167,2024-09,South Wales Police,South Wales Police,,,No Location,,,Violence and sexual offences,Unable to prosecute suspect,
6aa7ecc6094d24acbdf24bc071cb12796f08c3b4e7adf90527b60769e3fd72ae,2024-09,South Wales Police,South Wales Police,,,No Location,,,Violence and sexual offences,Under investigation,
1512cabbbf7acc8eafae39a571b24649b987f47974d4c693367471dd7de4f0d1,2024-09,South Wales Police,South Wales Police,,,No Location,,,Violence and sexual offences,Unable to prosecute suspect,
6ea7436ac6976fcc63aa6a6705d6c2af59af54bf7a983914b5c720440fe14780,2024-09,South Wales Police,South Wales Police,,,No Location,,,Violence and sexual offences,Unable to prosecute suspect,
be8791f094f543d47d82bc2538b486d39bf5f5c90efc25020b7960b529f30e65,2024-09,South Wales Police,South Wales Police,,,No Location,,,Violence and sexual offences,Unable to prosecute suspect,
8ab47c948425852b25b30f1a891a4e88ef6f33d8e44dfc0671834d5106dea072,2024-09,South Wales Police,South Wales Police,,,No Location,,,Violence and sexual offences,Unable to prosecute suspect,
32520b8cacac9ed62d4f38542050ed96003c31771e620197ce5f0934c51a161c,2024-09,South Wales Police,South Wales Police,,,No Location,,,Violence and sexual offences,Awaiting court outcome,
fdf22e052bfe5315422a8ae099b8a28a8a2122f2c6ad8104ecdbd0e1d5c3f904,2024-09,South Wales Police,South Wales Police,,,No Location,,,Violence and sexual offences,Unable to prosecute suspect,
954b7971e65a6ec3cd46e28abfb67bc54b09f26afe540788eea1282a2e2f6a62,2024-09,South Wales Police,South Wales Police,,,No Location,,,Violence and sexual offences,Unable to prosecute suspect,
be2dc93b4ce75a6117fd6bdb41ba88f9ee9e103b4dcf54a4d000907378bb0bc5,2024-09,South Wales Police,South Wales Police,,,No Location,,,Violence and sexual offences,Investigation complete; no suspect identified,
3c075baedfe4fdc716a5916fbe37ced4e591b391fcd128ca469579e32df83407,2024-09,South Wales Police,South Wales Police,,,No Location,,,Violence and sexual offences,Under investigation,
3446a09f4600e5958f79635e94896334bf3d9fc55bc657edbd28eccdc101e360,2024-09,South Wales Police,South Wales Police,,,No Location,,,Violence and sexual offences,Under investigation,
89cb5fbfe053af5afd9010868396c0b36ba9d2e1f42b8459a15169dec32ddbfd,2024-09,South Wales Police,South Wales Police,,,No Location,,,Violence and sexual offences,Under investigation,
ee71c9b18dac5d683be8fc4ce92c129200edecb93a26ed1d2b175b4180f1f4a0,2024-09,South Wales Police,South Wales Police,,,No Location,,,Violence and sexual offences,Awaiting court outcome,
80d913298648d4a9202f37350c7fcb9aedf66d5764877dcfc22a1677d2e1c7ff,2024-09,South Wales Police,South Wales Police,,,No Location,,,Violence and sexual offences,Unable to prosecute suspect,
1c857ca057e898038d162e6ea6d4e243537f30310638d49d7dd055f3747d26d5,2024-09,South Wales Police,South Wales Police,,,No Location,,,Violence and sexual offences,Unable to prosecute suspect,
134e27300bddef93e845b336a1134d94ed239ad239b1351c62e61487fce510a7,2024-09,South Wales Police,South Wales Police,,,No Location,,,Violence and sexual offences,Unable to prosecute suspect,
868876c7649b445d96995b046ff0320e76b573303e2cf76c83c6a512d396e53b,2024-09,South Wales Police,South Wales Police,,,No Location,,,Violence and sexual offences,Unable to prosecute suspect,
067d99477c312ed24bf20103b80d9ea2d695d10a9ed8323192196877bb939a00,2024-09,South Wales Police,South Wales Police,,,No Location,,,Violence and sexual offences,Investigation complete; no suspect identified,
a4c05a2a4d1dadf118095b3435fe87722fd2c107852ba83ebaf2b6ebe03bf923,2024-09,South Wales Police,South Wales Police,,,No Location,,,Violence and sexual offences,Unable to prosecute suspect,
d8d371eaf7544581a7b35fd56f604e57c6451db25efd14c170fe0543b921f6e3,2024-09,South Wales Police,South Wales Police,,,No Location,,,Violence and sexual offences,Awaiting court outcome,
0a881ebdb027bba8037b899a224523167f5f31a286e7575b7ed57f4f994677c3,2024-09,South Wales Police,South Wales Police,,,No Location,,,Violence and sexual offences,Unable to prosecute suspect,
617d4d0a0e49cedd1b76d3e6c18082bac9de44f4695ab4d12ebccaeeb8a432f4,2024-09,South Wales Police,South Wales Police,,,No Location,,,Violence and sexual offences,Unable to prosecute suspect,
5f09266a2b88c0f946b23378770a17886180deb73a3830dd98b67753176434f0,2024-09,South Wales Police,South Wales Police,,,No Location,,,Violence and sexual offences,Under investigation,
b1baeacf01bc95ef1d59fb3584db0818c8ec8cd789372180276d0fa586ae70a0,2024-09,South Wales Police,South Wales Police,,,No Location,,,Violence and sexual offences,Investigation complete; no suspect identified,
b0df792e8afd0af1dcc7a4c2b20c588fe6270747746b57db6f429b8bcc3a8315,2024-09,South Wales Police,South Wales Police,,,No Location,,,Violence and sexual offences,Under investigation,
91254554cf49b587300a4a29e51f18ec3c265f174627867373aa33e8e1601ed3,2024-09,South Wales Police,South Wales Police,,,No Location,,,Violence and sexual offences,Unable to prosecute suspect,
3cfde329412a717f818d27b3deaa4bfa6331f633251eb5c5a1ea64b1b42894b9,2024-09,South Wales Police,South Wales Police,,,No Location,,,Violence and sexual offences,Awaiting court outcome,
18c7581af337cd028128d3ec8f01b1865d69765f2752621603d513d25b88b7a9,2024-09,South Wales Police,South Wales Police,,,No Location,,,Violence and sexual offences,Investigation complete; no suspect identified,
36cc2e22621f8a82c15ecb5148582006f8bdec80ba99d4401ab7b19abcab7bda,2024-09,South Wales Police,South Wales Police,,,No Location,,,Violence and sexual offences,Under investigation,
97952a647d490e518a44a7abec714c13b87a56853d3465f58bc4f596b0c8b3bb,2024-09,South Wales Police,South Wales Police,,,No Location,,,Violence and sexual offences,Investigation complete; no suspect identified,
f145493cd17d1cfa263ae62779898d689c2a8fef25478e1b5ab478fbff8ac6ad,2024-09,South Wales Police,South Wales Police,,,No Location,,,Violence and sexual offences,Unable to prosecute suspect,
e37baec8a5a0e2f11469b6fb22f76cdf00730d4bb73079cd7f21b2554e9b6d10,2024-09,South Wales Police,South Wales Police,,,No Location,,,Other crime,Under investigation,
640b97bde8f516a60b9f0d98c40ceda2930070dac51d9d6c9993306447eca300,2024-09,South Wales Police,South Wales Police,,,No Location,,,Other crime,Under investigation,
09916097ceb0d4f0a676a578a44a8b246bb38065fb7ee838fe057df2e31234bd,2024-09,South Wales Police,South Wales Police,,,No Location,,,Other crime,Under investigation,
cd0ae11646e9b9929bb695db8a06119a5c4664b29ac003c7eea267ee7cc4ab71,2024-09,South Wales Police,South Wales Police,,,No Location,,,Other crime,Unable to prosecute suspect,
64a54b7482c47a7e2693235a349b3b13b52ea981ec8920558663f233101f31cd,2024-09,South Wales Police,South Wales Police,,,No Location,,,Other crime,Under investigation,
